 t       A(O)      A(F)
 0.03  6.504149  2.406862
 0.04  7.040211  2.889272
 0.05  7.341397  3.175470
 0.06  7.535678  3.372412
 0.07  7.675345  3.517709
 0.08  7.783915  3.631428
 0.09  7.872281  3.724122
 0.10  7.945861  3.801266
 0.11  8.008447  3.867936
 0.12  8.062923  3.927201
 0.13  8.111004  3.980286
 0.14  8.151715  4.026487
 0.15  8.188694  4.068812
 0.16  8.222866  4.107902
 0.17  8.254625  4.144191
 0.18  8.284172  4.177935
 0.19  8.311690  4.209281
 0.20  8.337599  4.238716
 0.21  8.362567  4.265153
 0.22  8.386316  4.288835
 0.23  8.408496  4.310691
 0.24  8.429228  4.331063
 0.25  8.448738  4.350216
 0.26  8.467089  4.368251
 0.27  8.484534  4.385419
 0.28  8.501054  4.401684
 0.29  8.516779  4.417189
 0.30  8.531828  4.432039
 0.31  8.546232  4.446266
 0.32  8.560044  4.459926
 0.33  8.573306  4.473062
 0.34  8.586082  4.485724
 0.35  8.598466  4.498201
 0.36  8.610584  4.510857
 0.37  8.622431  4.523440
 0.38  8.633985  4.535700
 0.39  8.645249  4.547647
 0.40  8.656248  4.559301
 0.41  8.667003  4.570688
 0.42  8.677520  4.581785
 0.43  8.687816  4.592674
 0.44  8.697886  4.603321
 0.45  8.707749  4.613702
 0.46  8.717413  4.623905
 0.47  8.726882  4.633900
 0.48  8.736164  4.643692
 0.49  8.745267  4.653293
 0.50  8.754198  4.662712
 0.51  8.762963  4.671954
 0.52  8.771568  4.681028
 0.53  8.780029  4.689940
 0.54  8.788308  4.698692
 0.55  8.796458  4.707297
 0.56  8.804515  4.715754
 0.57  8.812366  4.724070
 0.58  8.820138  4.732283
 0.59  8.827755  4.740394
 0.60  8.835298  4.748348
 0.61  8.842658  4.756180
 0.62  8.849951  4.763865
 0.63  8.857142  4.771465
 0.64  8.864200  4.778954
 0.65  8.871164  4.786309
 0.66  8.878031  4.793556
 0.67  8.884780  4.800708
 0.68  8.891477  4.807762
 0.69  8.898053  4.814719
 0.70  8.904519  4.821588
 0.71  8.910940  4.828368
 0.72  8.917249  4.835034
 0.73  8.923488  4.841645
 0.74  8.929651  4.848170
 0.75  8.935748  4.854597
 0.76  8.941743  4.860965
 0.77  8.947677  4.867241
 0.78  8.953542  4.873462
 0.79  8.959320  4.879594
 0.80  8.965033  4.885653
 0.81  8.970720  4.891671
 0.82  8.976349  4.897622
 0.83  8.981889  4.903526
 0.84  8.987406  4.909351
 0.85  8.992842  4.915114
 0.86  8.998226  4.920817
 0.87  9.003553  4.926438
 0.88  9.008809  4.932006
 0.89  9.014016  4.937499
 0.90  9.019171  4.942935
 0.91  9.024259  4.948303
 0.92  9.029327  4.953620
 0.93  9.034321  4.958864
 0.94  9.039277  4.964065
 0.95  9.044161  4.969195
 0.96  9.049009  4.974285
 0.97  9.053836  4.979306
 0.98  9.058604  4.984271
 0.99  9.063310  4.989194
 1.00  9.067997  4.994070
 1.01  9.072545  4.998792
 1.02  9.071686  5.003942
 1.03  9.066434  5.000013
 1.04  9.061083  4.995237
 1.05  9.055894  4.990631
 1.06  9.050830  4.986168
 1.07  9.045879  4.981828
 1.08  9.041085  4.977621
 1.09  9.036388  4.973543
 1.10  9.031816  4.969560
 1.11  9.027337  4.965664
 1.12  9.022963  4.961867
 1.13  9.018697  4.958152
 1.14  9.014512  4.954536
 1.15  9.010436  4.951002
 1.16  9.006422  4.947574
 1.17  9.002495  4.944193
 1.18  8.998656  4.940917
 1.19  8.994909  4.937691
 1.20  8.991222  4.934549
 1.21  8.987606  4.931463
 1.22  8.984059  4.928449
 1.23  8.980606  4.925483
 1.24  8.977195  4.922572
 1.25  8.973853  4.919690
 1.26  8.970585  4.916885
 1.27  8.967364  4.914116
 1.28  8.964215  4.911400
 1.29  8.961110  4.908695
 1.30  8.958056  4.906049
 1.31  8.955077  4.903437
 1.32  8.952145  4.900860
 1.33  8.949262  4.898317
 1.34  8.946428  4.895810
 1.35  8.943648  4.893343
 1.36  8.940920  4.890891
 1.37  8.938238  4.888493
 1.38  8.935583  4.886116
 1.39  8.932981  4.883776
 1.40  8.930434  4.881475
 1.41  8.927905  4.879186
 1.42  8.925436  4.876941
 1.43  8.923019  4.874731
 1.44  8.920627  4.872539
 1.45  8.918266  4.870370
 1.46  8.915958  4.868260
 1.47  8.913704  4.866141
 1.48  8.911450  4.864069
 1.49  8.909251  4.862011
 1.50  8.907081  4.859996
 1.51  8.904934  4.857997
 1.52  8.902821  4.856046
 1.53  8.900766  4.854087
 1.54  8.898735  4.852168
 1.55  8.896706  4.850275
 1.56  8.894737  4.848422
 1.57  8.892793  4.846562
 1.58  8.890881  4.844748
 1.59  8.888967  4.842956
 1.60  8.887113  4.841182
 1.61  8.885292  4.839431
 1.62  8.883469  4.837702
 1.63  8.881705  4.835987
 1.64  8.879943  4.834301
 1.65  8.878210  4.832633
 1.66  8.876507  4.830984
 1.67  8.874837  4.829359
 1.68  8.873167  4.827783
 1.69  8.871557  4.826198
 1.70  8.869951  4.824641
 1.71  8.868372  4.823101
 1.72  8.866796  4.821565
 1.73  8.865247  4.820069
 1.74  8.863734  4.818575
 1.75  8.862258  4.817131
 1.76  8.860772  4.815678
 1.77  8.859327  4.814255
 1.78  8.857874  4.812824
 1.79  8.856458  4.811445
 1.80  8.855079  4.810067
 1.81  8.853692  4.808706
 1.82  8.852342  4.807372
 1.83  8.850993  4.806065
 1.84  8.849674  4.804749
 1.85  8.848392  4.803462
 1.86  8.847112  4.802175
 1.87  8.845824  4.800933
 1.88  8.844613  4.799692
 1.89  8.843365  4.798453
 1.90  8.842148  4.797232
 1.91  8.840970  4.796040
 1.92  8.839789  4.794872
 1.93  8.838610  4.793705
 1.94  8.837467  4.792562
 1.95  8.836359  4.791417
 1.96  8.835249  4.790295
 1.97  8.834140  4.789176
 1.98  8.833063  4.788104
 1.99  8.831993  4.787011
 2.00  8.830916  4.785966
 2.01  8.829881  4.784896
 2.02  8.828877  4.783873
 2.03  8.827837  4.782826
 2.04  8.826838  4.781835
 2.05  8.825872  4.780838
 2.06  8.824908  4.779844
 2.07  8.823943  4.778875
 2.08  8.823015  4.777931
 2.09  8.822051  4.776963
 2.10  8.821159  4.776044
 2.11  8.820230  4.775127
 2.12  8.819339  4.774209
 2.13  8.818447  4.773317
 2.14  8.817593  4.772424
 2.15  8.816702  4.771533
 2.16  8.815885  4.770664
 2.17  8.815031  4.769826
 2.18  8.814216  4.768959
 2.19  8.813364  4.768151
 2.20  8.812586  4.767309
 2.21  8.811767  4.766493
 2.22  8.810991  4.765681
 2.23  8.810215  4.764896
 2.24  8.809436  4.764110
 2.25  8.808657  4.763350
 2.26  8.807917  4.762562
 2.27  8.807181  4.761833
 2.28  8.806439  4.761070
 2.29  8.805741  4.760340
 2.30  8.805001  4.759608
 2.31  8.804301  4.758904
 2.32  8.803600  4.758170
 2.33  8.802898  4.757492
 2.34  8.802237  4.756785
 2.35  8.801579  4.756110
 2.36  8.800874  4.755430
 2.37  8.800214  4.754753
 2.38  8.799595  4.754075
 2.39  8.798933  4.753426
 2.40  8.798312  4.752775
 2.41  8.797649  4.752153
 2.42  8.797026  4.751501
 2.43  8.796403  4.750877
 2.44  8.795825  4.750257
 2.45  8.795200  4.749661
 2.46  8.794621  4.749040
 2.47  8.794041  4.748447
 2.48  8.793414  4.747848
 2.49  8.792832  4.747254
 2.50  8.792292  4.746688
 2.51  8.791710  4.746122
 2.52  8.791168  4.745555
 2.53  8.790584  4.744987
 2.54  8.790046  4.744423
 2.55  8.789503  4.743884
 2.56  8.788964  4.743349
 2.57  8.788420  4.742808
 2.58  8.787922  4.742272
 2.59  8.787381  4.741734
 2.60  8.786877  4.741222
 2.61  8.786335  4.740714
 2.62  8.785835  4.740205
 2.63  8.785378  4.739695
 2.64  8.784881  4.739219
 2.65  8.784380  4.738709
 2.66  8.783920  4.738228
 2.67  8.783422  4.737751
 2.68  8.782962  4.737269
 2.69  8.782506  4.736821
 2.70  8.782045  4.736338
 2.71  8.781589  4.735889
 2.72  8.781131  4.735440
 2.73  8.780674  4.734991
 2.74  8.780259  4.734541
 2.75  8.779800  4.734121
 2.76  8.779384  4.733670
 2.77  8.778968  4.733249
 2.78  8.778556  4.732832
 2.79  8.778140  4.732411
 2.80  8.777722  4.731989
 2.81  8.777309  4.731571
 2.82  8.776918  4.731183
 2.83  8.776522  4.730791
 2.84  8.776129  4.730372
 2.85  8.775745  4.729983
 2.86  8.775357  4.729590
 2.87  8.774981  4.729231
 2.88  8.774605  4.728842
 2.89  8.774233  4.728452
 2.90  8.773870  4.728092
 2.91  8.773506  4.727733
 2.92  8.773151  4.727377
 2.93  8.772796  4.727017
 2.94  8.772444  4.726656
 2.95  8.772097  4.726296
 2.96  8.771759  4.725970
 2.97  8.771415  4.725609
 2.98  8.771085  4.725282
 2.99  8.770750  4.724951
 3.00  8.770424  4.724594
 3.01  8.770102  4.724267
 3.02  8.769779  4.723966
 3.03  8.769461  4.723639
 3.04  8.769152  4.723311
 3.05  8.768842  4.723015
 3.06  8.768532  4.722687
 3.07  8.768231  4.722389
 3.08  8.767930  4.722092
 3.09  8.767633  4.721795
 3.10  8.767340  4.721497
 3.11  8.767051  4.721199
 3.12  8.766763  4.720901
 3.13  8.766483  4.720607
 3.14  8.766198  4.720340
 3.15  8.765918  4.720041
 3.16  8.765646  4.719778
 3.17  8.765374  4.719479
 3.18  8.765102  4.719212
 3.19  8.764839  4.718948
 3.20  8.764576  4.718684
 3.21  8.764312  4.718416
 3.22  8.764058  4.718152
 3.23  8.763799  4.717884
 3.24  8.763548  4.717651
 3.25  8.763298  4.717386
 3.26  8.763052  4.717122
 3.27  8.762805  4.716884
 3.28  8.762563  4.716651
 3.29  8.762326  4.716386
 3.30  8.762092  4.716152
 3.31  8.761859  4.715919
 3.32  8.761626  4.715685
 3.33  8.761397  4.715451
 3.34  8.761172  4.715217
 3.35  8.760947  4.714983
 3.36  8.760727  4.714780
 3.37  8.760506  4.714546
 3.38  8.760295  4.714347
 3.39  8.760079  4.714113
 3.40  8.759867  4.713910
 3.41  8.759655  4.713675
 3.42  8.759452  4.713476
 3.43  8.759245  4.713273
 3.44  8.759042  4.713070
 3.45  8.758843  4.712871
 3.46  8.758644  4.712667
 3.47  8.758450  4.712468
 3.48  8.758256  4.712264
 3.49  8.758066  4.712065
 3.50  8.757871  4.711861
 3.51  8.757686  4.711661
 3.52  8.757504  4.711494
 3.53  8.757314  4.711289
 3.54  8.757138  4.711122
 3.55  8.756956  4.710922
 3.56  8.756779  4.710749
 3.57  8.756603  4.710581
 3.58  8.756430  4.710381
 3.59  8.756258  4.710213
 3.60  8.756090  4.710045
 3.61  8.755922  4.709876
 3.62  8.755754  4.709703
 3.63  8.755590  4.709535
 3.64  8.755426  4.709366
 3.65  8.755267  4.709198
 3.66  8.755108  4.709029
 3.67  8.754949  4.708892
 3.68  8.754794  4.708723
 3.69  8.754639  4.708555
 3.70  8.754489  4.708418
 3.71  8.754338  4.708249
 3.72  8.754192  4.708116
 3.73  8.754042  4.707947
 3.74  8.753896  4.707810
 3.75  8.753755  4.707673
 3.76  8.753609  4.707504
 3.77  8.753472  4.707371
 3.78  8.753330  4.707234
 3.79  8.753193  4.707097
 3.80  8.753056  4.706927
 3.81  8.752923  4.706795
 3.82  8.752786  4.706657
 3.83  8.752654  4.706520
 3.84  8.752526  4.706387
 3.85  8.752397  4.706281
 3.86  8.752269  4.706148
 3.87  8.752141  4.706011
 3.88  8.752018  4.705873
 3.89  8.751894  4.705740
 3.90  8.751770  4.705635
 3.91  8.751651  4.705501
 3.92  8.751527  4.705364
 3.93  8.751413  4.705263
 3.94  8.751294  4.705125
 3.95  8.751179  4.705024
 3.96  8.751069  4.704890
 3.97  8.750949  4.704785
 3.98  8.750839  4.704683
 3.99  8.750725  4.704545
 4.00  8.750619  4.704444
 4.01  8.750513  4.704343
 4.02  8.750403  4.704205
 4.03  8.750297  4.704103
 4.04  8.750192  4.704002
 4.05  8.750091  4.703901
 4.06  8.749985  4.703795
 4.07  8.749884  4.703693
 4.08  8.749782  4.703592
 4.09  8.749686  4.703491
 4.10  8.749585  4.703385
 4.11  8.749488  4.703283
 4.12  8.749391  4.703182
 4.13  8.749299  4.703080
 4.14  8.749202  4.702978
 4.15  8.749110  4.702877
 4.16  8.749014  4.702803
 4.17  8.748926  4.702701
 4.18  8.748834  4.702600
 4.19  8.748746  4.702498
 4.20  8.748659  4.702429
 4.21  8.748571  4.702327
 4.22  8.748483  4.702225
 4.23  8.748400  4.702156
 4.24  8.748313  4.702054
 4.25  8.748230  4.701985
 4.26  8.748147  4.701883
 4.27  8.748068  4.701814
 4.28  8.747985  4.701712
 4.29  8.747907  4.701643
 4.30  8.747823  4.701573
 4.31  8.747745  4.701471
 4.32  8.747666  4.701402
 4.33  8.747592  4.701300
 4.34  8.747514  4.701231
 4.35  8.747440  4.701161
 4.36  8.747371  4.701096
 4.37  8.747297  4.700994
 4.38  8.747223  4.700925
 4.39  8.747149  4.700855
 4.40  8.747075  4.700786
 4.41  8.747005  4.700716
 4.42  8.746936  4.700646
 4.43  8.746871  4.700581
 4.44  8.746802  4.700479
 4.45  8.746732  4.700410
 4.46  8.746663  4.700340
 4.47  8.746598  4.700271
 4.48  8.746533  4.700205
 4.49  8.746468  4.700136
 4.50  8.746403  4.700066
 4.51  8.746339  4.700029
 4.52  8.746278  4.699964
 4.53  8.746218  4.699894
 4.54  8.746153  4.699825
 4.55  8.746093  4.699755
 4.56  8.746037  4.699690
 4.57  8.745977  4.699620
 4.58  8.745917  4.699583
 4.59  8.745861  4.699518
 4.60  8.745801  4.699448
 4.61  8.745745  4.699378
 4.62  8.745689  4.699346
 4.63  8.745634  4.699276
 4.64  8.745578  4.699206
 4.65  8.745527  4.699174
 4.66  8.745471  4.699104
 4.67  8.745420  4.699071
 4.68  8.745365  4.699002
 4.69  8.745314  4.698932
 4.70  8.745262  4.698899
 4.71  8.745211  4.698829
 4.72  8.745165  4.698797
 4.73  8.745109  4.698727
 4.74  8.745058  4.698690
 4.75  8.745016  4.698624
 4.76  8.744965  4.698587
 4.77  8.744919  4.698522
 4.78  8.744872  4.698485
 4.79  8.744826  4.698419
 4.80  8.744779  4.698382
 4.81  8.744737  4.698349
 4.82  8.744686  4.698280
 4.83  8.744644  4.698247
 4.84  8.744598  4.698210
 4.85  8.744561  4.698144
 4.86  8.744514  4.698107
 4.87  8.744472  4.698074
 4.88  8.744431  4.698005
 4.89  8.744389  4.697972
 4.90  8.744347  4.697935
 4.91  8.744305  4.697902
 4.92  8.744263  4.697832
 4.93  8.744226  4.697799
 4.94  8.744189  4.697766
 4.95  8.744147  4.697729
 4.96  8.744109  4.697664
 4.97  8.744072  4.697627
 4.98  8.744035  4.697594
 4.99  8.743998  4.697557
 5.00  8.743961  4.697524
 5.01  8.743928  4.697491
 5.02  8.743886  4.697454
 5.03  8.743853  4.697421
 5.04  8.743816  4.697351
 5.05  8.743784  4.697318
 5.06  8.743751  4.697286
 5.07  8.743714  4.697248
 5.08  8.743681  4.697216
 5.09  8.743648  4.697183
 5.10  8.743616  4.697145
 5.11  8.743583  4.697113
 5.12  8.743555  4.697080
 5.13  8.743518  4.697043
 5.14  8.743490  4.697010
 5.15  8.743462  4.696977
 5.16  8.743425  4.696940
 5.17  8.743397  4.696907
 5.18  8.743369  4.696874
 5.19  8.743336  4.696870
 5.20  8.743308  4.696837
 5.21  8.743280  4.696804
 5.22  8.743248  4.696767
 5.23  8.743224  4.696734
 5.24  8.743196  4.696701
 5.25  8.743168  4.696668
 5.26  8.743140  4.696631
 5.27  8.743112  4.696598
 5.28  8.743089  4.696598
 5.29  8.743056  4.696561
 5.30  8.743033  4.696528
 5.31  8.743010  4.696495
 5.32  8.742986  4.696463
 5.33  8.742958  4.696458
 5.34  8.742935  4.696425
 5.35  8.742912  4.696392
 5.36  8.742888  4.696360
 5.37  8.742860  4.696322
 5.38  8.742837  4.696322
 5.39  8.742814  4.696289
 5.40  8.742790  4.696257
 5.41  8.742767  4.696252
 5.42  8.742744  4.696219
 5.43  8.742720  4.696186
 5.44  8.742702  4.696154
 5.45  8.742678  4.696154
 5.46  8.742655  4.696116
 5.47  8.742632  4.696083
 5.48  8.742613  4.696083
 5.49  8.742594  4.696050
 5.50  8.742571  4.696013
 5.51  8.742547  4.696013
 5.52  8.742529  4.695980
 5.53  8.742510  4.695947
 5.54  8.742491  4.695947
 5.55  8.742473  4.695915
 5.56  8.742449  4.695877
 5.57  8.742431  4.695877
 5.58  8.742417  4.695844
 5.59  8.742398  4.695844
 5.60  8.742379  4.695811
 5.61  8.742356  4.695774
 5.62  8.742342  4.695774
 5.63  8.742323  4.695741
 5.64  8.742304  4.695741
 5.65  8.742290  4.695708
 5.66  8.742272  4.695708
 5.67  8.742253  4.695671
 5.68  8.742234  4.695671
 5.69  8.742220  4.695638
 5.70  8.742206  4.695605
 5.71  8.742192  4.695605
 5.72  8.742174  4.695572
 5.73  8.742159  4.695572
 5.74  8.742141  4.695535
 5.75  8.742127  4.695535
 5.76  8.742113  4.695502
 5.77  8.742099  4.695502
 5.78  8.742085  4.695469
 5.79  8.742071  4.695469
 5.80  8.742057  4.695436
 5.81  8.742043  4.695436
 5.82  8.742024  4.695432
 5.83  8.742010  4.695399
 5.84  8.741996  4.695399
 5.85  8.741987  4.695366
 5.86  8.741972  4.695366
 5.87  8.741958  4.695333
 5.88  8.741944  4.695333
 5.89  8.741935  4.695300
 5.90  8.741921  4.695300
 5.91  8.741907  4.695296
 5.92  8.741893  4.695263
 5.93  8.741884  4.695263
 5.94  8.741870  4.695230
 5.95  8.741860  4.695230
 5.96  8.741846  4.695230
 5.97  8.741837  4.695197
 5.98  8.741827  4.695197
 5.99  8.741813  4.695164
 6.00  8.741804  4.695164
 6.01  8.741795  4.695164
 6.02  8.741785  4.695131
 6.03  8.741767  4.695127
 6.04  8.741757  4.695127
 6.05  8.741748  4.695094
 6.06  8.741739  4.695094
 6.07  8.741729  4.695094
 6.08  8.741720  4.695061
 6.09  8.741710  4.695061
 6.10  8.741701  4.695028
 6.11  8.741692  4.695028
 6.12  8.741682  4.695028
 6.13  8.741673  4.695028
 6.14  8.741664  4.694995
 6.15  8.741654  4.694995
 6.16  8.741645  4.694995
 6.17  8.741631  4.694957
 6.18  8.741626  4.694957
 6.19  8.741617  4.694957
 6.20  8.741607  4.694924
 6.21  8.741598  4.694924
 6.22  8.741593  4.694924
 6.23  8.741584  4.694892
 6.24  8.741575  4.694892
 6.25  8.741570  4.694892
 6.26  8.741561  4.694892
 6.27  8.741556  4.694859
 6.28  8.741546  4.694859
 6.29  8.741537  4.694859
 6.30  8.741532  4.694859
 6.31  8.741523  4.694826
 6.32  8.741518  4.694826
 6.33  8.741509  4.694826
 6.34  8.741504  4.694793
 6.35  8.741500  4.694793
 6.36  8.741490  4.694793
 6.37  8.741485  4.694793
 6.38  8.741476  4.694760
 6.39  8.741471  4.694760
 6.40  8.741467  4.694760
 6.41  8.741457  4.694760
 6.42  8.741448  4.694755
 6.43  8.741443  4.694722
 6.44  8.741439  4.694722
 6.45  8.741429  4.694722
 6.46  8.741425  4.694722
 6.47  8.741420  4.694689
 6.48  8.741415  4.694689
 6.49  8.741411  4.694689
 6.50  8.741406  4.694689
 6.51  8.741397  4.694689
 6.52  8.741392  4.694656
 6.53  8.741387  4.694656
 6.54  8.741382  4.694656
 6.55  8.741378  4.694656
 6.56  8.741373  4.694656
 6.57  8.741368  4.694623
 6.58  8.741364  4.694623
 6.59  8.741359  4.694623
 6.60  8.741354  4.694623
 6.61  8.741350  4.694623
 6.62  8.741345  4.694591
 6.63  8.741340  4.694591
 6.64  8.741336  4.694591
 6.65  8.741331  4.694591
 6.66  8.741326  4.694591
 6.67  8.741326  4.694591
 6.68  8.741321  4.694558
 6.69  8.741317  4.694558
 6.70  8.741312  4.694558
 6.71  8.741307  4.694558
 6.72  8.741303  4.694558
 6.73  8.741298  4.694558
 6.74  8.741298  4.694525
 6.75  8.741293  4.694525
 6.76  8.741289  4.694525
 6.77  8.741284  4.694525
 6.78  8.741284  4.694525
 6.79  8.741279  4.694525
 6.80  8.741275  4.694525
 6.81  8.741275  4.694492
 6.82  8.741270  4.694492
 6.83  8.741265  4.694492
 6.84  8.741260  4.694492
 6.85  8.741260  4.694492
 6.86  8.741256  4.694492
 6.87  8.741256  4.694492
 6.88  8.741251  4.694459
 6.89  8.741246  4.694459
 6.90  8.741246  4.694459
 6.91  8.741242  4.694459
 6.92  8.741237  4.694459
 6.93  8.741237  4.694459
 6.94  8.741232  4.694459
 6.95  8.741232  4.694426
 6.96  8.741228  4.694426
 6.97  8.741223  4.694426
 6.98  8.741223  4.694426
 6.99  8.741218  4.694426
 7.00  8.741218  4.694426
 7.01  8.741214  4.694426
 7.02  8.741214  4.694426
 7.03  8.741209  4.694426
 7.04  8.741213  4.694397
 7.05  8.741209  4.694397
 7.06  8.741209  4.694397
 7.07  8.741204  4.694397
 7.08  8.741204  4.694397
 7.09  8.741199  4.694397
 7.10  8.741199  4.694397
 7.11  8.741199  4.694397
 7.12  8.741195  4.694397
 7.13  8.741195  4.694364
 7.14  8.741190  4.694364
 7.15  8.741190  4.694364
 7.16  8.741190  4.694364
 7.17  8.741185  4.694364
 7.18  8.741185  4.694364
 7.19  8.741181  4.694364
 7.20  8.741181  4.694364
 7.21  8.741181  4.694364
 7.22  8.741176  4.694364
 7.23  8.741176  4.694364
 7.24  8.741176  4.694331
 7.25  8.741171  4.694331
 7.26  8.741171  4.694331
 7.27  8.741171  4.694331
 7.28  8.741171  4.694331
 7.29  8.741166  4.694331
 7.30  8.741166  4.694331
 7.31  8.741166  4.694331
 7.32  8.741162  4.694331
 7.33  8.741162  4.694331
 7.34  8.741162  4.694331
 7.35  8.741162  4.694331
 7.36  8.741162  4.694331
 7.37  8.741157  4.694298
 7.38  8.741157  4.694298
 7.39  8.741157  4.694298
 7.40  8.741157  4.694298
 7.41  8.741152  4.694298
 7.42  8.741152  4.694298
 7.43  8.741157  4.694303
 7.44  8.741157  4.694303
 7.45  8.741157  4.694303
 7.46  8.741157  4.694303
 7.47  8.741152  4.694303
 7.48  8.741152  4.694303
 7.49  8.741152  4.694303
 7.50  8.741152  4.694303
 7.51  8.741152  4.694303
 7.52  8.741152  4.694303
 7.53  8.741152  4.694270
 7.54  8.741152  4.694270
 7.55  8.741147  4.694270
 7.56  8.741147  4.694270
 7.57  8.741147  4.694270
 7.58  8.741147  4.694270
 7.59  8.741147  4.694270
 7.60  8.741147  4.694270
 7.61  8.741147  4.694270
 7.62  8.741147  4.694270
 7.63  8.741147  4.694270
 7.64  8.741147  4.694270
 7.65  8.741147  4.694270
 7.66  8.741147  4.694270
 7.67  8.741147  4.694270
 7.68  8.741147  4.694270
 7.69  8.741147  4.694274
 7.70  8.741147  4.694274
 7.71  8.741147  4.694274
 7.72  8.741147  4.694274
 7.73  8.741147  4.694274
 7.74  8.741147  4.694241
 7.75  8.741147  4.694241
 7.76  8.741147  4.694241
 7.77  8.741147  4.694241
 7.78  8.741147  4.694241
 7.79  8.741147  4.694241
 7.80  8.741147  4.694241
 7.81  8.741147  4.694241
 7.82  8.741147  4.694241
 7.83  8.741147  4.694241
 7.84  8.741147  4.694241
 7.85  8.741152  4.694241
 7.86  8.741152  4.694241
 7.87  8.741152  4.694241
 7.88  8.741152  4.694241
 7.89  8.741152  4.694241
 7.90  8.741152  4.694241
 7.91  8.741156  4.694246
 7.92  8.741156  4.694246
 7.93  8.741156  4.694246
 7.94  8.741156  4.694246
 7.95  8.741156  4.694246
 7.96  8.741156  4.694246
 7.97  8.741156  4.694246
 7.98  8.741156  4.694246
 7.99  8.741156  4.694246
 8.00  8.741156  4.694246
 8.01  8.741161  4.694246
 8.02  8.741161  4.694246
 8.03  8.741161  4.694246
 8.04  8.741161  4.694246
 8.05  8.741161  4.694246
 8.06  8.741161  4.694246
 8.07  8.741161  4.694246
 8.08  8.741161  4.694213
 8.09  8.741161  4.694213
 8.10  8.741166  4.694213
 8.11  8.741166  4.694213
 8.12  8.741170  4.694217
 8.13  8.741170  4.694217
 8.14  8.741170  4.694217
 8.15  8.741170  4.694217
 8.16  8.741170  4.694217
 8.17  8.741170  4.694217
 8.18  8.741175  4.694217
 8.19  8.741175  4.694217
 8.20  8.741175  4.694217
 8.21  8.741175  4.694217
 8.22  8.741175  4.694217
 8.23  8.741175  4.694217
 8.24  8.741180  4.694217
 8.25  8.741180  4.694217
 8.26  8.741180  4.694217
 8.27  8.741180  4.694217
 8.28  8.741180  4.694217
 8.29  8.741180  4.694217
 8.30  8.741184  4.694217
 8.31  8.741184  4.694217
 8.32  8.741189  4.694222
 8.33  8.741189  4.694222
 8.34  8.741189  4.694222
 8.35  8.741189  4.694222
 8.36  8.741194  4.694222
 8.37  8.741194  4.694222
 8.38  8.741194  4.694222
 8.39  8.741194  4.694222
 8.40  8.741194  4.694222
 8.41  8.741198  4.694222
 8.42  8.741198  4.694222
 8.43  8.741198  4.694222
 8.44  8.741198  4.694222
 8.45  8.741198  4.694222
 8.46  8.741203  4.694222
 8.47  8.741203  4.694222
 8.48  8.741203  4.694222
 8.49  8.741203  4.694222
 8.50  8.741203  4.694222
 8.51  8.741208  4.694222
 8.52  8.741212  4.694226
 8.53  8.741212  4.694226
 8.54  8.741212  4.694226
 8.55  8.741217  4.694226
 8.56  8.741217  4.694226
 8.57  8.741217  4.694226
 8.58  8.741217  4.694226
 8.59  8.741217  4.694226
 8.60  8.741222  4.694226
 8.61  8.741222  4.694226
 8.62  8.741222  4.694226
 8.63  8.741222  4.694226
 8.64  8.741226  4.694226
 8.65  8.741226  4.694226
 8.66  8.741226  4.694226
 8.67  8.741226  4.694226
 8.68  8.741231  4.694226
 8.69  8.741231  4.694226
 8.70  8.741231  4.694226
 8.71  8.741235  4.694231
 8.72  8.741240  4.694231
 8.73  8.741240  4.694231
 8.74  8.741240  4.694231
 8.75  8.741240  4.694231
 8.76  8.741245  4.694231
 8.77  8.741245  4.694231
 8.78  8.741245  4.694231
 8.79  8.741245  4.694231
 8.80  8.741250  4.694231
 8.81  8.741250  4.694231
 8.82  8.741250  4.694231
 8.83  8.741250  4.694231
 8.84  8.741254  4.694231
 8.85  8.741254  4.694231
 8.86  8.741254  4.694231
 8.87  8.741254  4.694231
 8.88  8.741259  4.694231
 8.89  8.741263  4.694235
 8.90  8.741263  4.694235
 8.91  8.741268  4.694235
 8.92  8.741268  4.694235
 8.93  8.741268  4.694235
 8.94  8.741268  4.694235
 8.95  8.741273  4.694235
 8.96  8.741273  4.694235
 8.97  8.741273  4.694235
 8.98  8.741273  4.694235
 8.99  8.741277  4.694235
 9.00  8.741277  4.694235
 9.01  8.741277  4.694235
 9.02  8.741282  4.694235
 9.03  8.741282  4.694235
 9.04  8.741282  4.694235
 9.05  8.741282  4.694235
 9.06  8.741287  4.694235
 9.07  8.741287  4.694235
 9.08  8.741291  4.694240
 9.09  8.741296  4.694240
 9.10  8.741296  4.694240
 9.11  8.741296  4.694240
 9.12  8.741296  4.694240
 9.13  8.741301  4.694240
 9.14  8.741301  4.694240
 9.15  8.741301  4.694240
 9.16  8.741305  4.694240
 9.17  8.741305  4.694240
 9.18  8.741305  4.694240
 9.19  8.741310  4.694240
 9.20  8.741310  4.694240
 9.21  8.741310  4.694240
 9.22  8.741310  4.694240
 9.23  8.741315  4.694240
 9.24  8.741315  4.694240
 9.25  8.741315  4.694240
 9.26  8.741324  4.694244
 9.27  8.741324  4.694244
 9.28  8.741324  4.694244
 9.29  8.741329  4.694244
 9.30  8.741329  4.694244
 9.31  8.741329  4.694244
 9.32  8.741329  4.694244
 9.33  8.741333  4.694244
 9.34  8.741333  4.694244
 9.35  8.741333  4.694244
 9.36  8.741338  4.694244
 9.37  8.741338  4.694277
 9.38  8.741338  4.694277
 9.39  8.741343  4.694277
 9.40  8.741343  4.694277
 9.41  8.741343  4.694277
 9.42  8.741347  4.694277
 9.43  8.741347  4.694277
 9.44  8.741352  4.694282
 9.45  8.741357  4.694282
 9.46  8.741357  4.694282
 9.47  8.741357  4.694282
 9.48  8.741361  4.694282
 9.49  8.741361  4.694282
 9.50  8.741361  4.694282
 9.51  8.741366  4.694282
 9.52  8.741366  4.694282
 9.53  8.741366  4.694282
 9.54  8.741366  4.694282
 9.55  8.741371  4.694282
 9.56  8.741371  4.694282
 9.57  8.741371  4.694282
 9.58  8.741375  4.694282
 9.59  8.741375  4.694282
 9.60  8.741375  4.694282
 9.61  8.741380  4.694282
 9.62  8.741380  4.694282
 9.63  8.741385  4.694286
 9.64  8.741389  4.694286
 9.65  8.741389  4.694286
 9.66  8.741389  4.694286
 9.67  8.741394  4.694286
 9.68  8.741394  4.694286
 9.69  8.741394  4.694286
 9.70  8.741399  4.694286
 9.71  8.741399  4.694286
 9.72  8.741399  4.694286
 9.73  8.741403  4.694286
 9.74  8.741403  4.694286
 9.75  8.741403  4.694286
 9.76  8.741408  4.694286
 9.77  8.741408  4.694286
 9.78  8.741408  4.694286
 9.79  8.741413  4.694286
 9.80  8.741413  4.694286
 9.81  8.741417  4.694291
 9.82  8.741422  4.694291
 9.83  8.741422  4.694291
 9.84  8.741422  4.694291
 9.85  8.741427  4.694291
 9.86  8.741427  4.694291
 9.87  8.741427  4.694291
 9.88  8.741431  4.694291
 9.89  8.741431  4.694291
 9.90  8.741431  4.694291
 9.91  8.741436  4.694291
 9.92  8.741436  4.694291
 9.93  8.741436  4.694291
 9.94  8.741441  4.694291
 9.95  8.741441  4.694291
 9.96  8.741441  4.694291
 9.97  8.741445  4.694291
 9.98  8.741445  4.694291
 9.99  8.741445  4.694291
10.00  8.741455  4.694295
10.01  8.741455  4.694328
10.02  8.741455  4.694328
10.03  8.741459  4.694328
10.04  8.741459  4.694328
10.05  8.741459  4.694328
10.06  8.741464  4.694328
10.07  8.741464  4.694328
10.08  8.741464  4.694328
10.09  8.741469  4.694328
10.10  8.741469  4.694328
10.11  8.741469  4.694328
10.12  8.741473  4.694328
10.13  8.741473  4.694328
10.14  8.741473  4.694328
10.15  8.741478  4.694328
10.16  8.741478  4.694328
10.17  8.741478  4.694328
10.18  8.741483  4.694328
10.19  8.741487  4.694333
10.20  8.741487  4.694333
10.21  8.741492  4.694333
10.22  8.741492  4.694333
10.23  8.741492  4.694333
10.24  8.741497  4.694333
10.25  8.741497  4.694333
10.26  8.741497  4.694333
10.27  8.741501  4.694333
10.28  8.741501  4.694333
10.29  8.741501  4.694333
10.30  8.741501  4.694333
10.31  8.741506  4.694333
10.32  8.741506  4.694333
10.33  8.741506  4.694333
10.34  8.741511  4.694333
10.35  8.741511  4.694333
10.36  8.741511  4.694333
10.37  8.741515  4.694333
10.38  8.741515  4.694333
10.39  8.741520  4.694337
10.40  8.741525  4.694337
10.41  8.741525  4.694337
10.42  8.741525  4.694337
10.43  8.741529  4.694337
10.44  8.741529  4.694337
10.45  8.741529  4.694337
10.46  8.741534  4.694337
10.47  8.741534  4.694337
10.48  8.741534  4.694337
10.49  8.741539  4.694337
10.50  8.741539  4.694337
10.51  8.741539  4.694337
10.52  8.741543  4.694337
10.53  8.741543  4.694337
10.54  8.741543  4.694337
10.55  8.741548  4.694337
10.56  8.741548  4.694337
10.57  8.741548  4.694337
10.58  8.741553  4.694370
10.59  8.741557  4.694375
10.60  8.741557  4.694375
10.61  8.741562  4.694375
10.62  8.741562  4.694375
10.63  8.741562  4.694375
10.64  8.741567  4.694375
10.65  8.741567  4.694375
10.66  8.741567  4.694375
10.67  8.741567  4.694375
10.68  8.741571  4.694375
10.69  8.741571  4.694375
10.70  8.741571  4.694375
10.71  8.741576  4.694375
10.72  8.741576  4.694375
10.73  8.741576  4.694375
10.74  8.741581  4.694375
10.75  8.741581  4.694375
10.76  8.741581  4.694375
10.77  8.741585  4.694375
10.78  8.741585  4.694375
10.79  8.741585  4.694375
10.80  8.741595  4.694379
10.81  8.741595  4.694379
10.82  8.741595  4.694379
10.83  8.741599  4.694379
10.84  8.741599  4.694379
10.85  8.741599  4.694379
10.86  8.741604  4.694379
10.87  8.741604  4.694379
10.88  8.741604  4.694379
10.89  8.741604  4.694379
10.90  8.741609  4.694379
10.91  8.741609  4.694379
10.92  8.741609  4.694379
10.93  8.741613  4.694379
10.94  8.741613  4.694379
10.95  8.741613  4.694379
10.96  8.741618  4.694379
10.97  8.741618  4.694379
10.98  8.741618  4.694379
10.99  8.741623  4.694379
11.00  8.741623  4.694379
11.01  8.741627  4.694384
11.02  8.741632  4.694384
11.03  8.741632  4.694384
11.04  8.741632  4.694384
11.05  8.741632  4.694384
11.06  8.741637  4.694384
11.07  8.741637  4.694384
11.08  8.741637  4.694384
11.09  8.741641  4.694384
11.10  8.741641  4.694384
11.11  8.741641  4.694384
11.12  8.741646  4.694384
11.13  8.741646  4.694384
11.14  8.741646  4.694384
11.15  8.741651  4.694417
11.16  8.741651  4.694417
11.17  8.741651  4.694417
11.18  8.741651  4.694417
11.19  8.741655  4.694417
11.20  8.741655  4.694417
11.21  8.741655  4.694417
11.22  8.741664  4.694421
11.23  8.741664  4.694421
11.24  8.741664  4.694421
11.25  8.741669  4.694421
11.26  8.741669  4.694421
11.27  8.741669  4.694421
11.28  8.741674  4.694421
11.29  8.741674  4.694421
11.30  8.741674  4.694421
11.31  8.741674  4.694421
11.32  8.741679  4.694421
11.33  8.741679  4.694421
11.34  8.741679  4.694421
11.35  8.741683  4.694421
11.36  8.741683  4.694421
11.37  8.741683  4.694421
11.38  8.741688  4.694421
11.39  8.741688  4.694421
11.40  8.741688  4.694421
11.41  8.741688  4.694421
11.42  8.741693  4.694421
11.43  8.741693  4.694421
11.44  8.741693  4.694421
11.45  8.741702  4.694426
11.46  8.741702  4.694426
11.47  8.741702  4.694426
11.48  8.741707  4.694426
11.49  8.741707  4.694426
11.50  8.741707  4.694426
11.51  8.741707  4.694426
11.52  8.741711  4.694426
11.53  8.741711  4.694426
11.54  8.741711  4.694426
11.55  8.741716  4.694426
11.56  8.741716  4.694426
11.57  8.741716  4.694426
11.58  8.741721  4.694426
11.59  8.741721  4.694426
11.60  8.741721  4.694426
11.61  8.741721  4.694426
11.62  8.741725  4.694426
11.63  8.741725  4.694426
11.64  8.741725  4.694426
11.65  8.741730  4.694426
11.66  8.741730  4.694426
11.67  8.741730  4.694426
11.68  8.741734  4.694430
11.69  8.741739  4.694430
11.70  8.741739  4.694430
11.71  8.741739  4.694430
11.72  8.741744  4.694430
11.73  8.741744  4.694430
11.74  8.741744  4.694463
11.75  8.741749  4.694463
11.76  8.741749  4.694463
11.77  8.741749  4.694463
11.78  8.741749  4.694463
11.79  8.741753  4.694463
11.80  8.741753  4.694463
11.81  8.741753  4.694463
11.82  8.741758  4.694463
11.83  8.741758  4.694463
11.84  8.741758  4.694463
11.85  8.741758  4.694463
11.86  8.741763  4.694463
11.87  8.741763  4.694463
11.88  8.741763  4.694463
11.89  8.741767  4.694463
11.90  8.741767  4.694463
11.91  8.741767  4.694463
11.92  8.741772  4.694468
11.93  8.741776  4.694468
11.94  8.741776  4.694468
11.95  8.741776  4.694468
11.96  8.741781  4.694468
11.97  8.741781  4.694468
11.98  8.741781  4.694468
11.99  8.741781  4.694468
12.00  8.741786  4.694468
12.01  8.741786  4.694468
12.02  8.741786  4.694468
12.03  8.741791  4.694468
12.04  8.741791  4.694468
12.05  8.741791  4.694468
12.06  8.741791  4.694468
12.07  8.741795  4.694468
12.08  8.741795  4.694468
12.09  8.741795  4.694468
12.10  8.741800  4.694468
12.11  8.741800  4.694468
12.12  8.741800  4.694468
12.13  8.741800  4.694468
12.14  8.741805  4.694468
12.15  8.741805  4.694468
12.16  8.741805  4.694468
12.17  8.741809  4.694472
12.18  8.741814  4.694472
12.19  8.741814  4.694472
12.20  8.741814  4.694472
12.21  8.741818  4.694472
12.22  8.741818  4.694472
12.23  8.741818  4.694472
12.24  8.741818  4.694472
12.25  8.741823  4.694472
12.26  8.741823  4.694472
12.27  8.741823  4.694472
12.28  8.741828  4.694472
12.29  8.741828  4.694472
12.30  8.741828  4.694472
12.31  8.741828  4.694472
12.32  8.741833  4.694472
12.33  8.741833  4.694472
12.34  8.741833  4.694472
12.35  8.741833  4.694472
12.36  8.741837  4.694472
12.37  8.741837  4.694505
12.38  8.741837  4.694505
12.39  8.741842  4.694505
12.40  8.741842  4.694505
12.41  8.741842  4.694505
12.42  8.741842  4.694505
12.43  8.741847  4.694505
12.44  8.741851  4.694510
12.45  8.741851  4.694510
12.46  8.741851  4.694510
12.47  8.741856  4.694510
12.48  8.741856  4.694510
12.49  8.741856  4.694510
12.50  8.741860  4.694510
12.51  8.741860  4.694510
12.52  8.741860  4.694510
12.53  8.741860  4.694510
12.54  8.741865  4.694510
12.55  8.741865  4.694510
12.56  8.741865  4.694510
12.57  8.741865  4.694510
12.58  8.741870  4.694510
12.59  8.741870  4.694510
12.60  8.741870  4.694510
12.61  8.741875  4.694510
12.62  8.741875  4.694510
12.63  8.741875  4.694510
12.64  8.741875  4.694510
12.65  8.741879  4.694510
12.66  8.741879  4.694510
12.67  8.741879  4.694510
12.68  8.741879  4.694510
12.69  8.741884  4.694510
12.70  8.741888  4.694514
12.71  8.741888  4.694514
12.72  8.741888  4.694514
12.73  8.741893  4.694514
12.74  8.741893  4.694514
12.75  8.741893  4.694514
12.76  8.741898  4.694514
12.77  8.741898  4.694514
12.78  8.741898  4.694514
12.79  8.741898  4.694514
12.80  8.741902  4.694514
12.81  8.741902  4.694514
12.82  8.741902  4.694514
12.83  8.741902  4.694514
12.84  8.741907  4.694514
12.85  8.741907  4.694514
12.86  8.741907  4.694514
12.87  8.741907  4.694514
12.88  8.741912  4.694514
12.89  8.741912  4.694514
12.90  8.741912  4.694514
12.91  8.741912  4.694514
12.92  8.741917  4.694514
12.93  8.741917  4.694514
12.94  8.741917  4.694514
12.95  8.741917  4.694514
12.96  8.741921  4.694514
12.97  8.741921  4.694514
12.98  8.741921  4.694514
12.99  8.741926  4.694519
13.00  8.741930  4.694519
13.01  8.741930  4.694519
13.02  8.741930  4.694519
13.03  8.741930  4.694519
13.04  8.741935  4.694519
13.05  8.741935  4.694552
13.06  8.741935  4.694552
13.07  8.741935  4.694552
13.08  8.741940  4.694552
13.09  8.741940  4.694552
13.10  8.741940  4.694552
13.11  8.741940  4.694552
13.12  8.741944  4.694552
13.13  8.741944  4.694552
13.14  8.741944  4.694552
13.15  8.741944  4.694552
13.16  8.741949  4.694552
13.17  8.741949  4.694552
13.18  8.741949  4.694552
13.19  8.741949  4.694552
13.20  8.741954  4.694552
13.21  8.741954  4.694552
13.22  8.741954  4.694552
13.23  8.741954  4.694552
13.24  8.741959  4.694552
13.25  8.741959  4.694552
13.26  8.741959  4.694552
13.27  8.741959  4.694552
13.28  8.741963  4.694552
13.29  8.741968  4.694556
13.30  8.741968  4.694556
13.31  8.741968  4.694556
13.32  8.741972  4.694556
13.33  8.741972  4.694556
13.34  8.741972  4.694556
13.35  8.741972  4.694556
13.36  8.741977  4.694556
13.37  8.741977  4.694556
13.38  8.741977  4.694556
13.39  8.741977  4.694556
13.40  8.741982  4.694556
13.41  8.741982  4.694556
13.42  8.741982  4.694556
13.43  8.741982  4.694556
13.44  8.741986  4.694556
13.45  8.741986  4.694556
13.46  8.741986  4.694556
13.47  8.741986  4.694556
13.48  8.741991  4.694556
13.49  8.741991  4.694556
13.50  8.741991  4.694556
13.51  8.741991  4.694556
13.52  8.741996  4.694556
13.53  8.741996  4.694556
13.54  8.741996  4.694556
13.55  8.741996  4.694556
13.56  8.742000  4.694556
13.57  8.742000  4.694556
13.58  8.742000  4.694556
13.59  8.742000  4.694556
13.60  8.742005  4.694556
13.61  8.742005  4.694556
13.62  8.742005  4.694556
13.63  8.742010  4.694561
13.64  8.742010  4.694561
13.65  8.742014  4.694561
13.66  8.742014  4.694561
13.67  8.742014  4.694561
13.68  8.742014  4.694561
13.69  8.742019  4.694561
13.70  8.742019  4.694561
13.71  8.742019  4.694561
13.72  8.742019  4.694561
13.73  8.742024  4.694561
13.74  8.742024  4.694561
13.75  8.742024  4.694561
13.76  8.742024  4.694561
13.77  8.742028  4.694561
13.78  8.742028  4.694561
13.79  8.742028  4.694561
13.80  8.742028  4.694561
13.81  8.742033  4.694561
13.82  8.742033  4.694593
13.83  8.742033  4.694593
13.84  8.742033  4.694593
13.85  8.742038  4.694593
13.86  8.742038  4.694593
13.87  8.742038  4.694593
13.88  8.742038  4.694593
13.89  8.742042  4.694593
13.90  8.742042  4.694593
13.91  8.742042  4.694593
13.92  8.742042  4.694593
13.93  8.742042  4.694593
13.94  8.742047  4.694593
13.95  8.742047  4.694593
13.96  8.742047  4.694593
13.97  8.742052  4.694598
13.98  8.742056  4.694598
13.99  8.742056  4.694598
14.00  8.742056  4.694598
14.01  8.742056  4.694598
14.02  8.742061  4.694598
14.03  8.742061  4.694598
14.04  8.742061  4.694598
14.05  8.742061  4.694598
14.06  8.742066  4.694598
14.07  8.742066  4.694598
14.08  8.742066  4.694598
14.09  8.742066  4.694598
14.10  8.742070  4.694598
14.11  8.742070  4.694598
14.12  8.742070  4.694598
14.13  8.742070  4.694598
14.14  8.742070  4.694598
14.15  8.742075  4.694598
14.16  8.742075  4.694598
14.17  8.742075  4.694598
14.18  8.742075  4.694598
14.19  8.742080  4.694598
14.20  8.742080  4.694598
14.21  8.742080  4.694598
14.22  8.742080  4.694598
14.23  8.742084  4.694598
14.24  8.742084  4.694598
14.25  8.742084  4.694598
14.26  8.742084  4.694598
14.27  8.742089  4.694598
14.28  8.742089  4.694598
14.29  8.742089  4.694598
14.30  8.742089  4.694598
14.31  8.742089  4.694598
14.32  8.742094  4.694598
14.33  8.742094  4.694598
14.34  8.742094  4.694598
14.35  8.742098  4.694602
14.36  8.742103  4.694602
14.37  8.742103  4.694602
14.38  8.742103  4.694602
14.39  8.742103  4.694602
14.40  8.742108  4.694602
14.41  8.742108  4.694602
14.42  8.742108  4.694602
14.43  8.742108  4.694602
14.44  8.742108  4.694602
14.45  8.742112  4.694602
14.46  8.742112  4.694602
14.47  8.742112  4.694602
14.48  8.742112  4.694602
14.49  8.742117  4.694602
14.50  8.742117  4.694602
14.51  8.742117  4.694602
14.52  8.742117  4.694602
14.53  8.742122  4.694602
14.54  8.742122  4.694602
14.55  8.742122  4.694602
14.56  8.742122  4.694602
14.57  8.742122  4.694602
14.58  8.742126  4.694602
14.59  8.742126  4.694635
14.60  8.742126  4.694635
14.61  8.742126  4.694635
14.62  8.742131  4.694635
14.63  8.742131  4.694635
14.64  8.742131  4.694635
14.65  8.742131  4.694635
14.66  8.742136  4.694635
14.67  8.742136  4.694635
14.68  8.742136  4.694635
14.69  8.742136  4.694635
14.70  8.742136  4.694635
14.71  8.742140  4.694635
14.72  8.742140  4.694635
14.73  8.742140  4.694635
14.74  8.742140  4.694635
14.75  8.742145  4.694635
14.76  8.742145  4.694635
14.77  8.742145  4.694635
14.78  8.742150  4.694640
14.79  8.742154  4.694640
14.80  8.742154  4.694640
14.81  8.742154  4.694640
14.82  8.742154  4.694640
14.83  8.742154  4.694640
14.84  8.742159  4.694640
14.85  8.742159  4.694640
14.86  8.742159  4.694640
14.87  8.742159  4.694640
14.88  8.742164  4.694640
14.89  8.742164  4.694640
14.90  8.742164  4.694640
14.91  8.742164  4.694640
14.92  8.742164  4.694640
14.93  8.742168  4.694640
14.94  8.742168  4.694640
14.95  8.742168  4.694640
14.96  8.742168  4.694640
14.97  8.742173  4.694640
14.98  8.742173  4.694640
14.99  8.742173  4.694640
15.00  8.742173  4.694640
