 t       A(O)      A(F)
 0.03  6.119798  2.012490
 0.04  6.679156  2.503764
 0.05  6.990579  2.783385
 0.06  7.190190  2.978701
 0.07  7.332505  3.124289
 0.08  7.441649  3.237759
 0.09  7.529802  3.329978
 0.10  7.603498  3.407256
 0.11  7.666724  3.473608
 0.12  7.721874  3.531511
 0.13  7.770664  3.582784
 0.14  7.814338  3.628612
 0.15  7.853562  3.669988
 0.16  7.889188  3.708338
 0.17  7.921802  3.743976
 0.18  7.951841  3.777255
 0.19  7.979633  3.808336
 0.20  8.005570  3.837580
 0.21  8.029789  3.865083
 0.22  8.052181  3.890769
 0.23  8.072808  3.914695
 0.24  8.092296  3.937427
 0.25  8.110810  3.959096
 0.26  8.128409  3.979708
 0.27  8.145253  3.999455
 0.28  8.161345  4.018358
 0.29  8.176743  4.036472
 0.30  8.191472  4.053831
 0.31  8.205647  4.070563
 0.32  8.219280  4.086686
 0.33  8.232308  4.102139
 0.34  8.244866  4.117090
 0.35  8.256986  4.131531
 0.36  8.268650  4.145464
 0.37  8.279955  4.158994
 0.38  8.290894  4.172124
 0.39  8.301493  4.184705
 0.40  8.311912  4.196724
 0.41  8.322012  4.208313
 0.42  8.331719  4.219638
 0.43  8.341063  4.230721
 0.44  8.350031  4.241528
 0.45  8.358715  4.252158
 0.46  8.367108  4.262575
 0.47  8.375213  4.272790
 0.48  8.383053  4.282810
 0.49  8.390649  4.292636
 0.50  8.398002  4.302283
 0.51  8.405098  4.311707
 0.52  8.412021  4.321010
 0.53  8.418747  4.330154
 0.54  8.425273  4.339145
 0.55  8.431625  4.347989
 0.56  8.437809  4.356697
 0.57  8.443822  4.365261
 0.58  8.449643  4.373656
 0.59  8.455348  4.381959
 0.60  8.460914  4.390139
 0.61  8.466337  4.398192
 0.62  8.471588  4.406087
 0.63  8.476764  4.413912
 0.64  8.481809  4.421629
 0.65  8.486736  4.429246
 0.66  8.491512  4.436717
 0.67  8.496218  4.444138
 0.68  8.500823  4.451479
 0.69  8.505285  4.458704
 0.70  8.509694  4.465891
 0.71  8.514000  4.473024
 0.72  8.518180  4.480046
 0.73  8.522305  4.487061
 0.74  8.526307  4.493986
 0.75  8.530274  4.500905
 0.76  8.534157  4.507798
 0.77  8.537914  4.514609
 0.78  8.541649  4.521433
 0.79  8.545275  4.528207
 0.80  8.548837  4.534967
 0.81  8.552351  4.541750
 0.82  8.555821  4.548559
 0.83  8.559243  4.555347
 0.84  8.562609  4.562079
 0.85  8.565931  4.568763
 0.86  8.569196  4.575351
 0.87  8.572415  4.581882
 0.88  8.575583  4.588365
 0.89  8.578711  4.594798
 0.90  8.581787  4.601098
 0.91  8.584819  4.607350
 0.92  8.587811  4.613480
 0.93  8.590759  4.619528
 0.94  8.593671  4.625460
 0.95  8.596535  4.631274
 0.96  8.599367  4.636947
 0.97  8.602156  4.642505
 0.98  8.604914  4.647930
 0.99  8.607638  4.653221
 1.00  8.610324  4.658377
 1.01  8.612892  4.663230
 1.02  8.611325  4.667524
 1.03  8.603169  4.664969
 1.04  8.594126  4.659338
 1.05  8.585406  4.653923
 1.06  8.577001  4.648765
 1.07  8.568885  4.643837
 1.08  8.561045  4.639079
 1.09  8.553469  4.634492
 1.10  8.546136  4.630055
 1.11  8.539031  4.625762
 1.12  8.532142  4.621660
 1.13  8.525465  4.617642
 1.14  8.518974  4.613746
 1.15  8.512682  4.610021
 1.16  8.506551  4.606344
 1.17  8.500594  4.602800
 1.18  8.494795  4.599353
 1.19  8.489156  4.596009
 1.20  8.483660  4.592721
 1.21  8.478301  4.589496
 1.22  8.473083  4.586334
 1.23  8.467997  4.583279
 1.24  8.463029  4.580249
 1.25  8.458180  4.577282
 1.26  8.453450  4.574343
 1.27  8.448826  4.571474
 1.28  8.444315  4.568630
 1.29  8.439895  4.565854
 1.30  8.435578  4.563061
 1.31  8.431401  4.560381
 1.32  8.427263  4.557668
 1.33  8.423219  4.555000
 1.34  8.419252  4.552370
 1.35  8.415418  4.549822
 1.36  8.411614  4.547274
 1.37  8.407929  4.544804
 1.38  8.404277  4.542332
 1.39  8.400739  4.539948
 1.40  8.397272  4.537603
 1.41  8.393825  4.535256
 1.42  8.390497  4.532992
 1.43  8.387226  4.530773
 1.44  8.383969  4.528550
 1.45  8.380816  4.526416
 1.46  8.377724  4.524314
 1.47  8.374683  4.522254
 1.48  8.371707  4.520228
 1.49  8.368774  4.518235
 1.50  8.365898  4.516277
 1.51  8.363078  4.514354
 1.52  8.360306  4.512456
 1.53  8.357571  4.510589
 1.54  8.354896  4.508748
 1.55  8.352260  4.506934
 1.56  8.349676  4.505147
 1.57  8.347133  4.503383
 1.58  8.344631  4.501642
 1.59  8.342173  4.499923
 1.60  8.339757  4.498229
 1.61  8.337429  4.496596
 1.62  8.335091  4.494943
 1.63  8.332799  4.493305
 1.64  8.330542  4.491692
 1.65  8.328363  4.490136
 1.66  8.326177  4.488552
 1.67  8.324028  4.486988
 1.68  8.321916  4.485434
 1.69  8.319884  4.483944
 1.70  8.317836  4.482421
 1.71  8.315827  4.480913
 1.72  8.313888  4.479460
 1.73  8.311933  4.477979
 1.74  8.310019  4.476509
 1.75  8.308177  4.475098
 1.76  8.306320  4.473651
 1.77  8.304536  4.472263
 1.78  8.302738  4.470843
 1.79  8.301002  4.469484
 1.80  8.299265  4.468088
 1.81  8.297547  4.466708
 1.82  8.295903  4.465385
 1.83  8.294247  4.464030
 1.84  8.292654  4.462730
 1.85  8.291038  4.461399
 1.86  8.289497  4.460125
 1.87  8.287933  4.458819
 1.88  8.286433  4.457570
 1.89  8.284966  4.456333
 1.90  8.283476  4.455066
 1.91  8.282051  4.453850
 1.92  8.280605  4.452610
 1.93  8.279223  4.451420
 1.94  8.277819  4.450200
 1.95  8.276481  4.449038
 1.96  8.275165  4.447889
 1.97  8.273828  4.446704
 1.98  8.272544  4.445577
 1.99  8.271240  4.444421
 2.00  8.270001  4.443311
 2.01  8.268786  4.442214
 2.02  8.267551  4.441084
 2.03  8.266370  4.440010
 2.04  8.265198  4.438946
 2.05  8.264008  4.437852
 2.06  8.262884  4.436811
 2.07  8.261771  4.435779
 2.08  8.260626  4.434718
 2.09  8.259549  4.433710
 2.10  8.258482  4.432717
 2.11  8.257398  4.431690
 2.12  8.256353  4.430715
 2.13  8.255348  4.429750
 2.14  8.254297  4.428751
 2.15  8.253315  4.427805
 2.16  8.252345  4.426875
 2.17  8.251343  4.425905
 2.18  8.250395  4.424994
 2.19  8.249474  4.424087
 2.20  8.248551  4.423190
 2.21  8.247611  4.422260
 2.22  8.246726  4.421383
 2.23  8.245854  4.420516
 2.24  8.244993  4.419659
 2.25  8.244103  4.418770
 2.26  8.243267  4.417928
 2.27  8.242445  4.417096
 2.28  8.241635  4.416274
 2.29  8.240794  4.415420
 2.30  8.239996  4.414614
 2.31  8.239224  4.413812
 2.32  8.238451  4.413021
 2.33  8.237648  4.412197
 2.34  8.236901  4.411421
 2.35  8.236167  4.410650
 2.36  8.235432  4.409889
 2.37  8.234667  4.409090
 2.38  8.233958  4.408346
 2.39  8.233249  4.407606
 2.40  8.232552  4.406877
 2.41  8.231855  4.406159
 2.42  8.231142  4.405403
 2.43  8.230457  4.404695
 2.44  8.229800  4.403998
 2.45  8.229142  4.403306
 2.46  8.228483  4.402626
 2.47  8.227795  4.401907
 2.48  8.227163  4.401237
 2.49  8.226531  4.400579
 2.50  8.225912  4.399925
 2.51  8.225292  4.399277
 2.52  8.224644  4.398597
 2.53  8.224037  4.397966
 2.54  8.223445  4.397339
 2.55  8.222851  4.396719
 2.56  8.222257  4.396110
 2.57  8.221634  4.395457
 2.58  8.221068  4.394859
 2.59  8.220501  4.394266
 2.60  8.219949  4.393679
 2.61  8.219396  4.393104
 2.62  8.218799  4.392485
 2.63  8.218259  4.391920
 2.64  8.217719  4.391356
 2.65  8.217193  4.390803
 2.66  8.216666  4.390249
 2.67  8.216154  4.389708
 2.68  8.215598  4.389129
 2.69  8.215100  4.388592
 2.70  8.214586  4.388068
 2.71  8.214102  4.387543
 2.72  8.213602  4.387030
 2.73  8.213117  4.386517
 2.74  8.212646  4.386015
 2.75  8.212116  4.385471
 2.76  8.211660  4.384975
 2.77  8.211188  4.384485
 2.78  8.210730  4.384001
 2.79  8.210272  4.383523
 2.80  8.209829  4.383050
 2.81  8.209342  4.382535
 2.82  8.208898  4.382074
 2.83  8.208454  4.381614
 2.84  8.208024  4.381152
 2.85  8.207594  4.380704
 2.86  8.207179  4.380261
 2.87  8.206764  4.379818
 2.88  8.206348  4.379381
 2.89  8.205888  4.378900
 2.90  8.205487  4.378475
 2.91  8.205085  4.378050
 2.92  8.204683  4.377631
 2.93  8.204297  4.377211
 2.94  8.203909  4.376805
 2.95  8.203522  4.376397
 2.96  8.203149  4.375996
 2.97  8.202734  4.375552
 2.98  8.202360  4.375157
 2.99  8.201987  4.374768
 3.00  8.201629  4.374385
 3.01  8.201271  4.374002
 3.02  8.200928  4.373632
 3.03  8.200569  4.373255
 3.04  8.200225  4.372891
 3.05  8.199897  4.372526
 3.06  8.199509  4.372125
 3.07  8.199181  4.371767
 3.08  8.198852  4.371415
 3.09  8.198538  4.371069
 3.10  8.198208  4.370723
 3.11  8.197894  4.370384
 3.12  8.197580  4.370044
 3.13  8.197281  4.369710
 3.14  8.196982  4.369383
 3.15  8.196683  4.369056
 3.16  8.196341  4.368692
 3.17  8.196041  4.368371
 3.18  8.195757  4.368057
 3.19  8.195473  4.367742
 3.20  8.195188  4.367433
 3.21  8.194904  4.367131
 3.22  8.194635  4.366829
 3.23  8.194366  4.366534
 3.24  8.194096  4.366238
 3.25  8.193827  4.365942
 3.26  8.193557  4.365653
 3.27  8.193303  4.365370
 3.28  8.193049  4.365087
 3.29  8.192752  4.364767
 3.30  8.192498  4.364490
 3.31  8.192259  4.364214
 3.32  8.192004  4.363943
 3.33  8.191766  4.363680
 3.34  8.191527  4.363416
 3.35  8.191303  4.363152
 3.36  8.191064  4.362894
 3.37  8.190841  4.362637
 3.38  8.190601  4.362386
 3.39  8.190377  4.362135
 3.40  8.190170  4.361884
 3.41  8.189946  4.361639
 3.42  8.189738  4.361394
 3.43  8.189514  4.361156
 3.44  8.189305  4.360918
 3.45  8.189054  4.360644
 3.46  8.188846  4.360412
 3.47  8.188653  4.360180
 3.48  8.188445  4.359955
 3.49  8.188252  4.359730
 3.50  8.188059  4.359505
 3.51  8.187867  4.359286
 3.52  8.187674  4.359068
 3.53  8.187481  4.358856
 3.54  8.187304  4.358644
 3.55  8.187110  4.358432
 3.56  8.186933  4.358219
 3.57  8.186756  4.358014
 3.58  8.186579  4.357808
 3.59  8.186402  4.357609
 3.60  8.186224  4.357410
 3.61  8.186063  4.357211
 3.62  8.185885  4.357019
 3.63  8.185724  4.356827
 3.64  8.185562  4.356634
 3.65  8.185401  4.356442
 3.66  8.185239  4.356256
 3.67  8.185034  4.356027
 3.68  8.184872  4.355848
 3.69  8.184727  4.355663
 3.70  8.184565  4.355483
 3.71  8.184419  4.355304
 3.72  8.184273  4.355132
 3.73  8.184111  4.354959
 3.74  8.183965  4.354787
 3.75  8.183836  4.354614
 3.76  8.183690  4.354449
 3.77  8.183544  4.354283
 3.78  8.183414  4.354117
 3.79  8.183268  4.353958
 3.80  8.183138  4.353792
 3.81  8.183008  4.353633
 3.82  8.182878  4.353474
 3.83  8.182748  4.353321
 3.84  8.182617  4.353162
 3.85  8.182487  4.353009
 3.86  8.182357  4.352864
 3.87  8.182227  4.352711
 3.88  8.182113  4.352566
 3.89  8.181983  4.352413
 3.90  8.181869  4.352274
 3.91  8.181755  4.352128
 3.92  8.181640  4.351983
 3.93  8.181526  4.351844
 3.94  8.181412  4.351705
 3.95  8.181298  4.351566
 3.96  8.181184  4.351433
 3.97  8.181070  4.351294
 3.98  8.180972  4.351162
 3.99  8.180857  4.351030
 4.00  8.180759  4.350905
 4.01  8.180645  4.350772
 4.02  8.180547  4.350647
 4.03  8.180449  4.350521
 4.04  8.180291  4.350353
 4.05  8.180193  4.350227
 4.06  8.180095  4.350102
 4.07  8.179997  4.349983
 4.08  8.179915  4.349865
 4.09  8.179817  4.349746
 4.10  8.179719  4.349627
 4.11  8.179637  4.349508
 4.12  8.179539  4.349397
 4.13  8.179457  4.349278
 4.14  8.179358  4.349166
 4.15  8.179276  4.349054
 4.16  8.179178  4.348949
 4.17  8.179096  4.348837
 4.18  8.179014  4.348732
 4.19  8.178932  4.348620
 4.20  8.178850  4.348515
 4.21  8.178768  4.348410
 4.22  8.178686  4.348312
 4.23  8.178604  4.348207
 4.24  8.178538  4.348109
 4.25  8.178456  4.348004
 4.26  8.178374  4.347906
 4.27  8.178308  4.347808
 4.28  8.178226  4.347716
 4.29  8.178160  4.347618
 4.30  8.178078  4.347520
 4.31  8.178013  4.347429
 4.32  8.177947  4.347337
 4.33  8.177865  4.347246
 4.34  8.177799  4.347155
 4.35  8.177733  4.347064
 4.36  8.177667  4.346979
 4.37  8.177601  4.346888
 4.38  8.177536  4.346804
 4.39  8.177470  4.346712
 4.40  8.177404  4.346628
 4.41  8.177338  4.346543
 4.42  8.177289  4.346466
 4.43  8.177223  4.346382
 4.44  8.177157  4.346297
 4.45  8.177108  4.346220
 4.46  8.177042  4.346135
 4.47  8.176992  4.346058
 4.48  8.176926  4.345980
 4.49  8.176877  4.345903
 4.50  8.176811  4.345825
 4.51  8.176762  4.345755
 4.52  8.176712  4.345677
 4.53  8.176646  4.345600
 4.54  8.176597  4.345529
 4.55  8.176547  4.345459
 4.56  8.176498  4.345388
 4.57  8.176448  4.345318
 4.58  8.176399  4.345247
 4.59  8.176349  4.345177
 4.60  8.176300  4.345106
 4.61  8.176250  4.345036
 4.62  8.176201  4.344972
 4.63  8.176151  4.344901
 4.64  8.176102  4.344838
 4.65  8.176052  4.344774
 4.66  8.176019  4.344711
 4.67  8.175970  4.344647
 4.68  8.175920  4.344584
 4.69  8.175887  4.344520
 4.70  8.175837  4.344456
 4.71  8.175788  4.344393
 4.72  8.175755  4.344336
 4.73  8.175705  4.344273
 4.74  8.175672  4.344216
 4.75  8.175639  4.344160
 4.76  8.175590  4.344096
 4.77  8.175557  4.344039
 4.78  8.175507  4.343983
 4.79  8.175474  4.343926
 4.80  8.175441  4.343869
 4.81  8.175408  4.343820
 4.82  8.175358  4.343763
 4.83  8.175325  4.343707
 4.84  8.175292  4.343657
 4.85  8.175259  4.343600
 4.86  8.175226  4.343551
 4.87  8.175193  4.343501
 4.88  8.175160  4.343445
 4.89  8.175127  4.343395
 4.90  8.175093  4.343345
 4.91  8.175060  4.343296
 4.92  8.175027  4.343246
 4.93  8.174994  4.343204
 4.94  8.174978  4.343154
 4.95  8.174945  4.343105
 4.96  8.174911  4.343062
 4.97  8.174878  4.343012
 4.98  8.174862  4.342970
 4.99  8.174829  4.342920
 5.00  8.174796  4.342878
 5.01  8.174779  4.342835
 5.02  8.174746  4.342792
 5.03  8.174713  4.342743
 5.04  8.174696  4.342700
 5.05  8.174663  4.342658
 5.06  8.174646  4.342622
 5.07  8.174613  4.342580
 5.08  8.174597  4.342537
 5.09  8.174580  4.342494
 5.10  8.174547  4.342459
 5.11  8.174530  4.342416
 5.12  8.174497  4.342381
 5.13  8.174481  4.342338
 5.14  8.174464  4.342303
 5.15  8.174448  4.342260
 5.16  8.174414  4.342225
 5.17  8.174398  4.342189
 5.18  8.174381  4.342153
 5.19  8.174365  4.342118
 5.20  8.174348  4.342082
 5.21  8.174332  4.342047
 5.22  8.174298  4.342011
 5.23  8.174282  4.341976
 5.24  8.174265  4.341940
 5.25  8.174249  4.341905
 5.26  8.174232  4.341876
 5.27  8.174216  4.341841
 5.28  8.174199  4.341805
 5.29  8.174182  4.341777
 5.30  8.174166  4.341741
 5.31  8.174149  4.341713
 5.32  8.174133  4.341677
 5.33  8.174133  4.341649
 5.34  8.174116  4.341620
 5.35  8.174099  4.341592
 5.36  8.174083  4.341556
 5.37  8.174066  4.341528
 5.38  8.174050  4.341499
 5.39  8.174050  4.341471
 5.40  8.174033  4.341442
 5.41  8.174017  4.341414
 5.42  8.174000  4.341385
 5.43  8.174000  4.341357
 5.44  8.173983  4.341336
 5.45  8.173967  4.341307
 5.46  8.173967  4.341279
 5.47  8.173950  4.341250
 5.48  8.173934  4.341229
 5.49  8.173934  4.341200
 5.50  8.173917  4.341172
 5.51  8.173917  4.341151
 5.52  8.173900  4.341122
 5.53  8.173900  4.341101
 5.54  8.173884  4.341079
 5.55  8.173884  4.341051
 5.56  8.173867  4.341029
 5.57  8.173867  4.341008
 5.58  8.173851  4.340980
 5.59  8.173851  4.340958
 5.60  8.173834  4.340937
 5.61  8.173877  4.340959
 5.62  8.173860  4.340937
 5.63  8.173860  4.340916
 5.64  8.173860  4.340894
 5.65  8.173844  4.340873
 5.66  8.173844  4.340852
 5.67  8.173827  4.340830
 5.68  8.173827  4.340809
 5.69  8.173827  4.340787
 5.70  8.173827  4.340766
 5.71  8.173811  4.340745
 5.72  8.173811  4.340730
 5.73  8.173811  4.340709
 5.74  8.173794  4.340688
 5.75  8.173794  4.340666
 5.76  8.173794  4.340652
 5.77  8.173794  4.340631
 5.78  8.173777  4.340616
 5.79  8.173777  4.340595
 5.80  8.173777  4.340581
 5.81  8.173777  4.340559
 5.82  8.173777  4.340545
 5.83  8.173777  4.340524
 5.84  8.173761  4.340509
 5.85  8.173761  4.340488
 5.86  8.173761  4.340474
 5.87  8.173761  4.340459
 5.88  8.173761  4.340438
 5.89  8.173761  4.340424
 5.90  8.173761  4.340410
 5.91  8.173761  4.340395
 5.92  8.173761  4.340381
 5.93  8.173761  4.340360
 5.94  8.173761  4.340345
 5.95  8.173744  4.340331
 5.96  8.173744  4.340317
 5.97  8.173744  4.340302
 5.98  8.173744  4.340288
 5.99  8.173744  4.340274
 6.00  8.173744  4.340260
 6.01  8.173744  4.340245
 6.02  8.173744  4.340231
 6.03  8.173761  4.340217
 6.04  8.173761  4.340203
 6.05  8.173761  4.340195
 6.06  8.173761  4.340181
 6.07  8.173761  4.340167
 6.08  8.173761  4.340153
 6.09  8.173761  4.340138
 6.10  8.173761  4.340131
 6.11  8.173761  4.340117
 6.12  8.173761  4.340103
 6.13  8.173761  4.340095
 6.14  8.173761  4.340081
 6.15  8.173777  4.340067
 6.16  8.173777  4.340060
 6.17  8.173777  4.340046
 6.18  8.173777  4.340031
 6.19  8.173777  4.340024
 6.20  8.173777  4.340010
 6.21  8.173777  4.340003
 6.22  8.173794  4.339988
 6.23  8.173794  4.339981
 6.24  8.173794  4.339967
 6.25  8.173794  4.339960
 6.26  8.173794  4.339953
 6.27  8.173811  4.339938
 6.28  8.173811  4.339931
 6.29  8.173811  4.339917
 6.30  8.173811  4.339910
 6.31  8.173811  4.339903
 6.32  8.173827  4.339888
 6.33  8.173827  4.339881
 6.34  8.173827  4.339874
 6.35  8.173827  4.339860
 6.36  8.173844  4.339853
 6.37  8.173844  4.339846
 6.38  8.173844  4.339838
 6.39  8.173860  4.339831
 6.40  8.173860  4.339817
 6.41  8.173860  4.339810
 6.42  8.173860  4.339803
 6.43  8.173877  4.339796
 6.44  8.173877  4.339788
 6.45  8.173877  4.339781
 6.46  8.173894  4.339774
 6.47  8.173894  4.339767
 6.48  8.173894  4.339753
 6.49  8.173910  4.339746
 6.50  8.173953  4.339781
 6.51  8.173953  4.339774
 6.52  8.173970  4.339767
 6.53  8.173970  4.339760
 6.54  8.173970  4.339753
 6.55  8.173986  4.339746
 6.56  8.173986  4.339739
 6.57  8.173986  4.339731
 6.58  8.174003  4.339724
 6.59  8.174003  4.339724
 6.60  8.174020  4.339717
 6.61  8.174020  4.339710
 6.62  8.174020  4.339703
 6.63  8.174036  4.339696
 6.64  8.174036  4.339689
 6.65  8.174053  4.339681
 6.66  8.174053  4.339674
 6.67  8.174053  4.339674
 6.68  8.174069  4.339667
 6.69  8.174069  4.339660
 6.70  8.174086  4.339653
 6.71  8.174086  4.339646
 6.72  8.174103  4.339646
 6.73  8.174103  4.339638
 6.74  8.174103  4.339631
 6.75  8.174119  4.339624
 6.76  8.174119  4.339624
 6.77  8.174136  4.339617
 6.78  8.174136  4.339610
 6.79  8.174152  4.339610
 6.80  8.174152  4.339603
 6.81  8.174169  4.339596
 6.82  8.174169  4.339596
 6.83  8.174169  4.339588
 6.84  8.174186  4.339581
 6.85  8.174186  4.339581
 6.86  8.174202  4.339574
 6.87  8.174202  4.339567
 6.88  8.174219  4.339567
 6.89  8.174219  4.339560
 6.90  8.174235  4.339560
 6.91  8.174235  4.339553
 6.92  8.174252  4.339553
 6.93  8.174252  4.339546
 6.94  8.174268  4.339538
 6.95  8.174268  4.339538
 6.96  8.174285  4.339531
 6.97  8.174285  4.339531
 6.98  8.174302  4.339524
 6.99  8.174302  4.339524
 7.00  8.174318  4.339517
 7.01  8.174318  4.339517
 7.02  8.174335  4.339510
 7.03  8.174335  4.339510
 7.04  8.174351  4.339503
 7.05  8.174351  4.339503
 7.06  8.174368  4.339496
 7.07  8.174385  4.339496
 7.08  8.174385  4.339496
 7.09  8.174401  4.339488
 7.10  8.174401  4.339488
 7.11  8.174418  4.339481
 7.12  8.174418  4.339481
 7.13  8.174434  4.339474
 7.14  8.174434  4.339474
 7.15  8.174451  4.339474
 7.16  8.174451  4.339467
 7.17  8.174467  4.339467
 7.18  8.174484  4.339460
 7.19  8.174484  4.339460
 7.20  8.174501  4.339460
 7.21  8.174501  4.339453
 7.22  8.174517  4.339453
 7.23  8.174517  4.339453
 7.24  8.174534  4.339445
 7.25  8.174534  4.339445
 7.26  8.174550  4.339445
 7.27  8.174567  4.339438
 7.28  8.174567  4.339438
 7.29  8.174583  4.339438
 7.30  8.174583  4.339431
 7.31  8.174600  4.339431
 7.32  8.174617  4.339431
 7.33  8.174617  4.339424
 7.34  8.174676  4.339467
 7.35  8.174676  4.339467
 7.36  8.174693  4.339467
 7.37  8.174693  4.339460
 7.38  8.174709  4.339460
 7.39  8.174726  4.339460
 7.40  8.174726  4.339453
 7.41  8.174742  4.339453
 7.42  8.174742  4.339453
 7.43  8.174759  4.339453
 7.44  8.174776  4.339453
 7.45  8.174776  4.339446
 7.46  8.174792  4.339446
 7.47  8.174792  4.339446
 7.48  8.174809  4.339446
 7.49  8.174825  4.339438
 7.50  8.174825  4.339438
 7.51  8.174842  4.339438
 7.52  8.174842  4.339438
 7.53  8.174858  4.339438
 7.54  8.174875  4.339431
 7.55  8.174875  4.339431
 7.56  8.174891  4.339431
 7.57  8.174891  4.339431
 7.58  8.174908  4.339431
 7.59  8.174925  4.339431
 7.60  8.174925  4.339424
 7.61  8.174941  4.339424
 7.62  8.174958  4.339424
 7.63  8.174958  4.339424
 7.64  8.174974  4.339424
 7.65  8.174974  4.339424
 7.66  8.174991  4.339417
 7.67  8.175007  4.339417
 7.68  8.175007  4.339417
 7.69  8.175024  4.339417
 7.70  8.175040  4.339417
 7.71  8.175040  4.339417
 7.72  8.175057  4.339417
 7.73  8.175057  4.339417
 7.74  8.175074  4.339410
 7.75  8.175090  4.339410
 7.76  8.175090  4.339410
 7.77  8.175107  4.339410
 7.78  8.175123  4.339410
 7.79  8.175123  4.339410
 7.80  8.175140  4.339410
 7.81  8.175140  4.339410
 7.82  8.175156  4.339410
 7.83  8.175173  4.339410
 7.84  8.175173  4.339403
 7.85  8.175189  4.339403
 7.86  8.175206  4.339403
 7.87  8.175206  4.339403
 7.88  8.175223  4.339403
 7.89  8.175239  4.339403
 7.90  8.175239  4.339403
 7.91  8.175256  4.339403
 7.92  8.175272  4.339403
 7.93  8.175272  4.339403
 7.94  8.175289  4.339403
 7.95  8.175289  4.339403
 7.96  8.175305  4.339403
 7.97  8.175322  4.339403
 7.98  8.175322  4.339403
 7.99  8.175338  4.339403
 8.00  8.175355  4.339403
 8.01  8.175355  4.339403
 8.02  8.175371  4.339403
 8.03  8.175388  4.339396
 8.04  8.175388  4.339396
 8.05  8.175405  4.339396
 8.06  8.175421  4.339396
 8.07  8.175421  4.339396
 8.08  8.175438  4.339396
 8.09  8.175438  4.339396
 8.10  8.175454  4.339396
 8.11  8.175471  4.339396
 8.12  8.175471  4.339396
 8.13  8.175487  4.339396
 8.14  8.175504  4.339396
 8.15  8.175504  4.339396
 8.16  8.175520  4.339396
 8.17  8.175537  4.339396
 8.18  8.175537  4.339396
 8.19  8.175553  4.339396
 8.20  8.175570  4.339396
 8.21  8.175570  4.339396
 8.22  8.175629  4.339439
 8.23  8.175646  4.339439
 8.24  8.175646  4.339439
 8.25  8.175663  4.339439
 8.26  8.175663  4.339439
 8.27  8.175679  4.339439
 8.28  8.175696  4.339446
 8.29  8.175696  4.339446
 8.30  8.175712  4.339446
 8.31  8.175729  4.339446
 8.32  8.175729  4.339446
 8.33  8.175745  4.339446
 8.34  8.175762  4.339446
 8.35  8.175762  4.339446
 8.36  8.175778  4.339446
 8.37  8.175795  4.339446
 8.38  8.175795  4.339446
 8.39  8.175811  4.339446
 8.40  8.175828  4.339446
 8.41  8.175828  4.339446
 8.42  8.175844  4.339446
 8.43  8.175861  4.339446
 8.44  8.175861  4.339446
 8.45  8.175877  4.339446
 8.46  8.175894  4.339446
 8.47  8.175894  4.339446
 8.48  8.175910  4.339446
 8.49  8.175910  4.339446
 8.50  8.175927  4.339446
 8.51  8.175944  4.339453
 8.52  8.175944  4.339453
 8.53  8.175960  4.339453
 8.54  8.175977  4.339453
 8.55  8.175977  4.339453
 8.56  8.175993  4.339453
 8.57  8.176010  4.339453
 8.58  8.176010  4.339453
 8.59  8.176026  4.339453
 8.60  8.176043  4.339453
 8.61  8.176043  4.339453
 8.62  8.176059  4.339453
 8.63  8.176076  4.339453
 8.64  8.176076  4.339453
 8.65  8.176092  4.339453
 8.66  8.176092  4.339453
 8.67  8.176109  4.339460
 8.68  8.176125  4.339460
 8.69  8.176125  4.339460
 8.70  8.176142  4.339460
 8.71  8.176158  4.339460
 8.72  8.176158  4.339460
 8.73  8.176175  4.339460
 8.74  8.176191  4.339460
 8.75  8.176191  4.339460
 8.76  8.176208  4.339460
 8.77  8.176224  4.339460
 8.78  8.176224  4.339460
 8.79  8.176241  4.339460
 8.80  8.176241  4.339467
 8.81  8.176257  4.339467
 8.82  8.176274  4.339467
 8.83  8.176274  4.339467
 8.84  8.176290  4.339467
 8.85  8.176307  4.339467
 8.86  8.176307  4.339467
 8.87  8.176323  4.339467
 8.88  8.176340  4.339467
 8.89  8.176340  4.339467
 8.90  8.176356  4.339467
 8.91  8.176356  4.339467
 8.92  8.176373  4.339474
 8.93  8.176389  4.339474
 8.94  8.176389  4.339474
 8.95  8.176406  4.339474
 8.96  8.176422  4.339474
 8.97  8.176422  4.339474
 8.98  8.176439  4.339474
 8.99  8.176439  4.339474
 9.00  8.176455  4.339474
 9.01  8.176472  4.339474
 9.02  8.176472  4.339474
 9.03  8.176488  4.339481
 9.04  8.176505  4.339481
 9.05  8.176505  4.339481
 9.06  8.176521  4.339481
 9.07  8.176521  4.339481
 9.08  8.176538  4.339481
 9.09  8.176554  4.339481
 9.10  8.176554  4.339481
 9.11  8.176571  4.339481
 9.12  8.176587  4.339481
 9.13  8.176587  4.339481
 9.14  8.176604  4.339481
 9.15  8.176604  4.339489
 9.16  8.176620  4.339489
 9.17  8.176637  4.339489
 9.18  8.176637  4.339489
 9.19  8.176653  4.339489
 9.20  8.176670  4.339489
 9.21  8.176670  4.339489
 9.22  8.176686  4.339489
 9.23  8.176729  4.339532
 9.24  8.176746  4.339532
 9.25  8.176762  4.339532
 9.26  8.176762  4.339539
 9.27  8.176779  4.339539
 9.28  8.176795  4.339539
 9.29  8.176795  4.339539
 9.30  8.176812  4.339539
 9.31  8.176812  4.339539
 9.32  8.176828  4.339539
 9.33  8.176845  4.339539
 9.34  8.176845  4.339539
 9.35  8.176861  4.339539
 9.36  8.176861  4.339546
 9.37  8.176878  4.339546
 9.38  8.176894  4.339546
 9.39  8.176894  4.339546
 9.40  8.176911  4.339546
 9.41  8.176911  4.339546
 9.42  8.176927  4.339546
 9.43  8.176944  4.339546
 9.44  8.176944  4.339546
 9.45  8.176960  4.339546
 9.46  8.176977  4.339546
 9.47  8.176977  4.339553
 9.48  8.176993  4.339553
 9.49  8.176993  4.339553
 9.50  8.177010  4.339553
 9.51  8.177026  4.339553
 9.52  8.177026  4.339553
 9.53  8.177043  4.339553
 9.54  8.177043  4.339553
 9.55  8.177059  4.339553
 9.56  8.177076  4.339553
 9.57  8.177076  4.339553
 9.58  8.177092  4.339553
 9.59  8.177092  4.339560
 9.60  8.177109  4.339560
 9.61  8.177125  4.339560
 9.62  8.177125  4.339560
 9.63  8.177142  4.339560
 9.64  8.177142  4.339560
 9.65  8.177158  4.339560
 9.66  8.177175  4.339560
 9.67  8.177175  4.339560
 9.68  8.177191  4.339560
 9.69  8.177191  4.339560
 9.70  8.177207  4.339567
 9.71  8.177224  4.339567
 9.72  8.177224  4.339567
 9.73  8.177240  4.339567
 9.74  8.177240  4.339567
 9.75  8.177257  4.339567
 9.76  8.177257  4.339567
 9.77  8.177273  4.339567
 9.78  8.177290  4.339567
 9.79  8.177290  4.339567
 9.80  8.177306  4.339567
 9.81  8.177306  4.339567
 9.82  8.177323  4.339575
 9.83  8.177339  4.339575
 9.84  8.177339  4.339575
 9.85  8.177356  4.339575
 9.86  8.177356  4.339575
 9.87  8.177372  4.339575
 9.88  8.177372  4.339575
 9.89  8.177389  4.339575
 9.90  8.177405  4.339575
 9.91  8.177405  4.339575
 9.92  8.177422  4.339575
 9.93  8.177422  4.339575
 9.94  8.177438  4.339582
 9.95  8.177455  4.339582
 9.96  8.177455  4.339582
 9.97  8.177471  4.339582
 9.98  8.177471  4.339582
 9.99  8.177487  4.339582
10.00  8.177487  4.339582
10.01  8.177504  4.339582
10.02  8.177520  4.339582
10.03  8.177520  4.339582
10.04  8.177537  4.339582
10.05  8.177537  4.339582
10.06  8.177553  4.339582
10.07  8.177553  4.339589
10.08  8.177570  4.339589
10.09  8.177586  4.339589
10.10  8.177586  4.339589
10.11  8.177603  4.339589
10.12  8.177603  4.339589
10.13  8.177619  4.339589
10.14  8.177619  4.339589
10.15  8.177636  4.339589
10.16  8.177652  4.339589
10.17  8.177652  4.339589
10.18  8.177669  4.339589
10.19  8.177669  4.339589
10.20  8.177685  4.339596
10.21  8.177685  4.339596
10.22  8.177701  4.339596
10.23  8.177718  4.339596
10.24  8.177718  4.339596
10.25  8.177734  4.339596
10.26  8.177734  4.339596
10.27  8.177751  4.339596
10.28  8.177751  4.339596
10.29  8.177767  4.339596
10.30  8.177784  4.339596
10.31  8.177784  4.339596
10.32  8.177800  4.339596
10.33  8.177800  4.339596
10.34  8.177817  4.339603
10.35  8.177817  4.339603
10.36  8.177833  4.339603
10.37  8.177833  4.339603
10.38  8.177850  4.339603
10.39  8.177866  4.339603
10.40  8.177866  4.339603
10.41  8.177882  4.339603
10.42  8.177882  4.339603
10.43  8.177899  4.339603
10.44  8.177899  4.339603
10.45  8.177915  4.339603
10.46  8.177915  4.339603
10.47  8.177932  4.339603
10.48  8.177948  4.339610
10.49  8.177991  4.339653
10.50  8.178008  4.339653
10.51  8.178008  4.339653
10.52  8.178024  4.339653
10.53  8.178024  4.339653
10.54  8.178041  4.339653
10.55  8.178041  4.339653
10.56  8.178057  4.339653
10.57  8.178057  4.339653
10.58  8.178074  4.339653
10.59  8.178090  4.339653
10.60  8.178090  4.339653
10.61  8.178106  4.339653
10.62  8.178106  4.339653
10.63  8.178123  4.339653
10.64  8.178123  4.339661
10.65  8.178139  4.339661
10.66  8.178139  4.339661
10.67  8.178156  4.339661
10.68  8.178156  4.339661
10.69  8.178172  4.339661
10.70  8.178189  4.339661
10.71  8.178189  4.339661
10.72  8.178205  4.339661
10.73  8.178205  4.339661
10.74  8.178221  4.339661
10.75  8.178221  4.339661
10.76  8.178238  4.339661
10.77  8.178238  4.339661
10.78  8.178254  4.339661
10.79  8.178254  4.339668
10.80  8.178271  4.339668
10.81  8.178287  4.339668
10.82  8.178287  4.339668
10.83  8.178304  4.339668
10.84  8.178304  4.339668
10.85  8.178320  4.339668
10.86  8.178320  4.339668
10.87  8.178337  4.339668
10.88  8.178337  4.339668
10.89  8.178353  4.339668
10.90  8.178353  4.339668
10.91  8.178369  4.339668
10.92  8.178369  4.339668
10.93  8.178386  4.339668
10.94  8.178386  4.339668
10.95  8.178402  4.339668
10.96  8.178419  4.339675
10.97  8.178419  4.339675
10.98  8.178435  4.339675
10.99  8.178435  4.339675
11.00  8.178452  4.339675
11.01  8.178452  4.339675
11.02  8.178468  4.339675
11.03  8.178468  4.339675
11.04  8.178484  4.339675
11.05  8.178484  4.339675
11.06  8.178501  4.339675
11.07  8.178501  4.339675
11.08  8.178517  4.339675
11.09  8.178517  4.339675
11.10  8.178534  4.339675
11.11  8.178550  4.339675
11.12  8.178550  4.339675
11.13  8.178567  4.339682
11.14  8.178567  4.339682
11.15  8.178583  4.339682
11.16  8.178583  4.339682
11.17  8.178599  4.339682
11.18  8.178599  4.339682
11.19  8.178616  4.339682
11.20  8.178616  4.339682
11.21  8.178632  4.339682
11.22  8.178632  4.339682
11.23  8.178649  4.339682
11.24  8.178649  4.339682
11.25  8.178665  4.339682
11.26  8.178665  4.339682
11.27  8.178682  4.339682
11.28  8.178682  4.339682
11.29  8.178698  4.339682
11.30  8.178698  4.339682
11.31  8.178714  4.339682
11.32  8.178731  4.339689
11.33  8.178731  4.339689
11.34  8.178747  4.339689
11.35  8.178747  4.339689
11.36  8.178764  4.339689
11.37  8.178764  4.339689
11.38  8.178780  4.339689
11.39  8.178780  4.339689
11.40  8.178796  4.339689
11.41  8.178796  4.339689
11.42  8.178813  4.339689
11.43  8.178813  4.339689
11.44  8.178829  4.339689
11.45  8.178829  4.339689
11.46  8.178846  4.339689
11.47  8.178846  4.339689
11.48  8.178862  4.339689
11.49  8.178862  4.339689
11.50  8.178879  4.339696
11.51  8.178879  4.339696
11.52  8.178895  4.339696
11.53  8.178895  4.339696
11.54  8.178911  4.339696
11.55  8.178911  4.339696
11.56  8.178928  4.339696
11.57  8.178928  4.339696
11.58  8.178944  4.339696
11.59  8.178961  4.339696
11.60  8.178961  4.339696
11.61  8.178977  4.339696
11.62  8.178977  4.339696
11.63  8.178993  4.339696
11.64  8.178993  4.339696
11.65  8.179010  4.339696
11.66  8.179010  4.339696
11.67  8.179026  4.339703
11.68  8.179026  4.339703
11.69  8.179043  4.339703
11.70  8.179043  4.339703
11.71  8.179059  4.339703
11.72  8.179059  4.339703
11.73  8.179075  4.339703
11.74  8.179075  4.339703
11.75  8.179092  4.339703
11.76  8.179092  4.339703
11.77  8.179108  4.339703
11.78  8.179108  4.339703
11.79  8.179125  4.339703
11.80  8.179125  4.339703
11.81  8.179141  4.339703
11.82  8.179141  4.339703
11.83  8.179157  4.339703
11.84  8.179157  4.339711
11.85  8.179174  4.339711
11.86  8.179174  4.339711
11.87  8.179190  4.339711
11.88  8.179190  4.339711
11.89  8.179207  4.339711
11.90  8.179207  4.339711
11.91  8.179223  4.339711
11.92  8.179223  4.339711
11.93  8.179239  4.339711
11.94  8.179239  4.339711
11.95  8.179256  4.339711
11.96  8.179256  4.339711
11.97  8.179272  4.339711
11.98  8.179272  4.339711
11.99  8.179289  4.339711
12.00  8.179289  4.339711
12.01  8.179305  4.339718
12.02  8.179305  4.339718
12.03  8.179321  4.339718
12.04  8.179338  4.339718
12.05  8.179338  4.339718
12.06  8.179354  4.339718
12.07  8.179354  4.339718
12.08  8.179371  4.339718
12.09  8.179371  4.339718
12.10  8.179387  4.339718
12.11  8.179387  4.339718
12.12  8.179403  4.339718
12.13  8.179403  4.339718
12.14  8.179420  4.339718
12.15  8.179420  4.339718
12.16  8.179436  4.339718
12.17  8.179436  4.339718
12.18  8.179453  4.339725
12.19  8.179453  4.339725
12.20  8.179469  4.339725
12.21  8.179469  4.339725
12.22  8.179485  4.339725
12.23  8.179485  4.339725
12.24  8.179502  4.339725
12.25  8.179502  4.339725
12.26  8.179518  4.339725
12.27  8.179518  4.339725
12.28  8.179535  4.339725
12.29  8.179535  4.339725
12.30  8.179551  4.339725
12.31  8.179551  4.339725
12.32  8.179567  4.339725
12.33  8.179567  4.339725
12.34  8.179584  4.339732
12.35  8.179584  4.339732
12.36  8.179600  4.339732
12.37  8.179600  4.339732
12.38  8.179617  4.339732
12.39  8.179617  4.339732
12.40  8.179633  4.339732
12.41  8.179633  4.339732
12.42  8.179649  4.339732
12.43  8.179649  4.339732
12.44  8.179666  4.339732
12.45  8.179666  4.339732
12.46  8.179682  4.339732
12.47  8.179682  4.339732
12.48  8.179698  4.339732
12.49  8.179698  4.339732
12.50  8.179715  4.339739
12.51  8.179715  4.339739
12.52  8.179731  4.339739
12.53  8.179731  4.339739
12.54  8.179748  4.339739
12.55  8.179748  4.339739
12.56  8.179807  4.339782
12.57  8.179807  4.339782
12.58  8.179807  4.339782
12.59  8.179823  4.339782
12.60  8.179823  4.339782
12.61  8.179840  4.339782
12.62  8.179840  4.339782
12.63  8.179856  4.339782
12.64  8.179856  4.339782
12.65  8.179873  4.339782
12.66  8.179873  4.339789
12.67  8.179889  4.339789
12.68  8.179889  4.339789
12.69  8.179905  4.339789
12.70  8.179905  4.339789
12.71  8.179922  4.339789
12.72  8.179922  4.339789
12.73  8.179938  4.339789
12.74  8.179938  4.339789
12.75  8.179954  4.339789
12.76  8.179954  4.339789
12.77  8.179971  4.339789
12.78  8.179971  4.339789
12.79  8.179987  4.339789
12.80  8.179987  4.339789
12.81  8.180004  4.339797
12.82  8.180004  4.339797
12.83  8.180020  4.339797
12.84  8.180020  4.339797
12.85  8.180036  4.339797
12.86  8.180036  4.339797
12.87  8.180053  4.339797
12.88  8.180053  4.339797
12.89  8.180069  4.339797
12.90  8.180069  4.339797
12.91  8.180085  4.339797
12.92  8.180085  4.339797
12.93  8.180102  4.339797
12.94  8.180102  4.339797
12.95  8.180118  4.339797
12.96  8.180118  4.339797
12.97  8.180135  4.339804
12.98  8.180135  4.339804
12.99  8.180151  4.339804
13.00  8.180151  4.339804
13.01  8.180167  4.339804
13.02  8.180167  4.339804
13.03  8.180167  4.339804
13.04  8.180184  4.339804
13.05  8.180184  4.339804
13.06  8.180200  4.339804
13.07  8.180200  4.339804
13.08  8.180216  4.339804
13.09  8.180216  4.339804
13.10  8.180233  4.339804
13.11  8.180233  4.339804
13.12  8.180249  4.339811
13.13  8.180249  4.339811
13.14  8.180265  4.339811
13.15  8.180265  4.339811
13.16  8.180282  4.339811
13.17  8.180282  4.339811
13.18  8.180298  4.339811
13.19  8.180298  4.339811
13.20  8.180315  4.339811
13.21  8.180315  4.339811
13.22  8.180331  4.339811
13.23  8.180331  4.339811
13.24  8.180347  4.339811
13.25  8.180347  4.339811
13.26  8.180364  4.339818
13.27  8.180364  4.339818
13.28  8.180380  4.339818
13.29  8.180380  4.339818
13.30  8.180380  4.339818
13.31  8.180396  4.339818
13.32  8.180396  4.339818
13.33  8.180413  4.339818
13.34  8.180413  4.339818
13.35  8.180429  4.339818
13.36  8.180429  4.339818
13.37  8.180445  4.339818
13.38  8.180445  4.339818
13.39  8.180462  4.339818
13.40  8.180462  4.339825
13.41  8.180478  4.339825
13.42  8.180478  4.339825
13.43  8.180494  4.339825
13.44  8.180494  4.339825
13.45  8.180511  4.339825
13.46  8.180511  4.339825
13.47  8.180527  4.339825
13.48  8.180527  4.339825
13.49  8.180544  4.339825
13.50  8.180544  4.339825
13.51  8.180544  4.339825
13.52  8.180560  4.339825
13.53  8.180560  4.339825
13.54  8.180576  4.339825
13.55  8.180576  4.339832
13.56  8.180593  4.339832
13.57  8.180593  4.339832
13.58  8.180609  4.339832
13.59  8.180609  4.339832
13.60  8.180625  4.339832
13.61  8.180625  4.339832
13.62  8.180642  4.339832
13.63  8.180642  4.339832
13.64  8.180658  4.339832
13.65  8.180658  4.339832
13.66  8.180674  4.339832
13.67  8.180674  4.339832
13.68  8.180691  4.339832
13.69  8.180691  4.339839
13.70  8.180691  4.339839
13.71  8.180707  4.339839
13.72  8.180707  4.339839
13.73  8.180723  4.339839
13.74  8.180723  4.339839
13.75  8.180740  4.339839
13.76  8.180740  4.339839
13.77  8.180756  4.339839
13.78  8.180756  4.339839
13.79  8.180772  4.339839
13.80  8.180772  4.339839
13.81  8.180789  4.339839
13.82  8.180789  4.339847
13.83  8.180805  4.339847
13.84  8.180805  4.339847
13.85  8.180805  4.339847
13.86  8.180821  4.339847
13.87  8.180821  4.339847
13.88  8.180838  4.339847
13.89  8.180838  4.339847
13.90  8.180854  4.339847
13.91  8.180854  4.339847
13.92  8.180870  4.339847
13.93  8.180870  4.339847
13.94  8.180887  4.339847
13.95  8.180887  4.339847
13.96  8.180903  4.339854
13.97  8.180903  4.339854
13.98  8.180919  4.339854
13.99  8.180919  4.339854
14.00  8.180919  4.339854
14.01  8.180936  4.339854
14.02  8.180936  4.339854
14.03  8.180952  4.339854
14.04  8.180952  4.339854
14.05  8.180968  4.339854
14.06  8.180968  4.339854
14.07  8.180985  4.339854
14.08  8.180985  4.339854
14.09  8.181001  4.339854
14.10  8.181001  4.339861
14.11  8.181018  4.339861
14.12  8.181018  4.339861
14.13  8.181018  4.339861
14.14  8.181034  4.339861
14.15  8.181034  4.339861
14.16  8.181050  4.339861
14.17  8.181050  4.339861
14.18  8.181067  4.339861
14.19  8.181067  4.339861
14.20  8.181083  4.339861
14.21  8.181083  4.339861
14.22  8.181099  4.339861
14.23  8.181099  4.339868
14.24  8.181099  4.339868
14.25  8.181116  4.339868
14.26  8.181116  4.339868
14.27  8.181132  4.339868
14.28  8.181132  4.339868
14.29  8.181148  4.339868
14.30  8.181148  4.339868
14.31  8.181164  4.339868
14.32  8.181164  4.339868
14.33  8.181181  4.339868
14.34  8.181181  4.339868
14.35  8.181181  4.339868
14.36  8.181197  4.339875
14.37  8.181197  4.339875
14.38  8.181213  4.339875
14.39  8.181213  4.339875
14.40  8.181230  4.339875
14.41  8.181230  4.339875
14.42  8.181246  4.339875
14.43  8.181246  4.339875
14.44  8.181246  4.339875
14.45  8.181262  4.339875
14.46  8.181262  4.339875
14.47  8.181279  4.339875
14.48  8.181279  4.339875
14.49  8.181295  4.339882
14.50  8.181295  4.339882
14.51  8.181311  4.339882
14.52  8.181311  4.339882
14.53  8.181311  4.339882
14.54  8.181328  4.339882
14.55  8.181328  4.339882
14.56  8.181344  4.339882
14.57  8.181344  4.339882
14.58  8.181360  4.339882
14.59  8.181360  4.339882
14.60  8.181377  4.339882
14.61  8.181377  4.339882
14.62  8.181377  4.339889
14.63  8.181393  4.339889
14.64  8.181393  4.339889
14.65  8.181409  4.339889
14.66  8.181409  4.339889
14.67  8.181426  4.339889
14.68  8.181426  4.339889
14.69  8.181442  4.339889
14.70  8.181442  4.339889
14.71  8.181442  4.339889
14.72  8.181458  4.339889
14.73  8.181458  4.339889
14.74  8.181475  4.339889
14.75  8.181475  4.339897
14.76  8.181491  4.339897
14.77  8.181491  4.339897
14.78  8.181491  4.339897
14.79  8.181507  4.339897
14.80  8.181507  4.339897
14.81  8.181524  4.339897
14.82  8.181524  4.339897
14.83  8.181540  4.339897
14.84  8.181540  4.339897
14.85  8.181556  4.339897
14.86  8.181556  4.339897
14.87  8.181556  4.339904
14.88  8.181573  4.339904
14.89  8.181573  4.339904
14.90  8.181589  4.339904
14.91  8.181589  4.339904
14.92  8.181605  4.339904
14.93  8.181605  4.339904
14.94  8.181605  4.339904
14.95  8.181621  4.339904
14.96  8.181621  4.339904
14.97  8.181638  4.339904
14.98  8.181638  4.339904
14.99  8.181654  4.339904
15.00  8.181654  4.339911
