 t       A(O)      A(F)
 0.03  6.730574  2.633296
 0.04  7.266876  3.115602
 0.05  7.568932  3.408230
 0.06  7.762098  3.606959
 0.07  7.901109  3.752612
 0.08  8.008602  3.865628
 0.09  8.094128  3.956166
 0.10  8.165108  4.033905
 0.11  8.220767  4.097803
 0.12  8.269396  4.154432
 0.13  8.313335  4.205500
 0.14  8.353109  4.251396
 0.15  8.390157  4.291436
 0.16  8.425016  4.325203
 0.17  8.456930  4.354755
 0.18  8.485821  4.381550
 0.19  8.512294  4.406212
 0.20  8.536663  4.429100
 0.21  8.559247  4.450480
 0.22  8.580334  4.470581
 0.23  8.600105  4.489541
 0.24  8.618877  4.508053
 0.25  8.637013  4.527089
 0.26  8.654479  4.545956
 0.27  8.671245  4.564012
 0.28  8.687395  4.581332
 0.29  8.702975  4.597984
 0.30  8.718020  4.614000
 0.31  8.732564  4.629473
 0.32  8.746628  4.644393
 0.33  8.760248  4.658802
 0.34  8.773444  4.672771
 0.35  8.786248  4.686318
 0.36  8.798690  4.699406
 0.37  8.810756  4.712132
 0.38  8.822495  4.724537
 0.39  8.833896  4.736647
 0.40  8.845041  4.748437
 0.41  8.855878  4.759905
 0.42  8.866419  4.771063
 0.43  8.876712  4.781953
 0.44  8.886769  4.792562
 0.45  8.896571  4.802933
 0.46  8.906158  4.813073
 0.47  8.915539  4.822966
 0.48  8.924690  4.832625
 0.49  8.933658  4.842086
 0.50  8.942444  4.851332
 0.51  8.951057  4.860392
 0.52  8.959476  4.869280
 0.53  8.967706  4.877953
 0.54  8.975811  4.886485
 0.55  8.983798  4.894821
 0.56  8.991673  4.903139
 0.57  8.999406  4.911265
 0.58  9.006976  4.919249
 0.59  9.014394  4.927079
 0.60  9.021715  4.934760
 0.61  9.028884  4.942290
 0.62  9.035914  4.949702
 0.63  9.042835  4.956979
 0.64  9.049644  4.964142
 0.65  9.056347  4.971192
 0.66  9.062925  4.978121
 0.67  9.069403  4.984927
 0.68  9.075788  4.991655
 0.69  9.082077  4.998266
 0.70  9.088251  5.004764
 0.71  9.094344  5.011196
 0.72  9.100345  5.017532
 0.73  9.106265  5.023769
 0.74  9.112086  5.029941
 0.75  9.117847  5.036029
 0.76  9.123508  5.042036
 0.77  9.129102  5.047957
 0.78  9.134616  5.053811
 0.79  9.140061  5.059594
 0.80  9.145440  5.065308
 0.81  9.150729  5.070950
 0.82  9.155974  5.076526
 0.83  9.161133  5.082018
 0.84  9.166231  5.087448
 0.85  9.171285  5.092826
 0.86  9.176262  5.098131
 0.87  9.181178  5.103358
 0.88  9.186058  5.108543
 0.89  9.190860  5.113654
 0.90  9.195609  5.118711
 0.91  9.200307  5.123715
 0.92  9.204950  5.128650
 0.93  9.209556  5.133542
 0.94  9.214096  5.138359
 0.95  9.218584  5.143123
 0.96  9.223043  5.147840
 0.97  9.227433  5.152494
 0.98  9.231779  5.157103
 0.99  9.236094  5.161663
 1.00  9.240365  5.166167
 1.01  9.244447  5.170487
 1.02  9.240621  5.175479
 1.03  9.232506  5.168232
 1.04  9.224659  5.161123
 1.05  9.217069  5.154291
 1.06  9.209722  5.147708
 1.07  9.202624  5.141362
 1.08  9.195735  5.135228
 1.09  9.189063  5.129285
 1.10  9.182591  5.123534
 1.11  9.176295  5.117931
 1.12  9.170179  5.112508
 1.13  9.164221  5.107232
 1.14  9.158431  5.102110
 1.15  9.152773  5.097135
 1.16  9.147288  5.092288
 1.17  9.141919  5.087575
 1.18  9.136712  5.082982
 1.19  9.131607  5.078499
 1.20  9.126620  5.074118
 1.21  9.121785  5.069850
 1.22  9.117036  5.065664
 1.23  9.112393  5.061571
 1.24  9.107863  5.057562
 1.25  9.103449  5.053625
 1.26  9.099122  5.049765
 1.27  9.094872  5.045979
 1.28  9.090740  5.042247
 1.29  9.086679  5.038582
 1.30  9.082696  5.034990
 1.31  9.078815  5.031455
 1.32  9.075015  5.027979
 1.33  9.071289  5.024553
 1.34  9.067624  5.021188
 1.35  9.064045  5.017885
 1.36  9.060520  5.014636
 1.37  9.057084  5.011433
 1.38  9.053710  5.008290
 1.39  9.050394  5.005204
 1.40  9.047147  5.002150
 1.41  9.043960  4.999153
 1.42  9.040840  4.996204
 1.43  9.037763  4.993301
 1.44  9.034753  4.990445
 1.45  9.031784  4.987634
 1.46  9.028880  4.984867
 1.47  9.026022  4.982132
 1.48  9.023210  4.979447
 1.49  9.020467  4.976809
 1.50  9.017768  4.974199
 1.51  9.015087  4.971638
 1.52  9.012482  4.969111
 1.53  9.009922  4.966633
 1.54  9.007383  4.964186
 1.55  9.004921  4.961775
 1.56  9.002481  4.959396
 1.57  9.000056  4.957045
 1.58  8.997713  4.954731
 1.59  8.995392  4.952470
 1.60  8.993093  4.950223
 1.61  8.990867  4.948006
 1.62  8.988642  4.945828
 1.63  8.986469  4.943684
 1.64  8.984348  4.941577
 1.65  8.982246  4.939500
 1.66  8.980175  4.937445
 1.67  8.978124  4.935421
 1.68  8.976127  4.933415
 1.69  8.974156  4.931445
 1.70  8.972206  4.929509
 1.71  8.970288  4.927595
 1.72  8.968422  4.925715
 1.73  8.966582  4.923854
 1.74  8.964742  4.922031
 1.75  8.962953  4.920223
 1.76  8.961193  4.918434
 1.77  8.959461  4.916684
 1.78  8.957724  4.914950
 1.79  8.956046  4.913256
 1.80  8.954396  4.911583
 1.81  8.952772  4.909925
 1.82  8.951148  4.908287
 1.83  8.949579  4.906687
 1.84  8.948010  4.905108
 1.85  8.946467  4.903545
 1.86  8.944954  4.902003
 1.87  8.943473  4.900483
 1.88  8.942018  4.898980
 1.89  8.940564  4.897521
 1.90  8.939137  4.896057
 1.91  8.937737  4.894632
 1.92  8.936374  4.893235
 1.93  8.935003  4.891829
 1.94  8.933664  4.890468
 1.95  8.932353  4.889103
 1.96  8.931043  4.887783
 1.97  8.929766  4.886464
 1.98  8.928513  4.885182
 1.99  8.927262  4.883901
 2.00  8.926044  4.882644
 2.01  8.924824  4.881406
 2.02  8.923632  4.880187
 2.03  8.922475  4.878992
 2.04  8.921315  4.877795
 2.05  8.920185  4.876640
 2.06  8.919057  4.875487
 2.07  8.917926  4.874331
 2.08  8.916858  4.873218
 2.09  8.915760  4.872107
 2.10  8.914692  4.871017
 2.11  8.913659  4.869952
 2.12  8.912619  4.868880
 2.13  8.911615  4.867833
 2.14  8.910609  4.866807
 2.15  8.909605  4.865783
 2.16  8.908633  4.864781
 2.17  8.907659  4.863800
 2.18  8.906716  4.862816
 2.19  8.905776  4.861836
 2.20  8.904834  4.860900
 2.21  8.903924  4.859963
 2.22  8.903045  4.859024
 2.23  8.902137  4.858111
 2.24  8.901260  4.857219
 2.25  8.900416  4.856327
 2.26  8.899536  4.855432
 2.27  8.898693  4.854588
 2.28  8.897883  4.853719
 2.29  8.897037  4.852872
 2.30  8.896224  4.852047
 2.31  8.895448  4.851226
 2.32  8.894633  4.850399
 2.33  8.893855  4.849598
 2.34  8.893075  4.848821
 2.35  8.892329  4.848018
 2.36  8.891586  4.847266
 2.37  8.890838  4.846485
 2.38  8.890093  4.845731
 2.39  8.889347  4.844976
 2.40  8.888634  4.844244
 2.41  8.887920  4.843511
 2.42  8.887206  4.842801
 2.43  8.886529  4.842071
 2.44  8.885813  4.841383
 2.45  8.885134  4.840675
 2.46  8.884455  4.839990
 2.47  8.883810  4.839304
 2.48  8.883129  4.838617
 2.49  8.882486  4.837958
 2.50  8.881839  4.837294
 2.51  8.881195  4.836658
 2.52  8.880550  4.835996
 2.53  8.879939  4.835359
 2.54  8.879328  4.834745
 2.55  8.878716  4.834105
 2.56  8.878103  4.833490
 2.57  8.877490  4.832874
 2.58  8.876915  4.832286
 2.59  8.876305  4.831673
 2.60  8.875725  4.831079
 2.61  8.875149  4.830514
 2.62  8.874607  4.829924
 2.63  8.874034  4.829362
 2.64  8.873491  4.828795
 2.65  8.872948  4.828253
 2.66  8.872409  4.827714
 2.67  8.871869  4.827150
 2.68  8.871360  4.826631
 2.69  8.870819  4.826090
 2.70  8.870313  4.825574
 2.71  8.869812  4.825062
 2.72  8.869305  4.824545
 2.73  8.868798  4.824028
 2.74  8.868330  4.823540
 2.75  8.867822  4.823046
 2.76  8.867354  4.822557
 2.77  8.866886  4.822068
 2.78  8.866417  4.821603
 2.79  8.865947  4.821137
 2.80  8.865514  4.820671
 2.81  8.865043  4.820205
 2.82  8.864613  4.819743
 2.83  8.864179  4.819301
 2.84  8.863748  4.818864
 2.85  8.863313  4.818421
 2.86  8.862881  4.817983
 2.87  8.862450  4.817544
 2.88  8.862054  4.817131
 2.89  8.861621  4.816717
 2.90  8.861225  4.816303
 2.91  8.860829  4.815888
 2.92  8.860432  4.815473
 2.93  8.860039  4.815088
 2.94  8.859641  4.814673
 2.95  8.859285  4.814287
 2.96  8.858887  4.813896
 2.97  8.858530  4.813510
 2.98  8.858135  4.813149
 2.99  8.857773  4.812757
 3.00  8.857415  4.812396
 3.01  8.857057  4.812034
 3.02  8.856698  4.811672
 3.03  8.856340  4.811310
 3.04  8.856022  4.810952
 3.05  8.855663  4.810589
 3.06  8.855304  4.810252
 3.07  8.854981  4.809915
 3.08  8.854663  4.809582
 3.09  8.854339  4.809244
 3.10  8.853984  4.808910
 3.11  8.853660  4.808572
 3.12  8.853341  4.808238
 3.13  8.853058  4.807930
 3.14  8.852739  4.807596
 3.15  8.852419  4.807287
 3.16  8.852132  4.806974
 3.17  8.851811  4.806665
 3.18  8.851528  4.806356
 3.19  8.851212  4.806077
 3.20  8.850929  4.805767
 3.21  8.850645  4.805484
 3.22  8.850361  4.805174
 3.23  8.850082  4.804894
 3.24  8.849798  4.804610
 3.25  8.849514  4.804326
 3.26  8.849271  4.804046
 3.27  8.848987  4.803762
 3.28  8.848706  4.803508
 3.29  8.848464  4.803227
 3.30  8.848221  4.802973
 3.31  8.847935  4.802688
 3.32  8.847692  4.802433
 3.33  8.847449  4.802179
 3.34  8.847205  4.801924
 3.35  8.846962  4.801669
 3.36  8.846718  4.801414
 3.37  8.846474  4.801185
 3.38  8.846230  4.800930
 3.39  8.845986  4.800701
 3.40  8.845747  4.800450
 3.41  8.845540  4.800221
 3.42  8.845296  4.799992
 3.43  8.845089  4.799762
 3.44  8.844849  4.799537
 3.45  8.844642  4.799307
 3.46  8.844439  4.799082
 3.47  8.844232  4.798852
 3.48  8.843992  4.798654
 3.49  8.843789  4.798428
 3.50  8.843582  4.798224
 3.51  8.843379  4.798025
 3.52  8.843176  4.797799
 3.53  8.842968  4.797596
 3.54  8.842803  4.797396
 3.55  8.842600  4.797197
 3.56  8.842396  4.796997
 3.57  8.842231  4.796797
 3.58  8.842028  4.796598
 3.59  8.841824  4.796424
 3.60  8.841658  4.796225
 3.61  8.841493  4.796025
 3.62  8.841289  4.795851
 3.63  8.841123  4.795678
 3.64  8.840957  4.795477
 3.65  8.840758  4.795308
 3.66  8.840592  4.795135
 3.67  8.840426  4.794961
 3.68  8.840265  4.794792
 3.69  8.840098  4.794618
 3.70  8.839932  4.794444
 3.71  8.839771  4.794275
 3.72  8.839604  4.794101
 3.73  8.839443  4.793958
 3.74  8.839314  4.793784
 3.75  8.839152  4.793614
 3.76  8.838986  4.793467
 3.77  8.838824  4.793297
 3.78  8.838700  4.793154
 3.79  8.838534  4.793006
 3.80  8.838410  4.792837
 3.81  8.838248  4.792693
 3.82  8.838119  4.792546
 3.83  8.837957  4.792402
 3.84  8.837833  4.792259
 3.85  8.837709  4.792116
 3.86  8.837546  4.791973
 3.87  8.837418  4.791825
 3.88  8.837294  4.791681
 3.89  8.837169  4.791565
 3.90  8.837045  4.791421
 3.91  8.836921  4.791278
 3.92  8.836758  4.791161
 3.93  8.836634  4.791017
 3.94  8.836510  4.790901
 3.95  8.836385  4.790757
 3.96  8.836299  4.790640
 3.97  8.836180  4.790528
 3.98  8.836055  4.790384
 3.99  8.835931  4.790267
 4.00  8.835806  4.790150
 4.01  8.835682  4.790033
 4.02  8.835600  4.789921
 4.03  8.835476  4.789804
 4.04  8.835351  4.789687
 4.05  8.835265  4.789570
 4.06  8.835145  4.789457
 4.07  8.835059  4.789340
 4.08  8.834934  4.789223
 4.09  8.834814  4.789110
 4.10  8.834727  4.789020
 4.11  8.834646  4.788908
 4.12  8.834521  4.788790
 4.13  8.834439  4.788705
 4.14  8.834314  4.788587
 4.15  8.834233  4.788475
 4.16  8.834146  4.788384
 4.17  8.834026  4.788299
 4.18  8.833940  4.788181
 4.19  8.833858  4.788096
 4.20  8.833771  4.787978
 4.21  8.833651  4.787892
 4.22  8.833565  4.787802
 4.23  8.833483  4.787716
 4.24  8.833401  4.787603
 4.25  8.833314  4.787513
 4.26  8.833232  4.787427
 4.27  8.833151  4.787341
 4.28  8.833069  4.787255
 4.29  8.832982  4.787165
 4.30  8.832900  4.787079
 4.31  8.832818  4.786993
 4.32  8.832736  4.786907
 4.33  8.832650  4.786816
 4.34  8.832568  4.786757
 4.35  8.832524  4.786671
 4.36  8.832442  4.786585
 4.37  8.832360  4.786499
 4.38  8.832278  4.786440
 4.39  8.832196  4.786354
 4.40  8.832153  4.786268
 4.41  8.832071  4.786209
 4.42  8.831984  4.786119
 4.43  8.831941  4.786033
 4.44  8.831859  4.785974
 4.45  8.831776  4.785887
 4.46  8.831733  4.785828
 4.47  8.831651  4.785769
 4.48  8.831607  4.785683
 4.49  8.831525  4.785624
 4.50  8.831448  4.785543
 4.51  8.831404  4.785484
 4.52  8.831322  4.785425
 4.53  8.831279  4.785366
 4.54  8.831235  4.785279
 4.55  8.831153  4.785220
 4.56  8.831110  4.785161
 4.57  8.831027  4.785102
 4.58  8.830984  4.785043
 4.59  8.830906  4.784961
 4.60  8.830863  4.784902
 4.61  8.830819  4.784843
 4.62  8.830737  4.784784
 4.63  8.830694  4.784725
 4.64  8.830650  4.784666
 4.65  8.830611  4.784612
 4.66  8.830529  4.784552
 4.67  8.830485  4.784493
 4.68  8.830442  4.784434
 4.69  8.830403  4.784407
 4.70  8.830360  4.784348
 4.71  8.830277  4.784289
 4.72  8.830238  4.784234
 4.73  8.830195  4.784175
 4.74  8.830151  4.784143
 4.75  8.830112  4.784088
 4.76  8.830069  4.784029
 4.77  8.830025  4.783970
 4.78  8.829947  4.783943
 4.79  8.829904  4.783884
 4.80  8.829860  4.783824
 4.81  8.829821  4.783797
 4.82  8.829778  4.783738
 4.83  8.829739  4.783683
 4.84  8.829695  4.783651
 4.85  8.829652  4.783592
 4.86  8.829613  4.783565
 4.87  8.829569  4.783506
 4.88  8.829530  4.783478
 4.89  8.829487  4.783419
 4.90  8.829487  4.783392
 4.91  8.829443  4.783332
 4.92  8.829404  4.783305
 4.93  8.829361  4.783273
 4.94  8.829322  4.783218
 4.95  8.829278  4.783186
 4.96  8.829239  4.783132
 4.97  8.829196  4.783100
 4.98  8.829196  4.783072
 4.99  8.829152  4.783013
 5.00  8.829113  4.782986
 5.01  8.829070  4.782954
 5.02  8.829030  4.782927
 5.03  8.829026  4.782867
 5.04  8.828987  4.782840
 5.05  8.828948  4.782812
 5.06  8.828904  4.782780
 5.07  8.828904  4.782726
 5.08  8.828861  4.782694
 5.09  8.828822  4.782666
 5.10  8.828778  4.782634
 5.11  8.828778  4.782607
 5.12  8.828739  4.782580
 5.13  8.828695  4.782548
 5.14  8.828695  4.782493
 5.15  8.828656  4.782466
 5.16  8.828613  4.782434
 5.17  8.828613  4.782406
 5.18  8.828574  4.782379
 5.19  8.828530  4.782347
 5.20  8.828530  4.782319
 5.21  8.828486  4.782287
 5.22  8.828486  4.782260
 5.23  8.828447  4.782233
 5.24  8.828404  4.782201
 5.25  8.828404  4.782173
 5.26  8.828365  4.782146
 5.27  8.828365  4.782118
 5.28  8.828321  4.782086
 5.29  8.828282  4.782059
 5.30  8.828282  4.782032
 5.31  8.828238  4.782000
 5.32  8.828238  4.782000
 5.33  8.828199  4.781972
 5.34  8.828195  4.781940
 5.35  8.828156  4.781913
 5.36  8.828156  4.781885
 5.37  8.828116  4.781858
 5.38  8.828112  4.781826
 5.39  8.828073  4.781826
 5.40  8.828073  4.781798
 5.41  8.828034  4.781771
 5.42  8.828029  4.781739
 5.43  8.827990  4.781712
 5.44  8.827990  4.781712
 5.45  8.827951  4.781684
 5.46  8.827951  4.781657
 5.47  8.827907  4.781625
 5.48  8.827907  4.781625
 5.49  8.827907  4.781597
 5.50  8.827868  4.781570
 5.51  8.827863  4.781538
 5.52  8.827824  4.781538
 5.53  8.827824  4.781510
 5.54  8.827824  4.781483
 5.55  8.827785  4.781483
 5.56  8.827785  4.781455
 5.57  8.827742  4.781423
 5.58  8.827742  4.781423
 5.59  8.827742  4.781396
 5.60  8.827702  4.781368
 5.61  8.827702  4.781368
 5.62  8.827698  4.781336
 5.63  8.827659  4.781336
 5.64  8.827659  4.781309
 5.65  8.827659  4.781281
 5.66  8.827620  4.781281
 5.67  8.827620  4.781254
 5.68  8.827620  4.781254
 5.69  8.827580  4.781227
 5.70  8.827576  4.781222
 5.71  8.827576  4.781194
 5.72  8.827537  4.781194
 5.73  8.827537  4.781167
 5.74  8.827537  4.781140
 5.75  8.827537  4.781140
 5.76  8.827498  4.781112
 5.77  8.827498  4.781112
 5.78  8.827493  4.781080
 5.79  8.827454  4.781080
 5.80  8.827454  4.781080
 5.81  8.827454  4.781053
 5.82  8.827454  4.781053
 5.83  8.827415  4.781025
 5.84  8.827415  4.781025
 5.85  8.827415  4.780998
 5.86  8.827415  4.780998
 5.87  8.827376  4.780970
 5.88  8.827376  4.780970
 5.89  8.827376  4.780970
 5.90  8.827371  4.780938
 5.91  8.827371  4.780938
 5.92  8.827332  4.780911
 5.93  8.827332  4.780911
 5.94  8.827332  4.780911
 5.95  8.827332  4.780883
 5.96  8.827332  4.780883
 5.97  8.827293  4.780856
 5.98  8.827293  4.780856
 5.99  8.827293  4.780856
 6.00  8.827293  4.780828
 6.01  8.827293  4.780828
 6.02  8.827293  4.780828
 6.03  8.827254  4.780801
 6.04  8.827254  4.780801
 6.05  8.827254  4.780801
 6.06  8.827254  4.780773
 6.07  8.827254  4.780773
 6.08  8.827254  4.780773
 6.09  8.827214  4.780746
 6.10  8.827214  4.780746
 6.11  8.827214  4.780746
 6.12  8.827214  4.780718
 6.13  8.827214  4.780718
 6.14  8.827214  4.780718
 6.15  8.827214  4.780718
 6.16  8.827214  4.780691
 6.17  8.827175  4.780691
 6.18  8.827175  4.780691
 6.19  8.827175  4.780691
 6.20  8.827175  4.780663
 6.21  8.827175  4.780663
 6.22  8.827175  4.780663
 6.23  8.827175  4.780636
 6.24  8.827175  4.780636
 6.25  8.827175  4.780636
 6.26  8.827175  4.780636
 6.27  8.827136  4.780636
 6.28  8.827136  4.780608
 6.29  8.827136  4.780608
 6.30  8.827136  4.780608
 6.31  8.827136  4.780608
 6.32  8.827136  4.780581
 6.33  8.827136  4.780581
 6.34  8.827136  4.780581
 6.35  8.827136  4.780581
 6.36  8.827136  4.780581
 6.37  8.827136  4.780553
 6.38  8.827136  4.780553
 6.39  8.827136  4.780553
 6.40  8.827097  4.780553
 6.41  8.827097  4.780553
 6.42  8.827097  4.780553
 6.43  8.827097  4.780526
 6.44  8.827097  4.780526
 6.45  8.827097  4.780526
 6.46  8.827097  4.780526
 6.47  8.827097  4.780526
 6.48  8.827097  4.780526
 6.49  8.827097  4.780498
 6.50  8.827097  4.780498
 6.51  8.827097  4.780498
 6.52  8.827097  4.780498
 6.53  8.827097  4.780498
 6.54  8.827097  4.780498
 6.55  8.827097  4.780498
 6.56  8.827097  4.780470
 6.57  8.827101  4.780475
 6.58  8.827101  4.780475
 6.59  8.827101  4.780475
 6.60  8.827101  4.780475
 6.61  8.827101  4.780475
 6.62  8.827101  4.780475
 6.63  8.827101  4.780475
 6.64  8.827101  4.780475
 6.65  8.827101  4.780448
 6.66  8.827101  4.780448
 6.67  8.827101  4.780448
 6.68  8.827101  4.780448
 6.69  8.827101  4.780448
 6.70  8.827101  4.780448
 6.71  8.827101  4.780448
 6.72  8.827101  4.780448
 6.73  8.827101  4.780448
 6.74  8.827101  4.780420
 6.75  8.827106  4.780425
 6.76  8.827106  4.780425
 6.77  8.827106  4.780425
 6.78  8.827106  4.780425
 6.79  8.827106  4.780425
 6.80  8.827106  4.780425
 6.81  8.827106  4.780425
 6.82  8.827106  4.780425
 6.83  8.827106  4.780425
 6.84  8.827106  4.780425
 6.85  8.827106  4.780425
 6.86  8.827106  4.780425
 6.87  8.827106  4.780397
 6.88  8.827106  4.780397
 6.89  8.827106  4.780397
 6.90  8.827111  4.780402
 6.91  8.827111  4.780402
 6.92  8.827111  4.780402
 6.93  8.827111  4.780402
 6.94  8.827111  4.780402
 6.95  8.827111  4.780402
 6.96  8.827111  4.780402
 6.97  8.827111  4.780402
 6.98  8.827111  4.780402
 6.99  8.827111  4.780402
 7.00  8.827111  4.780402
 7.01  8.827111  4.780402
 7.02  8.827111  4.780402
 7.03  8.827115  4.780406
 7.04  8.827115  4.780406
 7.05  8.827115  4.780406
 7.06  8.827115  4.780406
 7.07  8.827115  4.780406
 7.08  8.827115  4.780406
 7.09  8.827115  4.780406
 7.10  8.827115  4.780406
 7.11  8.827115  4.780406
 7.12  8.827115  4.780406
 7.13  8.827115  4.780379
 7.14  8.827120  4.780383
 7.15  8.827120  4.780383
 7.16  8.827159  4.780383
 7.17  8.827159  4.780383
 7.18  8.827159  4.780383
 7.19  8.827159  4.780383
 7.20  8.827159  4.780383
 7.21  8.827159  4.780383
 7.22  8.827159  4.780383
 7.23  8.827159  4.780383
 7.24  8.827159  4.780383
 7.25  8.827163  4.780388
 7.26  8.827163  4.780388
 7.27  8.827163  4.780388
 7.28  8.827163  4.780388
 7.29  8.827163  4.780388
 7.30  8.827163  4.780388
 7.31  8.827163  4.780388
 7.32  8.827163  4.780388
 7.33  8.827163  4.780388
 7.34  8.827203  4.780388
 7.35  8.827207  4.780392
 7.36  8.827207  4.780392
 7.37  8.827207  4.780420
 7.38  8.827207  4.780420
 7.39  8.827207  4.780420
 7.40  8.827207  4.780420
 7.41  8.827207  4.780420
 7.42  8.827207  4.780420
 7.43  8.827207  4.780420
 7.44  8.827207  4.780420
 7.45  8.827212  4.780425
 7.46  8.827212  4.780425
 7.47  8.827212  4.780425
 7.48  8.827251  4.780425
 7.49  8.827251  4.780425
 7.50  8.827251  4.780425
 7.51  8.827251  4.780425
 7.52  8.827251  4.780425
 7.53  8.827251  4.780425
 7.54  8.827255  4.780429
 7.55  8.827255  4.780429
 7.56  8.827255  4.780429
 7.57  8.827255  4.780429
 7.58  8.827255  4.780429
 7.59  8.827255  4.780429
 7.60  8.827255  4.780429
 7.61  8.827295  4.780429
 7.62  8.827295  4.780429
 7.63  8.827295  4.780429
 7.64  8.827299  4.780434
 7.65  8.827299  4.780434
 7.66  8.827299  4.780434
 7.67  8.827299  4.780434
 7.68  8.827299  4.780434
 7.69  8.827299  4.780461
 7.70  8.827299  4.780461
 7.71  8.827299  4.780461
 7.72  8.827299  4.780461
 7.73  8.827343  4.780466
 7.74  8.827343  4.780466
 7.75  8.827343  4.780466
 7.76  8.827343  4.780466
 7.77  8.827343  4.780466
 7.78  8.827343  4.780466
 7.79  8.827343  4.780466
 7.80  8.827343  4.780466
 7.81  8.827348  4.780470
 7.82  8.827348  4.780470
 7.83  8.827348  4.780470
 7.84  8.827387  4.780470
 7.85  8.827387  4.780470
 7.86  8.827387  4.780470
 7.87  8.827387  4.780470
 7.88  8.827387  4.780498
 7.89  8.827387  4.780498
 7.90  8.827391  4.780502
 7.91  8.827391  4.780502
 7.92  8.827391  4.780502
 7.93  8.827391  4.780502
 7.94  8.827391  4.780502
 7.95  8.827430  4.780502
 7.96  8.827430  4.780502
 7.97  8.827430  4.780502
 7.98  8.827430  4.780502
 7.99  8.827435  4.780507
 8.00  8.827435  4.780507
 8.01  8.827435  4.780507
 8.02  8.827435  4.780507
 8.03  8.827435  4.780534
 8.04  8.827435  4.780534
 8.05  8.827435  4.780534
 8.06  8.827474  4.780534
 8.07  8.827479  4.780539
 8.08  8.827479  4.780539
 8.09  8.827479  4.780539
 8.10  8.827479  4.780539
 8.11  8.827479  4.780539
 8.12  8.827479  4.780539
 8.13  8.827479  4.780539
 8.14  8.827479  4.780539
 8.15  8.827479  4.780539
 8.16  8.827522  4.780544
 8.17  8.827522  4.780571
 8.18  8.827522  4.780571
 8.19  8.827522  4.780571
 8.20  8.827522  4.780571
 8.21  8.827522  4.780571
 8.22  8.827522  4.780571
 8.23  8.827522  4.780571
 8.24  8.827527  4.780576
 8.25  8.827527  4.780576
 8.26  8.827566  4.780576
 8.27  8.827566  4.780576
 8.28  8.827566  4.780576
 8.29  8.827566  4.780576
 8.30  8.827566  4.780603
 8.31  8.827566  4.780603
 8.32  8.827566  4.780603
 8.33  8.827571  4.780608
 8.34  8.827571  4.780608
 8.35  8.827610  4.780608
 8.36  8.827610  4.780608
 8.37  8.827610  4.780608
 8.38  8.827610  4.780608
 8.39  8.827610  4.780608
 8.40  8.827610  4.780608
 8.41  8.827614  4.780612
 8.42  8.827614  4.780640
 8.43  8.827614  4.780640
 8.44  8.827614  4.780640
 8.45  8.827654  4.780640
 8.46  8.827654  4.780640
 8.47  8.827654  4.780640
 8.48  8.827654  4.780640
 8.49  8.827658  4.780644
 8.50  8.827658  4.780644
 8.51  8.827658  4.780644
 8.52  8.827658  4.780644
 8.53  8.827658  4.780644
 8.54  8.827697  4.780672
 8.55  8.827697  4.780672
 8.56  8.827697  4.780672
 8.57  8.827702  4.780677
 8.58  8.827702  4.780677
 8.59  8.827702  4.780677
 8.60  8.827702  4.780677
 8.61  8.827702  4.780677
 8.62  8.827702  4.780677
 8.63  8.827702  4.780677
 8.64  8.827741  4.780677
 8.65  8.827741  4.780677
 8.66  8.827746  4.780709
 8.67  8.827746  4.780709
 8.68  8.827746  4.780709
 8.69  8.827746  4.780709
 8.70  8.827746  4.780709
 8.71  8.827746  4.780709
 8.72  8.827746  4.780709
 8.73  8.827785  4.780709
 8.74  8.827789  4.780713
 8.75  8.827789  4.780713
 8.76  8.827789  4.780713
 8.77  8.827789  4.780741
 8.78  8.827789  4.780741
 8.79  8.827789  4.780741
 8.80  8.827789  4.780741
 8.81  8.827789  4.780741
 8.82  8.827833  4.780745
 8.83  8.827833  4.780745
 8.84  8.827833  4.780745
 8.85  8.827833  4.780745
 8.86  8.827833  4.780745
 8.87  8.827833  4.780745
 8.88  8.827833  4.780773
 8.89  8.827833  4.780773
 8.90  8.827833  4.780773
 8.91  8.827877  4.780777
 8.92  8.827877  4.780777
 8.93  8.827877  4.780777
 8.94  8.827877  4.780777
 8.95  8.827877  4.780777
 8.96  8.827877  4.780777
 8.97  8.827877  4.780777
 8.98  8.827877  4.780777
 8.99  8.827881  4.780809
 9.00  8.827881  4.780809
 9.01  8.827920  4.780809
 9.02  8.827920  4.780809
 9.03  8.827920  4.780809
 9.04  8.827920  4.780809
 9.05  8.827920  4.780809
 9.06  8.827920  4.780809
 9.07  8.827920  4.780809
 9.08  8.827925  4.780814
 9.09  8.827925  4.780814
 9.10  8.827964  4.780842
 9.11  8.827964  4.780842
 9.12  8.827964  4.780842
 9.13  8.827964  4.780842
 9.14  8.827964  4.780842
 9.15  8.827964  4.780842
 9.16  8.827969  4.780846
 9.17  8.827969  4.780846
 9.18  8.827969  4.780846
 9.19  8.828008  4.780846
 9.20  8.828008  4.780874
 9.21  8.828008  4.780874
 9.22  8.828008  4.780874
 9.23  8.828008  4.780874
 9.24  8.828012  4.780878
 9.25  8.828012  4.780878
 9.26  8.828012  4.780878
 9.27  8.828012  4.780878
 9.28  8.828051  4.780878
 9.29  8.828051  4.780878
 9.30  8.828051  4.780878
 9.31  8.828051  4.780906
 9.32  8.828051  4.780906
 9.33  8.828056  4.780910
 9.34  8.828056  4.780910
 9.35  8.828056  4.780910
 9.36  8.828056  4.780910
 9.37  8.828095  4.780910
 9.38  8.828095  4.780910
 9.39  8.828095  4.780910
 9.40  8.828095  4.780910
 9.41  8.828095  4.780910
 9.42  8.828100  4.780942
 9.43  8.828100  4.780942
 9.44  8.828100  4.780942
 9.45  8.828100  4.780942
 9.46  8.828100  4.780942
 9.47  8.828139  4.780942
 9.48  8.828139  4.780942
 9.49  8.828139  4.780942
 9.50  8.828143  4.780947
 9.51  8.828143  4.780947
 9.52  8.828143  4.780974
 9.53  8.828143  4.780974
 9.54  8.828143  4.780974
 9.55  8.828143  4.780974
 9.56  8.828182  4.780974
 9.57  8.828182  4.780974
 9.58  8.828182  4.780974
 9.59  8.828187  4.780979
 9.60  8.828187  4.780979
 9.61  8.828187  4.780979
 9.62  8.828187  4.780979
 9.63  8.828187  4.781006
 9.64  8.828187  4.781006
 9.65  8.828226  4.781006
 9.66  8.828226  4.781006
 9.67  8.828226  4.781006
 9.68  8.828231  4.781011
 9.69  8.828231  4.781011
 9.70  8.828231  4.781011
 9.71  8.828231  4.781011
 9.72  8.828231  4.781011
 9.73  8.828231  4.781011
 9.74  8.828231  4.781039
 9.75  8.828270  4.781039
 9.76  8.828270  4.781039
 9.77  8.828274  4.781043
 9.78  8.828274  4.781043
 9.79  8.828274  4.781043
 9.80  8.828274  4.781043
 9.81  8.828274  4.781043
 9.82  8.828274  4.781043
 9.83  8.828274  4.781043
 9.84  8.828313  4.781071
 9.85  8.828313  4.781071
 9.86  8.828318  4.781075
 9.87  8.828318  4.781075
 9.88  8.828318  4.781075
 9.89  8.828318  4.781075
 9.90  8.828318  4.781075
 9.91  8.828318  4.781075
 9.92  8.828318  4.781075
 9.93  8.828318  4.781075
 9.94  8.828357  4.781075
 9.95  8.828362  4.781107
 9.96  8.828362  4.781107
 9.97  8.828362  4.781107
 9.98  8.828362  4.781107
 9.99  8.828362  4.781107
10.00  8.828362  4.781107
10.01  8.828362  4.781107
10.02  8.828362  4.781107
10.03  8.828362  4.781107
10.04  8.828405  4.781112
10.05  8.828405  4.781112
10.06  8.828405  4.781139
10.07  8.828405  4.781139
10.08  8.828405  4.781139
10.09  8.828405  4.781139
10.10  8.828405  4.781139
10.11  8.828405  4.781139
10.12  8.828405  4.781139
10.13  8.828449  4.781144
10.14  8.828449  4.781144
10.15  8.828449  4.781144
10.16  8.828449  4.781144
10.17  8.828449  4.781171
10.18  8.828449  4.781171
10.19  8.828449  4.781171
10.20  8.828449  4.781171
10.21  8.828449  4.781171
10.22  8.828454  4.781176
10.23  8.828493  4.781176
10.24  8.828493  4.781176
10.25  8.828493  4.781176
10.26  8.828493  4.781176
10.27  8.828493  4.781176
10.28  8.828493  4.781203
10.29  8.828493  4.781203
10.30  8.828493  4.781203
10.31  8.828493  4.781203
10.32  8.828497  4.781208
10.33  8.828536  4.781208
10.34  8.828536  4.781208
10.35  8.828536  4.781208
10.36  8.828536  4.781208
10.37  8.828536  4.781208
10.38  8.828536  4.781208
10.39  8.828536  4.781235
10.40  8.828536  4.781235
10.41  8.828536  4.781235
10.42  8.828541  4.781240
10.43  8.828580  4.781240
10.44  8.828580  4.781240
10.45  8.828580  4.781240
10.46  8.828580  4.781240
10.47  8.828580  4.781240
10.48  8.828580  4.781240
10.49  8.828580  4.781240
10.50  8.828580  4.781267
10.51  8.828585  4.781272
10.52  8.828585  4.781272
10.53  8.828624  4.781272
10.54  8.828624  4.781272
10.55  8.828624  4.781272
10.56  8.828624  4.781272
10.57  8.828624  4.781272
10.58  8.828624  4.781272
10.59  8.828624  4.781272
10.60  8.828624  4.781272
10.61  8.828628  4.781277
10.62  8.828628  4.781304
10.63  8.828667  4.781304
10.64  8.828667  4.781304
10.65  8.828667  4.781304
10.66  8.828667  4.781304
10.67  8.828667  4.781304
10.68  8.828667  4.781304
10.69  8.828667  4.781304
10.70  8.828667  4.781304
10.71  8.828672  4.781309
10.72  8.828672  4.781309
10.73  8.828672  4.781336
10.74  8.828711  4.781336
10.75  8.828711  4.781336
10.76  8.828711  4.781336
10.77  8.828711  4.781336
10.78  8.828711  4.781336
10.79  8.828711  4.781336
10.80  8.828711  4.781336
10.81  8.828715  4.781341
10.82  8.828715  4.781341
10.83  8.828715  4.781341
10.84  8.828754  4.781341
10.85  8.828754  4.781368
10.86  8.828754  4.781368
10.87  8.828754  4.781368
10.88  8.828754  4.781368
10.89  8.828754  4.781368
10.90  8.828754  4.781368
10.91  8.828759  4.781373
10.92  8.828759  4.781373
10.93  8.828759  4.781373
10.94  8.828798  4.781373
10.95  8.828798  4.781373
10.96  8.828798  4.781400
10.97  8.828798  4.781400
10.98  8.828798  4.781400
10.99  8.828798  4.781400
11.00  8.828798  4.781400
11.01  8.828803  4.781405
11.02  8.828803  4.781405
11.03  8.828803  4.781405
11.04  8.828803  4.781405
11.05  8.828842  4.781405
11.06  8.828842  4.781405
11.07  8.828842  4.781405
11.08  8.828842  4.781432
11.09  8.828842  4.781432
11.10  8.828842  4.781432
11.11  8.828846  4.781437
11.12  8.828846  4.781437
11.13  8.828846  4.781437
11.14  8.828846  4.781437
11.15  8.828846  4.781437
11.16  8.828885  4.781437
11.17  8.828885  4.781437
11.18  8.828885  4.781437
11.19  8.828885  4.781437
11.20  8.828885  4.781464
11.21  8.828885  4.781464
11.22  8.828890  4.781469
11.23  8.828890  4.781469
11.24  8.828890  4.781469
11.25  8.828890  4.781469
11.26  8.828890  4.781469
11.27  8.828929  4.781469
11.28  8.828929  4.781469
11.29  8.828929  4.781469
11.30  8.828929  4.781469
11.31  8.828929  4.781469
11.32  8.828934  4.781473
11.33  8.828934  4.781501
11.34  8.828934  4.781501
11.35  8.828934  4.781501
11.36  8.828934  4.781501
11.37  8.828934  4.781501
11.38  8.828973  4.781501
11.39  8.828973  4.781501
11.40  8.828973  4.781501
11.41  8.828973  4.781501
11.42  8.828973  4.781501
11.43  8.828977  4.781506
11.44  8.828977  4.781506
11.45  8.828977  4.781533
11.46  8.828977  4.781533
11.47  8.828977  4.781533
11.48  8.828977  4.781533
11.49  8.829016  4.781533
11.50  8.829016  4.781533
11.51  8.829016  4.781533
11.52  8.829016  4.781533
11.53  8.829016  4.781533
11.54  8.829021  4.781538
11.55  8.829021  4.781538
11.56  8.829021  4.781538
11.57  8.829021  4.781565
11.58  8.829021  4.781565
11.59  8.829021  4.781565
11.60  8.829060  4.781565
11.61  8.829060  4.781565
11.62  8.829060  4.781565
11.63  8.829060  4.781565
11.64  8.829064  4.781570
11.65  8.829064  4.781570
11.66  8.829064  4.781570
11.67  8.829064  4.781570
11.68  8.829064  4.781570
11.69  8.829064  4.781570
11.70  8.829064  4.781597
11.71  8.829103  4.781597
11.72  8.829103  4.781597
11.73  8.829103  4.781597
11.74  8.829103  4.781597
11.75  8.829103  4.781597
11.76  8.829108  4.781602
11.77  8.829108  4.781602
11.78  8.829108  4.781602
11.79  8.829108  4.781602
11.80  8.829108  4.781602
11.81  8.829108  4.781602
11.82  8.829108  4.781602
11.83  8.829147  4.781629
11.84  8.829147  4.781629
11.85  8.829147  4.781629
11.86  8.829147  4.781629
11.87  8.829152  4.781634
11.88  8.829152  4.781634
11.89  8.829152  4.781634
11.90  8.829152  4.781634
11.91  8.829152  4.781634
11.92  8.829152  4.781634
11.93  8.829152  4.781634
11.94  8.829152  4.781634
11.95  8.829191  4.781634
11.96  8.829191  4.781661
11.97  8.829191  4.781661
11.98  8.829195  4.781666
11.99  8.829195  4.781666
12.00  8.829195  4.781666
12.01  8.829195  4.781666
12.02  8.829195  4.781666
12.03  8.829195  4.781666
12.04  8.829195  4.781666
12.05  8.829195  4.781666
12.06  8.829195  4.781666
12.07  8.829234  4.781666
12.08  8.829234  4.781666
12.09  8.829234  4.781693
12.10  8.829239  4.781698
12.11  8.829239  4.781698
12.12  8.829239  4.781698
12.13  8.829239  4.781698
12.14  8.829239  4.781698
12.15  8.829239  4.781698
12.16  8.829239  4.781698
12.17  8.829239  4.781698
12.18  8.829239  4.781698
12.19  8.829278  4.781698
12.20  8.829278  4.781698
12.21  8.829278  4.781698
12.22  8.829282  4.781702
12.23  8.829282  4.781730
12.24  8.829282  4.781730
12.25  8.829282  4.781730
12.26  8.829282  4.781730
12.27  8.829282  4.781730
12.28  8.829282  4.781730
12.29  8.829282  4.781730
12.30  8.829282  4.781730
12.31  8.829321  4.781730
12.32  8.829321  4.781730
12.33  8.829321  4.781730
12.34  8.829326  4.781734
12.35  8.829326  4.781734
12.36  8.829326  4.781734
12.37  8.829326  4.781762
12.38  8.829326  4.781762
12.39  8.829326  4.781762
12.40  8.829326  4.781762
12.41  8.829326  4.781762
12.42  8.829326  4.781762
12.43  8.829365  4.781762
12.44  8.829365  4.781762
12.45  8.829365  4.781762
12.46  8.829369  4.781766
12.47  8.829369  4.781766
12.48  8.829369  4.781766
12.49  8.829369  4.781766
12.50  8.829369  4.781766
12.51  8.829369  4.781794
12.52  8.829369  4.781794
12.53  8.829369  4.781794
12.54  8.829369  4.781794
12.55  8.829369  4.781794
12.56  8.829408  4.781794
12.57  8.829408  4.781794
12.58  8.829408  4.781794
12.59  8.829413  4.781798
12.60  8.829413  4.781798
12.61  8.829413  4.781798
12.62  8.829413  4.781798
12.63  8.829413  4.781798
12.64  8.829413  4.781798
12.65  8.829413  4.781826
12.66  8.829413  4.781826
12.67  8.829413  4.781826
12.68  8.829413  4.781826
12.69  8.829452  4.781826
12.70  8.829452  4.781826
12.71  8.829452  4.781826
12.72  8.829457  4.781830
12.73  8.829457  4.781830
12.74  8.829457  4.781830
12.75  8.829457  4.781830
12.76  8.829457  4.781830
12.77  8.829457  4.781830
12.78  8.829457  4.781830
12.79  8.829457  4.781830
12.80  8.829457  4.781830
12.81  8.829457  4.781858
12.82  8.829496  4.781858
12.83  8.829496  4.781858
12.84  8.829496  4.781858
12.85  8.829500  4.781862
12.86  8.829500  4.781862
12.87  8.829500  4.781862
12.88  8.829500  4.781862
12.89  8.829500  4.781862
12.90  8.829500  4.781862
12.91  8.829500  4.781862
12.92  8.829500  4.781862
12.93  8.829500  4.781862
12.94  8.829500  4.781862
12.95  8.829500  4.781862
12.96  8.829539  4.781890
12.97  8.829539  4.781890
12.98  8.829539  4.781890
12.99  8.829544  4.781894
13.00  8.829544  4.781894
13.01  8.829544  4.781894
13.02  8.829544  4.781894
13.03  8.829544  4.781894
13.04  8.829544  4.781894
13.05  8.829544  4.781894
13.06  8.829544  4.781894
13.07  8.829544  4.781894
13.08  8.829544  4.781894
13.09  8.829544  4.781894
13.10  8.829583  4.781894
13.11  8.829583  4.781894
13.12  8.829583  4.781922
13.13  8.829587  4.781926
13.14  8.829587  4.781926
13.15  8.829587  4.781926
13.16  8.829587  4.781926
13.17  8.829587  4.781926
13.18  8.829587  4.781926
13.19  8.829587  4.781926
13.20  8.829587  4.781926
13.21  8.829587  4.781926
13.22  8.829587  4.781926
13.23  8.829626  4.781926
13.24  8.829626  4.781926
13.25  8.829626  4.781926
13.26  8.829626  4.781926
13.27  8.829626  4.781954
13.28  8.829631  4.781958
13.29  8.829631  4.781958
13.30  8.829631  4.781958
13.31  8.829631  4.781958
13.32  8.829631  4.781958
13.33  8.829631  4.781958
13.34  8.829631  4.781958
13.35  8.829631  4.781958
13.36  8.829631  4.781958
13.37  8.829670  4.781958
13.38  8.829670  4.781958
13.39  8.829670  4.781958
13.40  8.829670  4.781958
13.41  8.829670  4.781958
13.42  8.829670  4.781958
13.43  8.829674  4.781991
13.44  8.829674  4.781991
13.45  8.829674  4.781991
13.46  8.829674  4.781991
13.47  8.829674  4.781991
13.48  8.829674  4.781991
13.49  8.829674  4.781991
13.50  8.829674  4.781991
13.51  8.829713  4.781991
13.52  8.829713  4.781991
13.53  8.829713  4.781991
13.54  8.829713  4.781991
13.55  8.829713  4.781991
13.56  8.829713  4.781991
13.57  8.829713  4.781991
13.58  8.829718  4.781995
13.59  8.829718  4.782023
13.60  8.829718  4.782023
13.61  8.829718  4.782023
13.62  8.829718  4.782023
13.63  8.829718  4.782023
13.64  8.829718  4.782023
13.65  8.829757  4.782023
13.66  8.829757  4.782023
13.67  8.829757  4.782023
13.68  8.829757  4.782023
13.69  8.829757  4.782023
13.70  8.829757  4.782023
13.71  8.829757  4.782023
13.72  8.829757  4.782023
13.73  8.829757  4.782023
13.74  8.829762  4.782027
13.75  8.829762  4.782055
13.76  8.829762  4.782055
13.77  8.829762  4.782055
13.78  8.829762  4.782055
13.79  8.829762  4.782055
13.80  8.829801  4.782055
13.81  8.829801  4.782055
13.82  8.829801  4.782055
13.83  8.829801  4.782055
13.84  8.829801  4.782055
13.85  8.829801  4.782055
13.86  8.829801  4.782055
13.87  8.829801  4.782055
13.88  8.829801  4.782055
13.89  8.829801  4.782055
13.90  8.829805  4.782059
13.91  8.829805  4.782059
13.92  8.829805  4.782087
13.93  8.829805  4.782087
13.94  8.829844  4.782087
13.95  8.829844  4.782087
13.96  8.829844  4.782087
13.97  8.829844  4.782087
13.98  8.829844  4.782087
13.99  8.829844  4.782087
14.00  8.829844  4.782087
14.01  8.829844  4.782087
14.02  8.829844  4.782087
14.03  8.829844  4.782087
14.04  8.829844  4.782087
14.05  8.829844  4.782087
14.06  8.829849  4.782091
14.07  8.829849  4.782091
14.08  8.829888  4.782119
14.09  8.829888  4.782119
14.10  8.829888  4.782119
14.11  8.829888  4.782119
14.12  8.829888  4.782119
14.13  8.829888  4.782119
14.14  8.829888  4.782119
14.15  8.829888  4.782119
14.16  8.829888  4.782119
14.17  8.829888  4.782119
14.18  8.829888  4.782119
14.19  8.829888  4.782119
14.20  8.829888  4.782119
14.21  8.829888  4.782119
14.22  8.829892  4.782123
14.23  8.829931  4.782123
14.24  8.829931  4.782123
14.25  8.829931  4.782151
14.26  8.829931  4.782151
14.27  8.829931  4.782151
14.28  8.829931  4.782151
14.29  8.829931  4.782151
14.30  8.829931  4.782151
14.31  8.829931  4.782151
14.32  8.829931  4.782151
14.33  8.829931  4.782151
14.34  8.829931  4.782151
14.35  8.829931  4.782151
14.36  8.829931  4.782151
14.37  8.829931  4.782151
14.38  8.829970  4.782151
14.39  8.829970  4.782151
14.40  8.829975  4.782155
14.41  8.829975  4.782155
14.42  8.829975  4.782183
14.43  8.829975  4.782183
14.44  8.829975  4.782183
14.45  8.829975  4.782183
14.46  8.829975  4.782183
14.47  8.829975  4.782183
14.48  8.829975  4.782183
14.49  8.829975  4.782183
14.50  8.829975  4.782183
14.51  8.829975  4.782183
14.52  8.829975  4.782183
14.53  8.830014  4.782183
14.54  8.830014  4.782183
14.55  8.830014  4.782183
14.56  8.830014  4.782183
14.57  8.830014  4.782183
14.58  8.830018  4.782215
14.59  8.830018  4.782215
14.60  8.830018  4.782215
14.61  8.830018  4.782215
14.62  8.830018  4.782215
14.63  8.830018  4.782215
14.64  8.830018  4.782215
14.65  8.830018  4.782215
14.66  8.830018  4.782215
14.67  8.830018  4.782215
14.68  8.830057  4.782215
14.69  8.830057  4.782215
14.70  8.830057  4.782215
14.71  8.830057  4.782215
14.72  8.830057  4.782215
14.73  8.830057  4.782215
14.74  8.830057  4.782215
14.75  8.830057  4.782242
14.76  8.830062  4.782247
14.77  8.830062  4.782247
14.78  8.830062  4.782247
14.79  8.830062  4.782247
14.80  8.830062  4.782247
14.81  8.830062  4.782247
14.82  8.830062  4.782247
14.83  8.830101  4.782247
14.84  8.830101  4.782247
14.85  8.830101  4.782247
14.86  8.830101  4.782247
14.87  8.830101  4.782247
14.88  8.830101  4.782247
14.89  8.830101  4.782247
14.90  8.830101  4.782247
14.91  8.830101  4.782247
14.92  8.830101  4.782247
14.93  8.830101  4.782274
14.94  8.830105  4.782279
14.95  8.830105  4.782279
14.96  8.830105  4.782279
14.97  8.830105  4.782279
14.98  8.830144  4.782279
14.99  8.830144  4.782279
15.00  8.830144  4.782279
