 t       A(O)      A(F)
 0.03  6.738541  2.637951
 0.04  7.282366  3.122991
 0.05  7.587852  3.417042
 0.06  7.781614  3.616145
 0.07  7.920310  3.761509
 0.08  8.026734  3.873461
 0.09  8.111133  3.963401
 0.10  8.180279  4.040126
 0.11  8.234350  4.103095
 0.12  8.281659  4.158986
 0.13  8.324382  4.209256
 0.14  8.362994  4.254268
 0.15  8.399288  4.292786
 0.16  8.433203  4.325480
 0.17  8.463975  4.354842
 0.18  8.491750  4.381863
 0.19  8.517027  4.407009
 0.20  8.540254  4.430650
 0.21  8.561695  4.452932
 0.22  8.581647  4.474028
 0.23  8.600235  4.493978
 0.24  8.617805  4.513425
 0.25  8.634716  4.533278
 0.26  8.650936  4.552812
 0.27  8.666425  4.571299
 0.28  8.681262  4.588905
 0.29  8.695514  4.605638
 0.30  8.709198  4.621645
 0.31  8.722358  4.636975
 0.32  8.735029  4.651645
 0.33  8.747237  4.665705
 0.34  8.759005  4.679256
 0.35  8.770343  4.692300
 0.36  8.781344  4.704869
 0.37  8.791934  4.716991
 0.38  8.802169  4.728717
 0.39  8.812117  4.740019
 0.40  8.821708  4.751002
 0.41  8.831036  4.761710
 0.42  8.840075  4.772074
 0.43  8.848842  4.782114
 0.44  8.857344  4.791868
 0.45  8.865593  4.801325
 0.46  8.873633  4.810521
 0.47  8.881443  4.819474
 0.48  8.889061  4.828189
 0.49  8.896427  4.836652
 0.50  8.903658  4.844906
 0.51  8.910649  4.852946
 0.52  8.917484  4.860793
 0.53  8.924156  4.868419
 0.54  8.930652  4.875889
 0.55  8.937000  4.883156
 0.56  8.943174  4.890250
 0.57  8.949218  4.897185
 0.58  8.955097  4.903958
 0.59  8.960875  4.910573
 0.60  8.966478  4.917044
 0.61  8.972014  4.923369
 0.62  8.977433  4.929613
 0.63  8.982767  4.935741
 0.64  8.987963  4.941755
 0.65  8.993051  4.947622
 0.66  8.998003  4.953378
 0.67  9.002857  4.959035
 0.68  9.007608  4.964569
 0.69  9.012262  4.969987
 0.70  9.016821  4.975311
 0.71  9.021262  4.980542
 0.72  9.025638  4.985684
 0.73  9.029926  4.990755
 0.74  9.034102  4.995723
 0.75  9.038218  5.000607
 0.76  9.042251  5.005409
 0.77  9.046203  5.010148
 0.78  9.050074  5.014792
 0.79  9.053868  5.019376
 0.80  9.057584  5.023869
 0.81  9.061253  5.028277
 0.82  9.064844  5.032625
 0.83  9.068389  5.036891
 0.84  9.071857  5.041069
 0.85  9.075259  5.045184
 0.86  9.078591  5.049219
 0.87  9.081877  5.053189
 0.88  9.085118  5.057097
 0.89  9.088292  5.060927
 0.90  9.091423  5.064697
 0.91  9.094493  5.068413
 0.92  9.097520  5.072056
 0.93  9.100485  5.075626
 0.94  9.103408  5.079141
 0.95  9.106292  5.082587
 0.96  9.109114  5.085979
 0.97  9.111901  5.089308
 0.98  9.114646  5.092566
 0.99  9.117357  5.095778
 1.00  9.120009  5.098940
 1.01  9.122506  5.101913
 1.02  9.116584  5.105484
 1.03  9.104291  5.095206
 1.04  9.092387  5.084634
 1.05  9.081036  5.074648
 1.06  9.070192  5.065127
 1.07  9.059791  5.056064
 1.08  9.049840  5.047407
 1.09  9.040270  5.039130
 1.10  9.031072  5.031185
 1.11  9.022215  5.023551
 1.12  9.013669  5.016181
 1.13  9.005421  5.009098
 1.14  8.997455  5.002261
 1.15  8.989729  4.995677
 1.16  8.982285  4.989342
 1.17  8.975042  4.983201
 1.18  8.968041  4.977249
 1.19  8.961266  4.971494
 1.20  8.954657  4.965913
 1.21  8.948257  4.960482
 1.22  8.942039  4.955200
 1.23  8.936015  4.950077
 1.24  8.930121  4.945070
 1.25  8.924399  4.940188
 1.26  8.918854  4.935415
 1.27  8.913420  4.930745
 1.28  8.908143  4.926191
 1.29  8.902989  4.921710
 1.30  8.897960  4.917341
 1.31  8.893063  4.913051
 1.32  8.888298  4.908837
 1.33  8.883605  4.904706
 1.34  8.879052  4.900656
 1.35  8.874612  4.896693
 1.36  8.870279  4.892788
 1.37  8.866025  4.888949
 1.38  8.861857  4.885202
 1.39  8.857805  4.881519
 1.40  8.853839  4.877907
 1.41  8.849957  4.874339
 1.42  8.846166  4.870845
 1.43  8.842431  4.867425
 1.44  8.838824  4.864032
 1.45  8.835238  4.860739
 1.46  8.831747  4.857474
 1.47  8.828352  4.854262
 1.48  8.824982  4.851132
 1.49  8.821707  4.848028
 1.50  8.818499  4.844985
 1.51  8.815359  4.841980
 1.52  8.812279  4.839052
 1.53  8.809226  4.836160
 1.54  8.806280  4.833303
 1.55  8.803366  4.830512
 1.56  8.800518  4.827754
 1.57  8.797699  4.825034
 1.58  8.794952  4.822378
 1.59  8.792278  4.819737
 1.60  8.789636  4.817161
 1.61  8.787027  4.814626
 1.62  8.784495  4.812109
 1.63  8.781991  4.809654
 1.64  8.779566  4.807218
 1.65  8.777134  4.804825
 1.66  8.774789  4.802472
 1.67  8.772473  4.800164
 1.68  8.770199  4.797902
 1.69  8.767968  4.795660
 1.70  8.765779  4.793434
 1.71  8.763621  4.791251
 1.72  8.761512  4.789120
 1.73  8.759444  4.787006
 1.74  8.757402  4.784937
 1.75  8.755407  4.782891
 1.76  8.753445  4.780894
 1.77  8.751520  4.778917
 1.78  8.749630  4.776963
 1.79  8.747768  4.775056
 1.80  8.745942  4.773169
 1.81  8.744155  4.771311
 1.82  8.742394  4.769469
 1.83  8.740669  4.767681
 1.84  8.738975  4.765918
 1.85  8.737304  4.764172
 1.86  8.735670  4.762458
 1.87  8.734059  4.760761
 1.88  8.732475  4.759090
 1.89  8.730925  4.757476
 1.90  8.729394  4.755851
 1.91  8.727896  4.754259
 1.92  8.726418  4.752714
 1.93  8.724964  4.751169
 1.94  8.723540  4.749677
 1.95  8.722136  4.748180
 1.96  8.720758  4.746712
 1.97  8.719399  4.745269
 1.98  8.718067  4.743856
 1.99  8.716755  4.742463
 2.00  8.715465  4.741070
 2.01  8.714195  4.739737
 2.02  8.712948  4.738396
 2.03  8.711716  4.737086
 2.04  8.710507  4.735802
 2.05  8.709320  4.734514
 2.06  8.708149  4.733287
 2.07  8.706996  4.732057
 2.08  8.705860  4.730824
 2.09  8.704742  4.729649
 2.10  8.703637  4.728440
 2.11  8.702549  4.727293
 2.12  8.701479  4.726144
 2.13  8.700417  4.725018
 2.14  8.699378  4.723898
 2.15  8.698352  4.722802
 2.16  8.697339  4.721708
 2.17  8.696335  4.720637
 2.18  8.695354  4.719600
 2.19  8.694381  4.718560
 2.20  8.693427  4.717554
 2.21  8.692481  4.716541
 2.22  8.691545  4.715526
 2.23  8.690627  4.714545
 2.24  8.689722  4.713592
 2.25  8.688827  4.712638
 2.26  8.687940  4.711682
 2.27  8.687072  4.710760
 2.28  8.686214  4.709832
 2.29  8.685364  4.708938
 2.30  8.684524  4.708038
 2.31  8.683698  4.707173
 2.32  8.682886  4.706274
 2.33  8.682073  4.705438
 2.34  8.681279  4.704572
 2.35  8.680490  4.703732
 2.36  8.679705  4.702923
 2.37  8.678934  4.702085
 2.38  8.678168  4.701273
 2.39  8.677416  4.700464
 2.40  8.676668  4.699686
 2.41  8.675925  4.698907
 2.42  8.675196  4.698127
 2.43  8.674467  4.697377
 2.44  8.673753  4.696594
 2.45  8.673042  4.695847
 2.46  8.672342  4.695127
 2.47  8.671640  4.694373
 2.48  8.670954  4.693655
 2.49  8.670272  4.692932
 2.50  8.669600  4.692244
 2.51  8.668933  4.691523
 2.52  8.668269  4.690834
 2.53  8.667616  4.690144
 2.54  8.666968  4.689485
 2.55  8.666324  4.688793
 2.56  8.665685  4.688133
 2.57  8.665056  4.687472
 2.58  8.664438  4.686810
 2.59  8.663828  4.686185
 2.60  8.663219  4.685554
 2.61  8.662625  4.684927
 2.62  8.662041  4.684300
 2.63  8.661452  4.683700
 2.64  8.660883  4.683104
 2.65  8.660314  4.682508
 2.66  8.659756  4.681911
 2.67  8.659206  4.681317
 2.68  8.658663  4.680752
 2.69  8.658125  4.680186
 2.70  8.657592  4.679620
 2.71  8.657069  4.679091
 2.72  8.656546  4.678523
 2.73  8.656038  4.677993
 2.74  8.655535  4.677463
 2.75  8.655038  4.676931
 2.76  8.654541  4.676429
 2.77  8.654054  4.675897
 2.78  8.653577  4.675398
 2.79  8.653101  4.674898
 2.80  8.652639  4.674403
 2.81  8.652178  4.673936
 2.82  8.651717  4.673435
 2.83  8.651267  4.672968
 2.84  8.650827  4.672505
 2.85  8.650381  4.672036
 2.86  8.649952  4.671572
 2.87  8.649523  4.671103
 2.88  8.649098  4.670672
 2.89  8.648684  4.670241
 2.90  8.648266  4.669805
 2.91  8.647863  4.669374
 2.92  8.647460  4.668941
 2.93  8.647062  4.668509
 2.94  8.646669  4.668110
 2.95  8.646282  4.667677
 2.96  8.645901  4.667278
 2.97  8.645519  4.666878
 2.98  8.645143  4.666478
 2.99  8.644776  4.666083
 3.00  8.644411  4.665682
 3.01  8.644051  4.665316
 3.02  8.643695  4.664920
 3.03  8.643341  4.664553
 3.04  8.642996  4.664191
 3.05  8.642653  4.663823
 3.06  8.642314  4.663461
 3.07  8.641976  4.663093
 3.08  8.641642  4.662764
 3.09  8.641319  4.662401
 3.10  8.640997  4.662072
 3.11  8.640669  4.661703
 3.12  8.640352  4.661373
 3.13  8.640040  4.661044
 3.14  8.639734  4.660714
 3.15  8.639428  4.660384
 3.16  8.639128  4.660053
 3.17  8.638827  4.659758
 3.18  8.638532  4.659427
 3.19  8.638237  4.659096
 3.20  8.637953  4.658800
 3.21  8.637664  4.658504
 3.22  8.637390  4.658212
 3.23  8.637112  4.657916
 3.24  8.636833  4.657619
 3.25  8.636571  4.657327
 3.26  8.636298  4.657029
 3.27  8.636037  4.656732
 3.28  8.635780  4.656475
 3.29  8.635519  4.656177
 3.30  8.635268  4.655919
 3.31  8.635018  4.655657
 3.32  8.634772  4.655399
 3.33  8.634526  4.655105
 3.34  8.634282  4.654842
 3.35  8.634048  4.654620
 3.36  8.633814  4.654361
 3.37  8.633581  4.654098
 3.38  8.633352  4.653839
 3.39  8.633130  4.653616
 3.40  8.632907  4.653356
 3.41  8.632690  4.653133
 3.42  8.632473  4.652909
 3.43  8.632256  4.652650
 3.44  8.632044  4.652426
 3.45  8.631839  4.652202
 3.46  8.631633  4.651978
 3.47  8.631428  4.651754
 3.48  8.631228  4.651529
 3.49  8.631034  4.651305
 3.50  8.630834  4.651116
 3.51  8.630646  4.650892
 3.52  8.630452  4.650703
 3.53  8.630268  4.650483
 3.54  8.630086  4.650294
 3.55  8.629898  4.650069
 3.56  8.629726  4.649884
 3.57  8.629543  4.649695
 3.58  8.629367  4.649506
 3.59  8.629201  4.649321
 3.60  8.629030  4.649132
 3.61  8.628859  4.648942
 3.62  8.628693  4.648757
 3.63  8.628528  4.648568
 3.64  8.628367  4.648382
 3.65  8.628208  4.648193
 3.66  8.628054  4.648043
 3.67  8.627895  4.647854
 3.68  8.627746  4.647704
 3.69  8.627597  4.647519
 3.70  8.627444  4.647365
 3.71  8.627301  4.647216
 3.72  8.627158  4.647030
 3.73  8.627011  4.646876
 3.74  8.626874  4.646726
 3.75  8.626737  4.646577
 3.76  8.626600  4.646427
 3.77  8.626459  4.646273
 3.78  8.626328  4.646123
 3.79  8.626197  4.645973
 3.80  8.626071  4.645823
 3.81  8.625940  4.645673
 3.82  8.625811  4.645519
 3.83  8.625685  4.645369
 3.84  8.625566  4.645255
 3.85  8.625447  4.645105
 3.86  8.625328  4.644955
 3.87  8.625209  4.644841
 3.88  8.625089  4.644691
 3.89  8.624976  4.644577
 3.90  8.624863  4.644463
 3.91  8.624755  4.644313
 3.92  8.624642  4.644199
 3.93  8.624535  4.644085
 3.94  8.624427  4.643934
 3.95  8.624320  4.643820
 3.96  8.624218  4.643706
 3.97  8.624111  4.643592
 3.98  8.624010  4.643478
 3.99  8.623908  4.643364
 4.00  8.623817  4.643254
 4.01  8.623716  4.643140
 4.02  8.623620  4.643026
 4.03  8.623525  4.642912
 4.04  8.623429  4.642797
 4.05  8.623344  4.642688
 4.06  8.623249  4.642573
 4.07  8.623159  4.642496
 4.08  8.623070  4.642381
 4.09  8.622987  4.642267
 4.10  8.622902  4.642193
 4.11  8.622818  4.642079
 4.12  8.622729  4.641965
 4.13  8.622650  4.641891
 4.14  8.622566  4.641777
 4.15  8.622489  4.641699
 4.16  8.622410  4.641589
 4.17  8.622332  4.641511
 4.18  8.622255  4.641396
 4.19  8.622182  4.641323
 4.20  8.622104  4.641245
 4.21  8.622027  4.641130
 4.22  8.621960  4.641057
 4.23  8.621882  4.640979
 4.24  8.621815  4.640905
 4.25  8.621744  4.640827
 4.26  8.621672  4.640712
 4.27  8.621611  4.640639
 4.28  8.621540  4.640561
 4.29  8.621479  4.640487
 4.30  8.621414  4.640409
 4.31  8.621353  4.640336
 4.32  8.621287  4.640257
 4.33  8.621226  4.640184
 4.34  8.621161  4.640106
 4.35  8.621106  4.640032
 4.36  8.621047  4.639954
 4.37  8.620986  4.639880
 4.38  8.620926  4.639802
 4.39  8.620871  4.639765
 4.40  8.620822  4.639692
 4.41  8.620763  4.639613
 4.42  8.620714  4.639540
 4.43  8.620655  4.639498
 4.44  8.620606  4.639424
 4.45  8.620557  4.639351
 4.46  8.620504  4.639309
 4.47  8.620455  4.639236
 4.48  8.620408  4.639157
 4.49  8.620359  4.639120
 4.50  8.620316  4.639047
 4.51  8.620263  4.639005
 4.52  8.620220  4.638931
 4.53  8.620177  4.638894
 4.54  8.620130  4.638816
 4.55  8.620087  4.638779
 4.56  8.620050  4.638705
 4.57  8.620008  4.638668
 4.58  8.619966  4.638590
 4.59  8.619924  4.638553
 4.60  8.619887  4.638516
 4.61  8.619846  4.638438
 4.62  8.619809  4.638401
 4.63  8.619772  4.638364
 4.64  8.619736  4.638290
 4.65  8.619701  4.638248
 4.66  8.619664  4.638211
 4.67  8.619633  4.638174
 4.68  8.619597  4.638137
 4.69  8.619562  4.638059
 4.70  8.619531  4.638022
 4.71  8.619500  4.637985
 4.72  8.619470  4.637948
 4.73  8.619439  4.637911
 4.74  8.619409  4.637874
 4.75  8.619373  4.637832
 4.76  8.619349  4.637795
 4.77  8.619318  4.637721
 4.78  8.619294  4.637684
 4.79  8.619263  4.637647
 4.80  8.619239  4.637610
 4.81  8.619210  4.637569
 4.82  8.619185  4.637532
 4.83  8.619161  4.637495
 4.84  8.619136  4.637495
 4.85  8.619112  4.637458
 4.86  8.619093  4.637420
 4.87  8.619069  4.637383
 4.88  8.619044  4.637346
 4.89  8.619022  4.637305
 4.90  8.619003  4.637268
 4.91  8.618979  4.637231
 4.92  8.618960  4.637194
 4.93  8.618942  4.637194
 4.94  8.618923  4.637157
 4.95  8.618905  4.637119
 4.96  8.618887  4.637082
 4.97  8.618868  4.637045
 4.98  8.618850  4.637045
 4.99  8.618831  4.637008
 5.00  8.618819  4.636971
 5.01  8.618801  4.636971
 5.02  8.618782  4.636934
 5.03  8.618770  4.636897
 5.04  8.618753  4.636855
 5.05  8.618735  4.636855
 5.06  8.618723  4.636818
 5.07  8.618711  4.636818
 5.08  8.618698  4.636781
 5.09  8.618686  4.636744
 5.10  8.618674  4.636744
 5.11  8.618661  4.636707
 5.12  8.618649  4.636670
 5.13  8.618637  4.636670
 5.14  8.618625  4.636633
 5.15  8.618612  4.636633
 5.16  8.618606  4.636596
 5.17  8.618594  4.636596
 5.18  8.618588  4.636558
 5.19  8.618576  4.636558
 5.20  8.618563  4.636521
 5.21  8.618557  4.636521
 5.22  8.618551  4.636484
 5.23  8.618543  4.636489
 5.24  8.618537  4.636451
 5.25  8.618531  4.636451
 5.26  8.618525  4.636414
 5.27  8.618512  4.636414
 5.28  8.618506  4.636377
 5.29  8.618500  4.636377
 5.30  8.618494  4.636340
 5.31  8.618488  4.636340
 5.32  8.618482  4.636340
 5.33  8.618476  4.636303
 5.34  8.618470  4.636303
 5.35  8.618463  4.636266
 5.36  8.618457  4.636266
 5.37  8.618451  4.636266
 5.38  8.618451  4.636229
 5.39  8.618445  4.636229
 5.40  8.618439  4.636191
 5.41  8.618439  4.636191
 5.42  8.618433  4.636191
 5.43  8.618431  4.636159
 5.44  8.618431  4.636159
 5.45  8.618431  4.636159
 5.46  8.618425  4.636121
 5.47  8.618425  4.636121
 5.48  8.618419  4.636121
 5.49  8.618419  4.636084
 5.50  8.618419  4.636084
 5.51  8.618419  4.636084
 5.52  8.618413  4.636084
 5.53  8.618413  4.636047
 5.54  8.618417  4.636052
 5.55  8.618417  4.636052
 5.56  8.618417  4.636052
 5.57  8.618417  4.636014
 5.58  8.618417  4.636014
 5.59  8.618417  4.636014
 5.60  8.618417  4.636014
 5.61  8.618423  4.635977
 5.62  8.618423  4.635977
 5.63  8.618428  4.635982
 5.64  8.618428  4.635982
 5.65  8.618428  4.635982
 5.66  8.618434  4.635982
 5.67  8.618434  4.635944
 5.68  8.618440  4.635944
 5.69  8.618440  4.635944
 5.70  8.618440  4.635944
 5.71  8.618450  4.635949
 5.72  8.618450  4.635949
 5.73  8.618457  4.635912
 5.74  8.618457  4.635912
 5.75  8.618463  4.635912
 5.76  8.618469  4.635912
 5.77  8.618469  4.635912
 5.78  8.618479  4.635916
 5.79  8.618486  4.635916
 5.80  8.618492  4.635916
 5.81  8.618492  4.635879
 5.82  8.618498  4.635879
 5.83  8.618504  4.635879
 5.84  8.618510  4.635879
 5.85  8.618521  4.635883
 5.86  8.618527  4.635883
 5.87  8.618527  4.635883
 5.88  8.618533  4.635883
 5.89  8.618539  4.635883
 5.90  8.618545  4.635883
 5.91  8.618556  4.635888
 5.92  8.618562  4.635888
 5.93  8.618568  4.635888
 5.94  8.618580  4.635888
 5.95  8.618586  4.635888
 5.96  8.618593  4.635888
 5.97  8.618603  4.635855
 5.98  8.618609  4.635855
 5.99  8.618615  4.635855
 6.00  8.618628  4.635855
 6.01  8.618634  4.635855
 6.02  8.618644  4.635859
 6.03  8.618651  4.635859
 6.04  8.618663  4.635859
 6.05  8.618669  4.635859
 6.06  8.618675  4.635859
 6.07  8.618687  4.635859
 6.08  8.618698  4.635864
 6.09  8.618704  4.635864
 6.10  8.618716  4.635864
 6.11  8.618722  4.635901
 6.12  8.618735  4.635901
 6.13  8.618745  4.635906
 6.14  8.618758  4.635906
 6.15  8.618764  4.635906
 6.16  8.618776  4.635906
 6.17  8.618782  4.635906
 6.18  8.618799  4.635910
 6.19  8.618805  4.635910
 6.20  8.618817  4.635910
 6.21  8.618823  4.635910
 6.22  8.618836  4.635910
 6.23  8.618852  4.635914
 6.24  8.618858  4.635914
 6.25  8.618871  4.635914
 6.26  8.618883  4.635914
 6.27  8.618889  4.635914
 6.28  8.618901  4.635914
 6.29  8.618918  4.635956
 6.30  8.618924  4.635956
 6.31  8.618936  4.635956
 6.32  8.618949  4.635956
 6.33  8.618965  4.635960
 6.34  8.618971  4.635960
 6.35  8.618984  4.635960
 6.36  8.618996  4.635960
 6.37  8.619008  4.635960
 6.38  8.619025  4.635965
 6.39  8.619031  4.635965
 6.40  8.619043  4.636002
 6.41  8.619056  4.636002
 6.42  8.619068  4.636002
 6.43  8.619085  4.636006
 6.44  8.619097  4.636006
 6.45  8.619109  4.636006
 6.46  8.619121  4.636006
 6.47  8.619127  4.636006
 6.48  8.619144  4.636011
 6.49  8.619156  4.636048
 6.50  8.619169  4.636048
 6.51  8.619181  4.636048
 6.52  8.619193  4.636048
 6.53  8.619210  4.636053
 6.54  8.619222  4.636053
 6.55  8.619234  4.636053
 6.56  8.619247  4.636090
 6.57  8.619263  4.636094
 6.58  8.619276  4.636094
 6.59  8.619288  4.636094
 6.60  8.619300  4.636094
 6.61  8.619312  4.636094
 6.62  8.619329  4.636099
 6.63  8.619341  4.636136
 6.64  8.619354  4.636136
 6.65  8.619366  4.636136
 6.66  8.619378  4.636136
 6.67  8.619395  4.636140
 6.68  8.619407  4.636140
 6.69  8.619419  4.636140
 6.70  8.619431  4.636177
 6.71  8.619448  4.636182
 6.72  8.619460  4.636182
 6.73  8.619473  4.636182
 6.74  8.619485  4.636182
 6.75  8.619497  4.636182
 6.76  8.619514  4.636223
 6.77  8.619526  4.636223
 6.78  8.619538  4.636223
 6.79  8.619551  4.636223
 6.80  8.619563  4.636223
 6.81  8.619579  4.636228
 6.82  8.619592  4.636228
 6.83  8.619604  4.636265
 6.84  8.619616  4.636265
 6.85  8.619628  4.636265
 6.86  8.619645  4.636269
 6.87  8.619657  4.636269
 6.88  8.619670  4.636269
 6.89  8.619682  4.636307
 6.90  8.619699  4.636311
 6.91  8.619711  4.636311
 6.92  8.619723  4.636311
 6.93  8.619735  4.636311
 6.94  8.619747  4.636311
 6.95  8.619770  4.636353
 6.96  8.619783  4.636353
 6.97  8.619795  4.636353
 6.98  8.619807  4.636353
 6.99  8.619819  4.636353
 7.00  8.619836  4.636357
 7.01  8.619848  4.636394
 7.02  8.619860  4.636394
 7.03  8.619873  4.636394
 7.04  8.619885  4.636394
 7.05  8.619908  4.636399
 7.06  8.619920  4.636436
 7.07  8.619932  4.636436
 7.08  8.619944  4.636436
 7.09  8.619961  4.636440
 7.10  8.619973  4.636440
 7.11  8.619985  4.636477
 7.12  8.619998  4.636477
 7.13  8.620016  4.636477
 7.14  8.620033  4.636482
 7.15  8.620045  4.636482
 7.16  8.620057  4.636482
 7.17  8.620069  4.636519
 7.18  8.620082  4.636519
 7.19  8.620104  4.636523
 7.20  8.620117  4.636523
 7.21  8.620129  4.636523
 7.22  8.620141  4.636560
 7.23  8.620158  4.636565
 7.24  8.620170  4.636565
 7.25  8.620188  4.636565
 7.26  8.620201  4.636565
 7.27  8.620213  4.636602
 7.28  8.620230  4.636606
 7.29  8.620242  4.636606
 7.30  8.620260  4.636606
 7.31  8.620272  4.636606
 7.32  8.620285  4.636644
 7.33  8.620301  4.636648
 7.34  8.620320  4.636648
 7.35  8.620332  4.636648
 7.36  8.620344  4.636685
 7.37  8.620361  4.636690
 7.38  8.620373  4.636690
 7.39  8.620391  4.636690
 7.40  8.620403  4.636690
 7.41  8.620416  4.636727
 7.42  8.620432  4.636731
 7.43  8.620451  4.636731
 7.44  8.620463  4.636731
 7.45  8.620475  4.636731
 7.46  8.620487  4.636768
 7.47  8.620510  4.636773
 7.48  8.620522  4.636773
 7.49  8.620535  4.636773
 7.50  8.620547  4.636810
 7.51  8.620569  4.636814
 7.52  8.620582  4.636814
 7.53  8.620594  4.636814
 7.54  8.620606  4.636814
 7.55  8.620624  4.636851
 7.56  8.620641  4.636856
 7.57  8.620653  4.636856
 7.58  8.620666  4.636856
 7.59  8.620684  4.636856
 7.60  8.620696  4.636893
 7.61  8.620713  4.636897
 7.62  8.620725  4.636897
 7.63  8.620743  4.636897
 7.64  8.620756  4.636935
 7.65  8.620772  4.636939
 7.66  8.620790  4.636939
 7.67  8.620803  4.636939
 7.68  8.620815  4.636939
 7.69  8.620827  4.636976
 7.70  8.620850  4.636981
 7.71  8.620862  4.636981
 7.72  8.620874  4.636981
 7.73  8.620887  4.637018
 7.74  8.620909  4.637022
 7.75  8.620921  4.637022
 7.76  8.620934  4.637022
 7.77  8.620952  4.637059
 7.78  8.620964  4.637059
 7.79  8.620981  4.637064
 7.80  8.620993  4.637064
 7.81  8.621011  4.637064
 7.82  8.621024  4.637101
 7.83  8.621036  4.637101
 7.84  8.621059  4.637105
 7.85  8.621071  4.637105
 7.86  8.621083  4.637142
 7.87  8.621095  4.637142
 7.88  8.621118  4.637147
 7.89  8.621130  4.637147
 7.90  8.621142  4.637147
 7.91  8.621161  4.637184
 7.92  8.621173  4.637184
 7.93  8.621189  4.637188
 7.94  8.621202  4.637188
 7.95  8.621220  4.637225
 7.96  8.621232  4.637225
 7.97  8.621244  4.637225
 7.98  8.621261  4.637230
 7.99  8.621279  4.637267
 8.00  8.621291  4.637267
 8.01  8.621304  4.637267
 8.02  8.621322  4.637267
 8.03  8.621339  4.637308
 8.04  8.621351  4.637308
 8.05  8.621363  4.637308
 8.06  8.621381  4.637308
 8.07  8.621398  4.637313
 8.08  8.621410  4.637350
 8.09  8.621428  4.637350
 8.10  8.621441  4.637350
 8.11  8.621453  4.637350
 8.12  8.621469  4.637391
 8.13  8.621488  4.637391
 8.14  8.621500  4.637391
 8.15  8.621512  4.637391
 8.16  8.621524  4.637428
 8.17  8.621547  4.637433
 8.18  8.621559  4.637433
 8.19  8.621571  4.637433
 8.20  8.621584  4.637433
 8.21  8.621602  4.637470
 8.22  8.621619  4.637474
 8.23  8.621631  4.637474
 8.24  8.621649  4.637474
 8.25  8.621661  4.637511
 8.26  8.621678  4.637516
 8.27  8.621690  4.637516
 8.28  8.621708  4.637516
 8.29  8.621721  4.637553
 8.30  8.621733  4.637553
 8.31  8.621749  4.637557
 8.32  8.621768  4.637557
 8.33  8.621780  4.637594
 8.34  8.621792  4.637594
 8.35  8.621804  4.637594
 8.36  8.621827  4.637599
 8.37  8.621839  4.637599
 8.38  8.621851  4.637636
 8.39  8.621863  4.637636
 8.40  8.621882  4.637636
 8.41  8.621898  4.637640
 8.42  8.621911  4.637677
 8.43  8.621923  4.637677
 8.44  8.621941  4.637677
 8.45  8.621953  4.637677
 8.46  8.621970  4.637719
 8.47  8.621982  4.637719
 8.48  8.622000  4.637719
 8.49  8.622012  4.637719
 8.50  8.622029  4.637760
 8.51  8.622041  4.637760
 8.52  8.622059  4.637760
 8.53  8.622072  4.637760
 8.54  8.622084  4.637760
 8.55  8.622100  4.637802
 8.56  8.622113  4.637802
 8.57  8.622131  4.637802
 8.58  8.622143  4.637802
 8.59  8.622155  4.637839
 8.60  8.622172  4.637843
 8.61  8.622190  4.637843
 8.62  8.622202  4.637843
 8.63  8.622214  4.637880
 8.64  8.622227  4.637880
 8.65  8.622243  4.637885
 8.66  8.622262  4.637885
 8.67  8.622274  4.637885
 8.68  8.622286  4.637922
 8.69  8.622298  4.637922
 8.70  8.622321  4.637926
 8.71  8.622333  4.637926
 8.72  8.622345  4.637963
 8.73  8.622357  4.637963
 8.74  8.622369  4.637963
 8.75  8.622392  4.637968
 8.76  8.622404  4.638005
 8.77  8.622416  4.638005
 8.78  8.622429  4.638005
 8.79  8.622441  4.638005
 8.80  8.622464  4.638046
 8.81  8.622476  4.638046
 8.82  8.622488  4.638046
 8.83  8.622500  4.638046
 8.84  8.622512  4.638046
 8.85  8.622529  4.638088
 8.86  8.622547  4.638088
 8.87  8.622559  4.638088
 8.88  8.622571  4.638088
 8.89  8.622584  4.638125
 8.90  8.622600  4.638129
 8.91  8.622618  4.638129
 8.92  8.622631  4.638129
 8.93  8.622643  4.638166
 8.94  8.622655  4.638166
 8.95  8.622671  4.638171
 8.96  8.622684  4.638171
 8.97  8.622702  4.638171
 8.98  8.622714  4.638208
 8.99  8.622726  4.638208
 9.00  8.622743  4.638212
 9.01  8.622755  4.638212
 9.02  8.622767  4.638249
 9.03  8.622785  4.638249
 9.04  8.622798  4.638249
 9.05  8.622814  4.638254
 9.06  8.622826  4.638291
 9.07  8.622838  4.638291
 9.08  8.622851  4.638291
 9.09  8.622869  4.638291
 9.10  8.622881  4.638291
 9.11  8.622898  4.638332
 9.12  8.622910  4.638332
 9.13  8.622922  4.638332
 9.14  8.622934  4.638332
 9.15  8.622946  4.638369
 9.16  8.622969  4.638373
 9.17  8.622981  4.638373
 9.18  8.622993  4.638373
 9.19  8.623005  4.638410
 9.20  8.623018  4.638410
 9.21  8.623034  4.638415
 9.22  8.623052  4.638415
 9.23  8.623065  4.638415
 9.24  8.623077  4.638452
 9.25  8.623089  4.638452
 9.26  8.623105  4.638456
 9.27  8.623118  4.638456
 9.28  8.623136  4.638493
 9.29  8.623148  4.638493
 9.30  8.623160  4.638493
 9.31  8.623177  4.638498
 9.32  8.623189  4.638535
 9.33  8.623201  4.638535
 9.34  8.623213  4.638535
 9.35  8.623231  4.638535
 9.36  8.623248  4.638539
 9.37  8.623260  4.638576
 9.38  8.623272  4.638576
 9.39  8.623284  4.638576
 9.40  8.623297  4.638576
 9.41  8.623309  4.638613
 9.42  8.623331  4.638618
 9.43  8.623343  4.638618
 9.44  8.623356  4.638618
 9.45  8.623368  4.638655
 9.46  8.623380  4.638655
 9.47  8.623396  4.638659
 9.48  8.623409  4.638659
 9.49  8.623421  4.638659
 9.50  8.623433  4.638696
 9.51  8.623451  4.638696
 9.52  8.623468  4.638700
 9.53  8.623480  4.638700
 9.54  8.623492  4.638737
 9.55  8.623504  4.638737
 9.56  8.623516  4.638737
 9.57  8.623528  4.638737
 9.58  8.623545  4.638742
 9.59  8.623557  4.638779
 9.60  8.623569  4.638779
 9.61  8.623581  4.638779
 9.62  8.623600  4.638779
 9.63  8.623616  4.638820
 9.64  8.623628  4.638820
 9.65  8.623640  4.638820
 9.66  8.623653  4.638820
 9.67  8.623665  4.638820
 9.68  8.623677  4.638857
 9.69  8.623693  4.638862
 9.70  8.623706  4.638862
 9.71  8.623718  4.638862
 9.72  8.623730  4.638899
 9.73  8.623742  4.638899
 9.74  8.623759  4.638903
 9.75  8.623771  4.638903
 9.76  8.623783  4.638903
 9.77  8.623795  4.638940
 9.78  8.623807  4.638940
 9.79  8.623819  4.638940
 9.80  8.623842  4.638944
 9.81  8.623854  4.638981
 9.82  8.623866  4.638981
 9.83  8.623878  4.638981
 9.84  8.623890  4.638981
 9.85  8.623907  4.638986
 9.86  8.623919  4.639023
 9.87  8.623931  4.639023
 9.88  8.623943  4.639023
 9.89  8.623956  4.639023
 9.90  8.623968  4.639060
 9.91  8.623984  4.639064
 9.92  8.623996  4.639064
 9.93  8.624008  4.639064
 9.94  8.624021  4.639064
 9.95  8.624033  4.639101
 9.96  8.624049  4.639106
 9.97  8.624061  4.639106
 9.98  8.624074  4.639106
 9.99  8.624086  4.639106
10.00  8.624098  4.639143
10.01  8.624110  4.639143
10.02  8.624127  4.639147
10.03  8.624139  4.639147
10.04  8.624151  4.639184
10.05  8.624163  4.639184
10.06  8.624175  4.639184
10.07  8.624192  4.639188
10.08  8.624204  4.639188
10.09  8.624216  4.639225
10.10  8.624228  4.639225
10.11  8.624240  4.639225
10.12  8.624252  4.639225
10.13  8.624263  4.639230
10.14  8.624275  4.639267
10.15  8.624287  4.639267
10.16  8.624299  4.639267
10.17  8.624311  4.639267
10.18  8.624323  4.639267
10.19  8.624340  4.639308
10.20  8.624352  4.639308
10.21  8.624364  4.639308
10.22  8.624376  4.639308
10.23  8.624388  4.639345
10.24  8.624400  4.639345
10.25  8.624417  4.639349
10.26  8.624429  4.639349
10.27  8.624441  4.639349
10.28  8.624453  4.639386
10.29  8.624465  4.639386
10.30  8.624478  4.639386
10.31  8.624488  4.639391
10.32  8.624500  4.639391
10.33  8.624512  4.639428
10.34  8.624524  4.639428
10.35  8.624537  4.639428
10.36  8.624553  4.639432
10.37  8.624565  4.639432
10.38  8.624577  4.639469
10.39  8.624589  4.639469
10.40  8.624602  4.639469
10.41  8.624614  4.639469
10.42  8.624624  4.639473
10.43  8.624636  4.639510
10.44  8.624648  4.639510
10.45  8.624660  4.639510
10.46  8.624673  4.639510
10.47  8.624685  4.639510
10.48  8.624701  4.639552
10.49  8.624713  4.639552
10.50  8.624725  4.639552
10.51  8.624732  4.639552
10.52  8.624744  4.639552
10.53  8.624756  4.639589
10.54  8.624772  4.639593
10.55  8.624784  4.639593
10.56  8.624797  4.639593
10.57  8.624809  4.639593
10.58  8.624821  4.639630
10.59  8.624827  4.639630
10.60  8.624843  4.639634
10.61  8.624855  4.639634
10.62  8.624868  4.639671
10.63  8.624880  4.639671
10.64  8.624892  4.639671
10.65  8.624904  4.639671
10.66  8.624914  4.639676
10.67  8.624926  4.639676
10.68  8.624939  4.639713
10.69  8.624951  4.639713
10.70  8.624963  4.639713
10.71  8.624975  4.639713
10.72  8.624981  4.639713
10.73  8.624997  4.639754
10.74  8.625010  4.639754
10.75  8.625022  4.639754
10.76  8.625034  4.639754
10.77  8.625046  4.639754
10.78  8.625052  4.639791
10.79  8.625068  4.639795
10.80  8.625081  4.639795
10.81  8.625093  4.639795
10.82  8.625105  4.639795
10.83  8.625111  4.639832
10.84  8.625123  4.639832
10.85  8.625139  4.639837
10.86  8.625152  4.639837
10.87  8.625164  4.639837
10.88  8.625176  4.639874
10.89  8.625182  4.639874
10.90  8.625194  4.639874
10.91  8.625210  4.639878
10.92  8.625223  4.639878
10.93  8.625235  4.639915
10.94  8.625241  4.639915
10.95  8.625253  4.639915
10.96  8.625265  4.639915
10.97  8.625277  4.639915
10.98  8.625287  4.639956
10.99  8.625300  4.639956
11.00  8.625312  4.639956
11.01  8.625324  4.639956
11.02  8.625336  4.639956
11.03  8.625342  4.639993
11.04  8.625358  4.639997
11.05  8.625370  4.639997
11.06  8.625383  4.639997
11.07  8.625389  4.639997
11.08  8.625401  4.639997
11.09  8.625413  4.640034
11.10  8.625425  4.640034
11.11  8.625435  4.640039
11.12  8.625447  4.640039
11.13  8.625460  4.640039
11.14  8.625472  4.640076
11.15  8.625478  4.640076
11.16  8.625490  4.640076
11.17  8.625506  4.640080
11.18  8.625518  4.640080
11.19  8.625524  4.640117
11.20  8.625537  4.640117
11.21  8.625549  4.640117
11.22  8.625561  4.640117
11.23  8.625567  4.640117
11.24  8.625583  4.640121
11.25  8.625595  4.640158
11.26  8.625601  4.640158
11.27  8.625614  4.640158
11.28  8.625626  4.640158
11.29  8.625638  4.640158
11.30  8.625648  4.640200
11.31  8.625660  4.640200
11.32  8.625672  4.640200
11.33  8.625684  4.640200
11.34  8.625690  4.640200
11.35  8.625703  4.640200
11.36  8.625715  4.640236
11.37  8.625725  4.640241
11.38  8.625737  4.640241
11.39  8.625749  4.640241
11.40  8.625755  4.640241
11.41  8.625767  4.640278
11.42  8.625779  4.640278
11.43  8.625792  4.640278
11.44  8.625802  4.640282
11.45  8.625814  4.640282
11.46  8.625826  4.640282
11.47  8.625832  4.640319
11.48  8.625844  4.640319
11.49  8.625856  4.640319
11.50  8.625867  4.640323
11.51  8.625879  4.640323
11.52  8.625891  4.640360
11.53  8.625897  4.640360
11.54  8.625909  4.640360
11.55  8.625921  4.640360
11.56  8.625927  4.640360
11.57  8.625944  4.640365
11.58  8.625956  4.640402
11.59  8.625962  4.640402
11.60  8.625974  4.640402
11.61  8.625986  4.640402
11.62  8.625992  4.640402
11.63  8.626004  4.640438
11.64  8.626021  4.640443
11.65  8.626027  4.640443
11.66  8.626039  4.640443
11.67  8.626051  4.640443
11.68  8.626057  4.640443
11.69  8.626069  4.640480
11.70  8.626081  4.640480
11.71  8.626092  4.640484
11.72  8.626104  4.640484
11.73  8.626116  4.640484
11.74  8.626122  4.640484
11.75  8.626134  4.640521
11.76  8.626140  4.640521
11.77  8.626152  4.640521
11.78  8.626168  4.640525
11.79  8.626174  4.640525
11.80  8.626187  4.640562
11.81  8.626199  4.640562
11.82  8.626205  4.640562
11.83  8.626217  4.640562
11.84  8.626223  4.640562
11.85  8.626235  4.640562
11.86  8.626251  4.640604
11.87  8.626257  4.640604
11.88  8.626269  4.640604
11.89  8.626282  4.640604
11.90  8.626288  4.640604
11.91  8.626300  4.640604
11.92  8.626306  4.640640
11.93  8.626322  4.640645
11.94  8.626334  4.640645
11.95  8.626340  4.640645
11.96  8.626352  4.640645
11.97  8.626358  4.640645
11.98  8.626370  4.640682
11.99  8.626383  4.640682
12.00  8.626393  4.640686
12.01  8.626405  4.640686
12.02  8.626411  4.640686
12.03  8.626423  4.640723
12.04  8.626435  4.640723
12.05  8.626441  4.640723
12.06  8.626453  4.640723
12.07  8.626464  4.640727
12.08  8.626476  4.640727
12.09  8.626482  4.640764
12.10  8.626494  4.640764
12.11  8.626506  4.640764
12.12  8.626512  4.640764
12.13  8.626524  4.640764
12.14  8.626530  4.640764
12.15  8.626547  4.640805
12.16  8.626553  4.640805
12.17  8.626565  4.640805
12.18  8.626577  4.640805
12.19  8.626583  4.640805
12.20  8.626595  4.640805
12.21  8.626601  4.640842
12.22  8.626617  4.640847
12.23  8.626623  4.640847
12.24  8.626635  4.640847
12.25  8.626648  4.640847
12.26  8.626654  4.640847
12.27  8.626666  4.640883
12.28  8.626672  4.640883
12.29  8.626684  4.640883
12.30  8.626694  4.640888
12.31  8.626706  4.640888
12.32  8.626712  4.640888
12.33  8.626724  4.640925
12.34  8.626730  4.640925
12.35  8.626742  4.640925
12.36  8.626748  4.640925
12.37  8.626765  4.640929
12.38  8.626777  4.640929
12.39  8.626783  4.640966
12.40  8.626795  4.640966
12.41  8.626801  4.640966
12.42  8.626813  4.640966
12.43  8.626819  4.640966
12.44  8.626831  4.640966
12.45  8.626842  4.640970
12.46  8.626854  4.641007
12.47  8.626860  4.641007
12.48  8.626872  4.641007
12.49  8.626878  4.641007
12.50  8.626890  4.641007
12.51  8.626896  4.641007
12.52  8.626908  4.641044
12.53  8.626918  4.641048
12.54  8.626931  4.641048
12.55  8.626937  4.641048
12.56  8.626949  4.641048
12.57  8.626955  4.641048
12.58  8.626967  4.641085
12.59  8.626973  4.641085
12.60  8.626985  4.641085
12.61  8.626995  4.641090
12.62  8.627007  4.641090
12.63  8.627013  4.641090
12.64  8.627025  4.641126
12.65  8.627031  4.641126
12.66  8.627043  4.641126
12.67  8.627049  4.641126
12.68  8.627062  4.641126
12.69  8.627072  4.641131
12.70  8.627084  4.641131
12.71  8.627090  4.641168
12.72  8.627102  4.641168
12.73  8.627108  4.641168
12.74  8.627120  4.641168
12.75  8.627126  4.641168
12.76  8.627138  4.641168
12.77  8.627149  4.641209
12.78  8.627161  4.641209
12.79  8.627167  4.641209
12.80  8.627173  4.641209
12.81  8.627185  4.641209
12.82  8.627191  4.641209
12.83  8.627203  4.641246
12.84  8.627209  4.641246
12.85  8.627225  4.641250
12.86  8.627231  4.641250
12.87  8.627243  4.641250
12.88  8.627249  4.641250
12.89  8.627256  4.641250
12.90  8.627268  4.641287
12.91  8.627274  4.641287
12.92  8.627286  4.641287
12.93  8.627296  4.641291
12.94  8.627308  4.641291
12.95  8.627314  4.641291
12.96  8.627320  4.641291
12.97  8.627332  4.641328
12.98  8.627338  4.641328
12.99  8.627350  4.641328
13.00  8.627356  4.641328
13.01  8.627362  4.641328
13.02  8.627379  4.641333
13.03  8.627385  4.641369
13.04  8.627397  4.641369
13.05  8.627403  4.641369
13.06  8.627409  4.641369
13.07  8.627421  4.641369
13.08  8.627427  4.641369
13.09  8.627439  4.641369
13.10  8.627445  4.641406
13.11  8.627461  4.641411
13.12  8.627468  4.641411
13.13  8.627474  4.641411
13.14  8.627486  4.641411
13.15  8.627492  4.641411
13.16  8.627504  4.641411
13.17  8.627510  4.641447
13.18  8.627516  4.641447
13.19  8.627528  4.641447
13.20  8.627538  4.641452
13.21  8.627550  4.641452
13.22  8.627556  4.641452
13.23  8.627562  4.641488
13.24  8.627574  4.641488
13.25  8.627580  4.641488
13.26  8.627592  4.641488
13.27  8.627598  4.641488
13.28  8.627604  4.641488
13.29  8.627621  4.641493
13.30  8.627627  4.641530
13.31  8.627633  4.641530
13.32  8.627645  4.641530
13.33  8.627651  4.641530
13.34  8.627663  4.641530
13.35  8.627669  4.641530
13.36  8.627675  4.641530
13.37  8.627687  4.641566
13.38  8.627697  4.641571
13.39  8.627710  4.641571
13.40  8.627716  4.641571
13.41  8.627722  4.641571
13.42  8.627734  4.641571
13.43  8.627740  4.641571
13.44  8.627746  4.641608
13.45  8.627758  4.641608
13.46  8.627764  4.641608
13.47  8.627780  4.641612
13.48  8.627786  4.641612
13.49  8.627792  4.641612
13.50  8.627804  4.641612
13.51  8.627810  4.641649
13.52  8.627816  4.641649
13.53  8.627828  4.641649
13.54  8.627834  4.641649
13.55  8.627846  4.641649
13.56  8.627857  4.641653
13.57  8.627863  4.641653
13.58  8.627875  4.641690
13.59  8.627881  4.641690
13.60  8.627887  4.641690
13.61  8.627899  4.641690
13.62  8.627905  4.641690
13.63  8.627911  4.641690
13.64  8.627923  4.641727
13.65  8.627929  4.641727
13.66  8.627945  4.641731
13.67  8.627951  4.641731
13.68  8.627957  4.641731
13.69  8.627969  4.641731
13.70  8.627975  4.641731
13.71  8.627981  4.641768
13.72  8.627993  4.641768
13.73  8.627999  4.641768
13.74  8.628005  4.641768
13.75  8.628022  4.641772
13.76  8.628028  4.641772
13.77  8.628034  4.641772
13.78  8.628046  4.641809
13.79  8.628052  4.641809
13.80  8.628064  4.641809
13.81  8.628070  4.641809
13.82  8.628076  4.641809
13.83  8.628088  4.641809
13.84  8.628094  4.641809
13.85  8.628105  4.641850
13.86  8.628117  4.641850
13.87  8.628123  4.641850
13.88  8.628129  4.641850
13.89  8.628141  4.641850
13.90  8.628147  4.641850
13.91  8.628153  4.641850
13.92  8.628165  4.641887
13.93  8.628171  4.641887
13.94  8.628177  4.641887
13.95  8.628193  4.641891
13.96  8.628199  4.641891
13.97  8.628205  4.641891
13.98  8.628217  4.641891
13.99  8.628223  4.641928
14.00  8.628229  4.641928
14.01  8.628241  4.641928
14.02  8.628247  4.641928
14.03  8.628253  4.641928
14.04  8.628270  4.641933
14.05  8.628276  4.641933
14.06  8.628282  4.641969
14.07  8.628294  4.641969
14.08  8.628300  4.641969
14.09  8.628306  4.641969
14.10  8.628318  4.641969
14.11  8.628324  4.641969
14.12  8.628330  4.641969
14.13  8.628342  4.641969
14.14  8.628348  4.642006
14.15  8.628358  4.642011
14.16  8.628370  4.642011
14.17  8.628376  4.642011
14.18  8.628382  4.642011
14.19  8.628394  4.642011
14.20  8.628400  4.642011
14.21  8.628406  4.642047
14.22  8.628418  4.642047
14.23  8.628424  4.642047
14.24  8.628430  4.642047
14.25  8.628441  4.642052
14.26  8.628453  4.642052
14.27  8.628459  4.642052
14.28  8.628465  4.642088
14.29  8.628477  4.642088
14.30  8.628483  4.642088
14.31  8.628489  4.642088
14.32  8.628501  4.642088
14.33  8.628507  4.642088
14.34  8.628513  4.642088
14.35  8.628529  4.642130
14.36  8.628535  4.642130
14.37  8.628541  4.642130
14.38  8.628553  4.642130
14.39  8.628559  4.642130
14.40  8.628565  4.642130
14.41  8.628571  4.642130
14.42  8.628583  4.642166
14.43  8.628589  4.642166
14.44  8.628595  4.642166
14.45  8.628607  4.642166
14.46  8.628618  4.642171
14.47  8.628624  4.642171
14.48  8.628636  4.642171
14.49  8.628642  4.642171
14.50  8.628648  4.642207
14.51  8.628654  4.642207
14.52  8.628666  4.642207
14.53  8.628672  4.642207
14.54  8.628678  4.642207
14.55  8.628690  4.642207
14.56  8.628696  4.642207
14.57  8.628706  4.642249
14.58  8.628712  4.642249
14.59  8.628724  4.642249
14.60  8.628730  4.642249
14.61  8.628736  4.642249
14.62  8.628748  4.642249
14.63  8.628754  4.642249
14.64  8.628760  4.642285
14.65  8.628766  4.642285
14.66  8.628778  4.642285
14.67  8.628784  4.642285
14.68  8.628795  4.642290
14.69  8.628807  4.642290
14.70  8.628813  4.642290
14.71  8.628819  4.642326
14.72  8.628825  4.642326
14.73  8.628837  4.642326
14.74  8.628843  4.642326
14.75  8.628849  4.642326
14.76  8.628861  4.642326
14.77  8.628867  4.642326
14.78  8.628873  4.642326
14.79  8.628879  4.642363
14.80  8.628895  4.642368
14.81  8.628901  4.642368
14.82  8.628907  4.642368
14.83  8.628913  4.642368
14.84  8.628925  4.642368
14.85  8.628931  4.642368
14.86  8.628937  4.642404
14.87  8.628949  4.642404
14.88  8.628955  4.642404
14.89  8.628961  4.642404
14.90  8.628967  4.642404
14.91  8.628984  4.642409
14.92  8.628990  4.642409
14.93  8.628996  4.642409
14.94  8.629002  4.642445
14.95  8.629014  4.642445
14.96  8.629020  4.642445
14.97  8.629026  4.642445
14.98  8.629032  4.642445
14.99  8.629044  4.642445
15.00  8.629050  4.642445
