 t       A(O)      A(F)      fg       z
 0.01 -8.000000 -8.000000  0.005000  8.393552
 0.02 -8.000000 -8.000000  0.014765  8.290032
 0.03  6.463331  2.362750  0.024177  8.189313
 0.04  7.006675  2.847901  0.033258  8.091276
 0.05  7.311302  3.134366  0.042030  7.995809
 0.06  7.506961  3.331693  0.050507  7.902805
 0.07  7.647021  3.477129  0.058698  7.812163
 0.08  7.755508  3.590714  0.066616  7.723790
 0.09  7.843702  3.683219  0.074268  7.637596
 0.10  7.917201  3.760349  0.081664  7.553496
 0.11  7.979617  3.826444  0.088812  7.471409
 0.12  8.033884  3.885302  0.095722  7.391260
 0.13  8.081762  3.938177  0.102400  7.312977
 0.14  8.123342  3.985059  0.108850  7.236490
 0.15  8.159989  4.027099  0.115070  7.161734
 0.16  8.193582  4.065830  0.121070  7.088648
 0.17  8.224780  4.101785  0.126870  7.017173
 0.18  8.253876  4.135290  0.132450  6.947253
 0.19  8.280967  4.166483  0.137840  6.878833
 0.20  8.306324  4.195620  0.143030  6.811864
 0.21  8.330214  4.223013  0.148040  6.746296
 0.22  8.353232  4.248063  0.152860  6.682083
 0.23  8.375243  4.270713  0.157520  6.619182
 0.24  8.395951  4.291751  0.162010  6.557548
 0.25  8.415342  4.311594  0.166340  6.497143
 0.26  8.433615  4.330435  0.170520  6.437926
 0.27  8.450868  4.348365  0.174540  6.379862
 0.28  8.467155  4.365441  0.178420  6.322914
 0.29  8.482707  4.381855  0.182160  6.267049
 0.30  8.497472  4.397555  0.185750  6.212234
 0.31  8.511565  4.412635  0.189210  6.158438
 0.32  8.525085  4.427192  0.192530  6.105630
 0.33  8.538002  4.441172  0.195730  6.053783
 0.34  8.550444  4.454715  0.198800  6.002867
 0.35  8.562366  4.467758  0.201740  5.952857
 0.36  8.573897  4.480436  0.204570  5.903728
 0.37  8.585001  4.492708  0.207280  5.855454
 0.38  8.595787  4.504846  0.209880  5.808011
 0.39  8.606354  4.517083  0.212360  5.761378
 0.40  8.616676  4.529180  0.214740  5.715532
 0.41  8.626745  4.540942  0.217010  5.670453
 0.42  8.636560  4.552382  0.219180  5.626119
 0.43  8.646151  4.563517  0.221240  5.582511
 0.44  8.655516  4.574397  0.223210  5.539611
 0.45  8.664681  4.584991  0.225080  5.497400
 0.46  8.673639  4.595310  0.226860  5.455861
 0.47  8.682398  4.605405  0.228550  5.414976
 0.48  8.690981  4.615292  0.230150  5.374729
 0.49  8.699379  4.624940  0.231670  5.335105
 0.50  8.707605  4.634393  0.233100  5.296087
 0.51  8.715671  4.643664  0.234450  5.257662
 0.52  8.723567  4.652719  0.235720  5.219815
 0.53  8.731315  4.661607  0.236920  5.182532
 0.54  8.738910  4.670330  0.238040  5.145800
 0.55  8.746361  4.678865  0.239090  5.109606
 0.56  8.753675  4.687252  0.240060  5.073937
 0.57  8.760851  4.695492  0.240970  5.038782
 0.58  8.767903  4.703563  0.241810  5.004128
 0.59  8.774847  4.711503  0.242590  4.969964
 0.60  8.781640  4.719280  0.243300  4.936279
 0.61  8.788300  4.726935  0.243950  4.903062
 0.62  8.794872  4.734473  0.244540  4.870304
 0.63  8.801355  4.741862  0.245070  4.837993
 0.64  8.807675  4.749143  0.245540  4.806120
 0.65  8.813951  4.756284  0.245960  4.774677
 0.66  8.820077  4.763356  0.246330  4.743653
 0.67  8.826124  4.770324  0.246640  4.713039
 0.68  8.832063  4.777168  0.246910  4.682828
 0.69  8.837932  4.783920  0.247130  4.653010
 0.70  8.843693  4.790576  0.247300  4.623577
 0.71  8.849390  4.797118  0.247420  4.594522
 0.72  8.854988  4.803576  0.247500  4.565837
 0.73  8.860489  4.809926  0.247530  4.537514
 0.74  8.865927  4.816192  0.247530  4.509546
 0.75  8.871274  4.822406  0.247480  4.481926
 0.76  8.876565  4.828495  0.247390  4.454646
 0.77  8.881769  4.834535  0.247270  4.427702
 0.78  8.886883  4.840476  0.247110  4.401084
 0.79  8.891947  4.846348  0.246910  4.374789
 0.80  8.896929  4.852152  0.246680  4.348808
 0.81  8.901831  4.857891  0.246420  4.323137
 0.82  8.906683  4.863539  0.246120  4.297769
 0.83  8.911495  4.869107  0.245790  4.272698
 0.84  8.916196  4.874610  0.245430  4.247919
 0.85  8.920886  4.880012  0.245040  4.223428
 0.86  8.925468  4.885352  0.244620  4.199217
 0.87  8.930011  4.890638  0.244180  4.175282
 0.88  8.934516  4.895828  0.243700  4.151619
 0.89  8.938952  4.900945  0.243200  4.128222
 0.90  8.943321  4.905991  0.242680  4.105086
 0.91  8.947651  4.910964  0.242120  4.082207
 0.92  8.951916  4.915870  0.241550  4.059581
 0.93  8.956148  4.920689  0.240950  4.037202
 0.94  8.960313  4.925461  0.240330  4.015066
 0.95  8.964480  4.930174  0.239690  3.993170
 0.96  8.968582  4.934821  0.239030  3.971509
 0.97  8.972624  4.939428  0.238340  3.950078
 0.98  8.976637  4.943956  0.237640  3.928875
 0.99  8.980616  4.948404  0.236920  3.907896
 1.00  8.984538  4.952815  0.236180  3.887135
 1.01  8.988314  4.957031  0.241810  3.866591
 1.02  8.986957  4.961545  0.246770  3.846259
 1.03  8.980207  4.957070  0.251450  3.826135
 1.04  8.973262  4.951031  0.255970  3.806217
 1.05  8.966501  4.945238  0.260360  3.786501
 1.06  8.959983  4.939662  0.264660  3.766984
 1.07  8.953648  4.934264  0.268870  3.747662
 1.08  8.947516  4.929040  0.273000  3.728532
 1.09  8.941530  4.923991  0.277060  3.709592
 1.10  8.935731  4.919106  0.281050  3.690838
 1.11  8.930065  4.914352  0.284980  3.672267
 1.12  8.924563  4.909727  0.288860  3.653877
 1.13  8.919205  4.905219  0.292680  3.635664
 1.14  8.913995  4.900852  0.296450  3.617627
 1.15  8.908870  4.896583  0.300170  3.599762
 1.16  8.903903  4.892442  0.303850  3.582066
 1.17  8.899061  4.888426  0.307470  3.564538
 1.18  8.894314  4.884496  0.311050  3.547173
 1.19  8.889667  4.880676  0.314590  3.529971
 1.20  8.885161  4.876951  0.318080  3.512929
 1.21  8.880721  4.873292  0.321530  3.496044
 1.22  8.876390  4.869727  0.324940  3.479314
 1.23  8.872170  4.866259  0.328310  3.462736
 1.24  8.868030  4.862844  0.331650  3.446309
 1.25  8.863967  4.859524  0.334940  3.430030
 1.26  8.860023  4.856238  0.338200  3.413897
 1.27  8.856130  4.853032  0.341430  3.397908
 1.28  8.852321  4.849880  0.344610  3.382061
 1.29  8.848597  4.846783  0.347770  3.366354
 1.30  8.844924  4.843719  0.350890  3.350785
 1.31  8.841345  4.840740  0.353970  3.335352
 1.32  8.837858  4.837772  0.357020  3.320053
 1.33  8.834427  4.834863  0.360040  3.304886
 1.34  8.831053  4.831990  0.363030  3.289850
 1.35  8.827737  4.829178  0.365980  3.274942
 1.36  8.824487  4.826408  0.368910  3.260161
 1.37  8.821292  4.823672  0.371800  3.245505
 1.38  8.818161  4.820975  0.374660  3.230972
 1.39  8.815098  4.818322  0.377500  3.216561
 1.40  8.812095  4.815705  0.380300  3.202270
 1.41  8.809119  4.813130  0.383080  3.188098
 1.42  8.806210  4.810570  0.385830  3.174043
 1.43  8.803365  4.808074  0.388550  3.160103
 1.44  8.800554  4.805599  0.391240  3.146277
 1.45  8.797809  4.803164  0.393900  3.132563
 1.46  8.795094  4.800773  0.396540  3.118960
 1.47  8.792452  4.798426  0.399150  3.105466
 1.48  8.789838  4.796069  0.401740  3.092080
 1.49  8.787256  4.793783  0.404300  3.078802
 1.50  8.784750  4.791518  0.406830  3.065628
 1.51  8.782274  4.789269  0.409340  3.052558
 1.52  8.779833  4.787067  0.411820  3.039591
 1.53  8.777427  4.784886  0.414280  3.026725
 1.54  8.775052  4.782750  0.416720  3.013960
 1.55  8.772744  4.780635  0.419130  3.001293
 1.56  8.770456  4.778539  0.421520  2.988723
 1.57  8.768214  4.776493  0.423890  2.976250
 1.58  8.766001  4.774438  0.426230  2.963872
 1.59  8.763828  4.772433  0.428550  2.951588
 1.60  8.761689  4.770476  0.430850  2.939397
 1.61  8.759586  4.768516  0.433130  2.927298
 1.62  8.757518  4.766579  0.435380  2.915289
 1.63  8.755473  4.764687  0.437620  2.903370
 1.64  8.753475  4.762824  0.439830  2.891539
 1.65  8.751495  4.760950  0.442020  2.879796
 1.66  8.749553  4.759129  0.444190  2.868139
 1.67  8.747639  4.757334  0.446340  2.856567
 1.68  8.745755  4.755562  0.448480  2.845080
 1.69  8.743901  4.753782  0.450590  2.833676
 1.70  8.742077  4.752058  0.452680  2.822354
 1.71  8.740278  4.750357  0.454760  2.811114
 1.72  8.738510  4.748654  0.456810  2.799954
 1.73  8.736769  4.747004  0.458850  2.788874
 1.74  8.735055  4.745347  0.460870  2.777872
 1.75  8.733358  4.743715  0.462870  2.766948
 1.76  8.731697  4.742110  0.464850  2.756101
 1.77  8.730060  4.740534  0.466820  2.745330
 1.78  8.728441  4.738978  0.468770  2.734634
 1.79  8.726850  4.737422  0.470700  2.724012
 1.80  8.725282  4.735920  0.472610  2.713464
 1.81  8.723743  4.734418  0.474510  2.702988
 1.82  8.722219  4.732906  0.476390  2.692584
 1.83  8.720720  4.731455  0.478250  2.682252
 1.84  8.719249  4.730003  0.480100  2.671989
 1.85  8.717794  4.728573  0.481930  2.661796
 1.86  8.716363  4.727173  0.483740  2.651671
 1.87  8.714957  4.725774  0.485540  2.641615
 1.88  8.713568  4.724397  0.487320  2.631625
 1.89  8.712204  4.723051  0.489080  2.621703
 1.90  8.710856  4.721731  0.490830  2.611846
 1.91  8.709529  4.720408  0.492560  2.602054
 1.92  8.708219  4.719082  0.494280  2.592326
 1.93  8.706934  4.717818  0.495980  2.582662
 1.94  8.705667  4.716551  0.497670  2.573061
 1.95  8.704416  4.715280  0.499340  2.563523
 1.96  8.703182  4.714037  0.501000  2.554046
 1.97  8.701975  4.712827  0.502640  2.544630
 1.98  8.700780  4.711645  0.504270  2.535275
 1.99  8.699603  4.710429  0.505890  2.525980
 2.00  8.698443  4.709272  0.507490  2.516743
 2.01  8.697296  4.708113  0.509070  2.507566
 2.02  8.696171  4.706956  0.510640  2.498446
 2.03  8.695060  4.705854  0.512200  2.489384
 2.04  8.693966  4.704723  0.513740  2.480378
 2.05  8.692895  4.703626  0.515270  2.471429
 2.06  8.691833  4.702553  0.516780  2.462535
 2.07  8.690789  4.701479  0.518280  2.453696
 2.08  8.689763  4.700438  0.519770  2.444912
 2.09  8.688750  4.699395  0.521240  2.436182
 2.10  8.687751  4.698382  0.522710  2.427506
 2.11  8.686766  4.697367  0.524150  2.418882
 2.12  8.685794  4.696382  0.525580  2.410311
 2.13  8.684836  4.695400  0.527000  2.401792
 2.14  8.683891  4.694415  0.528400  2.393324
 2.15  8.682956  4.693457  0.529790  2.384907
 2.16  8.682040  4.692501  0.531170  2.376540
 2.17  8.681132  4.691576  0.532530  2.368223
 2.18  8.680234  4.690650  0.533870  2.359956
 2.19  8.679350  4.689721  0.535200  2.351738
 2.20  8.678479  4.688829  0.536520  2.343568
 2.21  8.677618  4.687930  0.537820  2.335446
 2.22  8.676766  4.687066  0.539110  2.327371
 2.23  8.675928  4.686202  0.540390  2.319344
 2.24  8.675100  4.685336  0.541650  2.311364
 2.25  8.674281  4.684501  0.542900  2.303429
 2.26  8.673477  4.683665  0.544140  2.295541
 2.27  8.672676  4.682828  0.545360  2.287697
 2.28  8.671886  4.682022  0.546570  2.279899
 2.29  8.671105  4.681215  0.547770  2.272145
 2.30  8.670338  4.680412  0.548950  2.264436
 2.31  8.669576  4.679636  0.550120  2.256770
 2.32  8.668829  4.678863  0.551280  2.249147
 2.33  8.668085  4.678089  0.552430  2.241567
 2.34  8.667352  4.677314  0.553560  2.234030
 2.35  8.666628  4.676571  0.554680  2.226535
 2.36  8.665909  4.675828  0.555790  2.219082
 2.37  8.665200  4.675117  0.556890  2.211670
 2.38  8.664495  4.674371  0.557970  2.204299
 2.39  8.663801  4.673657  0.559040  2.196968
 2.40  8.663116  4.672943  0.560100  2.189678
 2.41  8.662435  4.672267  0.561150  2.182428
 2.42  8.661765  4.671585  0.562190  2.175217
 2.43  8.661098  4.670872  0.563210  2.168045
 2.44  8.660438  4.670222  0.564220  2.160913
 2.45  8.659786  4.669542  0.565230  2.153819
 2.46  8.659145  4.668895  0.566210  2.146763
 2.47  8.658504  4.668208  0.567190  2.139744
 2.48  8.657872  4.667594  0.568160  2.132764
 2.49  8.657245  4.666944  0.569120  2.125820
 2.50  8.656629  4.666294  0.570060  2.118914
 2.51  8.656011  4.665677  0.571000  2.112044
 2.52  8.655404  4.665060  0.571920  2.105210
 2.53  8.654802  4.664441  0.572830  2.098412
 2.54  8.654209  4.663827  0.573740  2.091650
 2.55  8.653617  4.663242  0.574630  2.084923
 2.56  8.653036  4.662621  0.575510  2.078231
 2.57  8.652463  4.662039  0.576390  2.071573
 2.58  8.651892  4.661452  0.577260  2.064950
 2.59  8.651329  4.660903  0.578110  2.058362
 2.60  8.650768  4.660315  0.578960  2.051807
 2.61  8.650221  4.659765  0.579800  2.045285
 2.62  8.649680  4.659215  0.580640  2.038797
 2.63  8.649143  4.658664  0.581460  2.032342
 2.64  8.648612  4.658112  0.582280  2.025920
 2.65  8.648086  4.657595  0.583090  2.019530
 2.66  8.647571  4.657042  0.583890  2.013172
 2.67  8.647055  4.656524  0.584680  2.006846
 2.68  8.646550  4.656006  0.585470  2.000552
 2.69  8.646051  4.655487  0.586250  1.994289
 2.70  8.645557  4.655002  0.587020  1.988058
 2.71  8.645066  4.654486  0.587780  1.981857
 2.72  8.644582  4.654001  0.588540  1.975687
 2.73  8.644108  4.653520  0.589290  1.969547
 2.74  8.643635  4.653034  0.590030  1.963438
 2.75  8.643171  4.652551  0.590760  1.957358
 2.76  8.642703  4.652100  0.591490  1.951308
 2.77  8.642250  4.651617  0.592210  1.945288
 2.78  8.641803  4.651169  0.592920  1.939297
 2.79  8.641355  4.650721  0.593630  1.933334
 2.80  8.640918  4.650272  0.594330  1.927401
 2.81  8.640477  4.649818  0.595020  1.921496
 2.82  8.640051  4.649369  0.595710  1.915619
 2.83  8.639625  4.648919  0.596390  1.909771
 2.84  8.639209  4.648509  0.597060  1.903950
 2.85  8.638794  4.648058  0.597730  1.898157
 2.86  8.638378  4.647643  0.598390  1.892391
 2.87  8.637974  4.647227  0.599050  1.886653
 2.88  8.637569  4.646812  0.599700  1.880941
 2.89  8.637175  4.646436  0.600340  1.875256
 2.90  8.636781  4.646020  0.600970  1.869598
 2.91  8.636393  4.645603  0.601600  1.863966
 2.92  8.636015  4.645226  0.602230  1.858361
 2.93  8.635633  4.644845  0.602850  1.852781
 2.94  8.635260  4.644468  0.603460  1.847228
 2.95  8.634888  4.644086  0.604060  1.841699
 2.96  8.634521  4.643708  0.604670  1.836197
 2.97  8.634159  4.643330  0.605260  1.830719
 2.98  8.633799  4.642947  0.605850  1.825267
 2.99  8.633448  4.642605  0.606430  1.819839
 3.00  8.633098  4.642226  0.607010  1.814436
 3.01  8.632753  4.641884  0.607590  1.809057
 3.02  8.632413  4.641541  0.608150  1.803703
 3.03  8.632074  4.641161  0.608720  1.798373
 3.04  8.631740  4.640818  0.609270  1.793067
 3.05  8.631405  4.640474  0.609820  1.787784
 3.06  8.631083  4.640167  0.610370  1.782525
 3.07  8.630754  4.639823  0.610910  1.777290
 3.08  8.630437  4.639478  0.611450  1.772077
 3.09  8.630120  4.639171  0.611980  1.766888
 3.10  8.629809  4.638826  0.612510  1.761722
 3.11  8.629497  4.638518  0.613030  1.756578
 3.12  8.629191  4.638209  0.613550  1.751457
 3.13  8.628889  4.637905  0.614060  1.746358
 3.14  8.628595  4.637596  0.614570  1.741282
 3.15  8.628295  4.637287  0.615070  1.736228
 3.16  8.628004  4.636982  0.615570  1.731195
 3.17  8.627716  4.636673  0.616060  1.726185
 3.18  8.627431  4.636405  0.616550  1.721196
 3.19  8.627148  4.636095  0.617030  1.716228
 3.20  8.626875  4.635826  0.617510  1.711282
 3.21  8.626591  4.635516  0.617990  1.706357
 3.22  8.626324  4.635247  0.618460  1.701453
 3.23  8.626052  4.634974  0.618930  1.696570
 3.24  8.625785  4.634705  0.619390  1.691707
 3.25  8.625523  4.634436  0.619850  1.686866
 3.26  8.625257  4.634162  0.620300  1.682044
 3.27  8.625001  4.633892  0.620750  1.677243
 3.28  8.624751  4.633622  0.621200  1.672462
 3.29  8.624496  4.633348  0.621640  1.667701
 3.30  8.624246  4.633078  0.622080  1.662960
 3.31  8.624001  4.632845  0.622510  1.658239
 3.32  8.623757  4.632575  0.622940  1.653537
 3.33  8.623518  4.632342  0.623370  1.648855
 3.34  8.623279  4.632108  0.623790  1.644192
 3.35  8.623046  4.631838  0.624210  1.639548
 3.36  8.622813  4.631604  0.624620  1.634923
 3.37  8.622580  4.631371  0.625030  1.630318
 3.38  8.622353  4.631137  0.625440  1.625731
 3.39  8.622132  4.630903  0.625840  1.621163
 3.40  8.621905  4.630669  0.626240  1.616613
 3.41  8.621689  4.630435  0.626640  1.612082
 3.42  8.621468  4.630201  0.627030  1.607569
 3.43  8.621252  4.630004  0.627420  1.603074
 3.44  8.621043  4.629770  0.627810  1.598598
 3.45  8.620833  4.629535  0.628190  1.594139
 3.46  8.620628  4.629343  0.628570  1.589698
 3.47  8.620424  4.629108  0.628940  1.585275
 3.48  8.620221  4.628911  0.629310  1.580870
 3.49  8.620017  4.628713  0.629680  1.576482
 3.50  8.619823  4.628483  0.630050  1.572111
 3.51  8.619625  4.628285  0.630410  1.567758
 3.52  8.619427  4.628088  0.630770  1.563422
 3.53  8.619240  4.627895  0.631130  1.559103
 3.54  8.619048  4.627697  0.631480  1.554800
 3.55  8.618862  4.627499  0.631830  1.550515
 3.56  8.618680  4.627306  0.632170  1.546246
 3.57  8.618494  4.627108  0.632520  1.541994
 3.58  8.618318  4.626914  0.632860  1.537759
 3.59  8.618138  4.626716  0.633190  1.533539
 3.60  8.617962  4.626560  0.633530  1.529336
 3.61  8.617788  4.626362  0.633860  1.525150
 3.62  8.617618  4.626168  0.634190  1.520979
 3.63  8.617443  4.626008  0.634510  1.516824
 3.64  8.617273  4.625814  0.634830  1.512685
 3.65  8.617105  4.625653  0.635150  1.508562
 3.66  8.616947  4.625497  0.635470  1.504455
 3.67  8.616783  4.625303  0.635780  1.500363
 3.68  8.616621  4.625142  0.636100  1.496287
 3.69  8.616463  4.624985  0.636400  1.492226
 3.70  8.616305  4.624791  0.636710  1.488180
 3.71  8.616148  4.624630  0.637010  1.484150
 3.72  8.615996  4.624473  0.637310  1.480135
 3.73  8.615844  4.624317  0.637610  1.476134
 3.74  8.615698  4.624160  0.637910  1.472149
 3.75  8.615548  4.623999  0.638200  1.468178
 3.76  8.615402  4.623842  0.638490  1.464222
 3.77  8.615256  4.623685  0.638780  1.460281
 3.78  8.615116  4.623566  0.639060  1.456354
 3.79  8.614971  4.623405  0.639340  1.452442
 3.80  8.614831  4.623248  0.639620  1.448544
 3.81  8.614691  4.623091  0.639900  1.444661
 3.82  8.614557  4.622972  0.640180  1.440791
 3.83  8.614423  4.622815  0.640450  1.436936
 3.84  8.614289  4.622696  0.640720  1.433095
 3.85  8.614155  4.622539  0.640990  1.429267
 3.86  8.614027  4.622381  0.641250  1.425454
 3.87  8.613899  4.622262  0.641520  1.421654
 3.88  8.613771  4.622143  0.641780  1.417868
 3.89  8.613643  4.621986  0.642040  1.414096
 3.90  8.613521  4.621866  0.642290  1.410337
 3.91  8.613399  4.621747  0.642550  1.406592
 3.92  8.613277  4.621590  0.642800  1.402860
 3.93  8.613155  4.621470  0.643050  1.399141
 3.94  8.613039  4.621351  0.643300  1.395435
 3.95  8.612917  4.621232  0.643540  1.391743
 3.96  8.612801  4.621112  0.643780  1.388064
 3.97  8.612686  4.620954  0.644020  1.384397
 3.98  8.612576  4.620835  0.644260  1.380744
 3.99  8.612460  4.620716  0.644500  1.377103
 4.00  8.612350  4.620596  0.644730  1.373475
 4.01  8.612240  4.620476  0.644970  1.369860
 4.02  8.612130  4.620395  0.645200  1.366257
 4.03  8.612020  4.620276  0.645430  1.362667
 4.04  8.611921  4.620160  0.645650  1.359090
 4.05  8.611817  4.620041  0.645880  1.355524
 4.06  8.611707  4.619921  0.646100  1.351972
 4.07  8.611610  4.619801  0.646320  1.348431
 4.08  8.611506  4.619720  0.646540  1.344902
 4.09  8.611407  4.619605  0.646760  1.341386
 4.10  8.611309  4.619485  0.646970  1.337882
 4.11  8.611211  4.619403  0.647180  1.334389
 4.12  8.611114  4.619284  0.647390  1.330909
 4.13  8.611020  4.619168  0.647600  1.327440
 4.14  8.610923  4.619087  0.647810  1.323983
 4.15  8.610831  4.618967  0.648020  1.320538
 4.16  8.610733  4.618885  0.648220  1.317104
 4.17  8.610646  4.618770  0.648420  1.313682
 4.18  8.610555  4.618688  0.648620  1.310272
 4.19  8.610463  4.618607  0.648820  1.306873
 4.20  8.610382  4.618491  0.649020  1.303485
 4.21  8.610291  4.618409  0.649210  1.300109
 4.22  8.610205  4.618289  0.649410  1.296744
 4.23  8.610120  4.618208  0.649600  1.293390
 4.24  8.610032  4.618131  0.649790  1.290047
 4.25  8.609953  4.618049  0.649980  1.286715
 4.26  8.609872  4.617933  0.650170  1.283394
 4.27  8.609787  4.617851  0.650350  1.280085
 4.28  8.609707  4.617770  0.650540  1.276786
 4.29  8.609626  4.617693  0.650720  1.273498
 4.30  8.609547  4.617611  0.650900  1.270220
 4.31  8.609472  4.617534  0.651080  1.266954
 4.32  8.609393  4.617413  0.651250  1.263698
 4.33  8.609320  4.617332  0.651430  1.260452
 4.34  8.609245  4.617254  0.651600  1.257217
 4.35  8.609166  4.617172  0.651780  1.253993
 4.36  8.609097  4.617095  0.651950  1.250779
 4.37  8.609024  4.617013  0.652120  1.247575
 4.38  8.608955  4.616936  0.652290  1.244382
 4.39  8.608882  4.616854  0.652450  1.241199
 4.40  8.608813  4.616777  0.652620  1.238026
 4.41  8.608740  4.616734  0.652780  1.234863
 4.42  8.608671  4.616656  0.652950  1.231711
 4.43  8.608604  4.616574  0.653110  1.228568
 4.44  8.608542  4.616497  0.653270  1.225435
 4.45  8.608468  4.616415  0.653430  1.222312
 4.46  8.608406  4.616338  0.653580  1.219200
 4.47  8.608339  4.616294  0.653740  1.216097
 4.48  8.608276  4.616217  0.653900  1.213003
 4.49  8.608209  4.616135  0.654050  1.209920
 4.50  8.608153  4.616057  0.654200  1.206846
 4.51  8.608086  4.616014  0.654350  1.203781
 4.52  8.608030  4.615937  0.654500  1.200727
 4.53  8.607963  4.615855  0.654650  1.197682
 4.54  8.607906  4.615816  0.654800  1.194646
 4.55  8.607846  4.615734  0.654940  1.191619
 4.56  8.607789  4.615656  0.655090  1.188602
 4.57  8.607733  4.615618  0.655230  1.185595
 4.58  8.607672  4.615535  0.655370  1.182596
 4.59  8.607622  4.615497  0.655510  1.179607
 4.60  8.607561  4.615415  0.655650  1.176627
 4.61  8.607511  4.615376  0.655790  1.173656
 4.62  8.607455  4.615298  0.655930  1.170695
 4.63  8.607400  4.615255  0.656070  1.167742
 4.64  8.607350  4.615177  0.656200  1.164798
 4.65  8.607300  4.615138  0.656340  1.161863
 4.66  8.607245  4.615056  0.656470  1.158937
 4.67  8.607195  4.615017  0.656600  1.156020
 4.68  8.607140  4.614974  0.656730  1.153112
 4.69  8.607090  4.614896  0.656860  1.150212
 4.70  8.607046  4.614858  0.656990  1.147322
 4.71  8.606992  4.614775  0.657120  1.144439
 4.72  8.606948  4.614736  0.657250  1.141566
 4.73  8.606897  4.614698  0.657370  1.138701
 4.74  8.606853  4.614620  0.657500  1.135845
 4.75  8.606805  4.614576  0.657620  1.132997
 4.76  8.606761  4.614538  0.657750  1.130157
 4.77  8.606717  4.614499  0.657870  1.127326
 4.78  8.606669  4.614416  0.657990  1.124504
 4.79  8.606625  4.614378  0.658110  1.121689
 4.80  8.606587  4.614339  0.658230  1.118883
 4.81  8.606539  4.614295  0.658350  1.116086
 4.82  8.606501  4.614217  0.658470  1.113296
 4.83  8.606457  4.614179  0.658580  1.110515
 4.84  8.606419  4.614140  0.658700  1.107741
 4.85  8.606371  4.614096  0.658810  1.104976
 4.86  8.606333  4.614057  0.658930  1.102219
 4.87  8.606296  4.614018  0.659040  1.099470
 4.88  8.606258  4.613940  0.659150  1.096729
 4.89  8.606216  4.613897  0.659260  1.093995
 4.90  8.606178  4.613858  0.659370  1.091270
 4.91  8.606140  4.613819  0.659480  1.088553
 4.92  8.606103  4.613780  0.659590  1.085843
 4.93  8.606067  4.613737  0.659700  1.083141
 4.94  8.606029  4.613698  0.659800  1.080447
 4.95  8.605991  4.613659  0.659910  1.077760
 4.96  8.605960  4.613620  0.660020  1.075082
 4.97  8.605924  4.613576  0.660120  1.072410
 4.98  8.605886  4.613537  0.660220  1.069747
 4.99  8.605855  4.613499  0.660330  1.067091
 5.00  8.605823  4.613460  0.660430  1.064442
 5.01  8.605792  4.613421  0.660530  1.061801
 5.02  8.605750  4.613377  0.660630  1.059168
 5.03  8.605718  4.613338  0.660730  1.056542
 5.04  8.605687  4.613299  0.660830  1.053923
 5.05  8.605662  4.613260  0.660930  1.051311
 5.06  8.605630  4.613221  0.661030  1.048707
 5.07  8.605594  4.613178  0.661120  1.046110
 5.08  8.605563  4.613178  0.661220  1.043521
 5.09  8.605538  4.613139  0.661310  1.040938
 5.10  8.605506  4.613100  0.661410  1.038363
 5.11  8.605481  4.613061  0.661500  1.035795
 5.12  8.605449  4.613022  0.661600  1.033234
 5.13  8.605420  4.612978  0.661690  1.030680
 5.14  8.605388  4.612939  0.661780  1.028133
 5.15  8.605363  4.612939  0.661870  1.025593
 5.16  8.605338  4.612900  0.661960  1.023060
 5.17  8.605313  4.612861  0.662050  1.020534
 5.18  8.605281  4.612822  0.662140  1.018015
 5.19  8.605256  4.612783  0.662230  1.015503
 5.20  8.605226  4.612778  0.662320  1.012997
 5.21  8.605201  4.612739  0.662400  1.010499
 5.22  8.605182  4.612700  0.662490  1.008007
 5.23  8.605157  4.612661  0.662580  1.005522
 5.24  8.605132  4.612661  0.662660  1.003043
 5.25  8.605107  4.612622  0.662750  1.000572
 5.26  8.605082  4.612583  0.662830  0.998107
 5.27  8.605063  4.612544  0.662910  0.995648
 5.28  8.605037  4.612544  0.663000  0.993197
 5.29  8.605014  4.612501  0.663080  0.990751
 5.30  8.604989  4.612461  0.663160  0.988313
 5.31  8.604970  4.612461  0.663240  0.985881
 5.32  8.604945  4.612422  0.663320  0.983455
 5.33  8.604926  4.612383  0.663400  0.981036
 5.34  8.604907  4.612383  0.663480  0.978623
 5.35  8.604882  4.612344  0.663560  0.976216
 5.36  8.604863  4.612305  0.663640  0.973816
 5.37  8.604844  4.612305  0.663720  0.971422
 5.38  8.604825  4.612266  0.663790  0.969035
 5.39  8.604802  4.612262  0.663870  0.966654
 5.40  8.604783  4.612222  0.663950  0.964279
 5.41  8.604764  4.612183  0.664020  0.961910
 5.42  8.604745  4.612183  0.664100  0.959548
 5.43  8.604726  4.612144  0.664170  0.957191
 5.44  8.604707  4.612144  0.664250  0.954841
 5.45  8.604688  4.612105  0.664320  0.952497
 5.46  8.604669  4.612066  0.664390  0.950159
 5.47  8.604650  4.612066  0.664460  0.947827
 5.48  8.604638  4.612027  0.664540  0.945501
 5.49  8.604619  4.612027  0.664610  0.943181
 5.50  8.604600  4.611988  0.664680  0.940867
 5.51  8.604587  4.611988  0.664750  0.938559
 5.52  8.604568  4.611949  0.664820  0.936257
 5.53  8.604551  4.611944  0.664890  0.933961
 5.54  8.604532  4.611905  0.664960  0.931671
 5.55  8.604520  4.611905  0.665030  0.929386
 5.56  8.604501  4.611866  0.665090  0.927107
 5.57  8.604488  4.611866  0.665160  0.924835
 5.58  8.604476  4.611827  0.665230  0.922567
 5.59  8.604457  4.611827  0.665290  0.920306
 5.60  8.604444  4.611788  0.665360  0.918051
 5.61  8.604431  4.611788  0.665430  0.915801
 5.62  8.604419  4.611749  0.665490  0.913556
 5.63  8.604400  4.611749  0.665560  0.911318
 5.64  8.604387  4.611709  0.665620  0.909085
 5.65  8.604375  4.611709  0.665690  0.906857
 5.66  8.604362  4.611670  0.665750  0.904636
 5.67  8.604349  4.611670  0.665810  0.902419
 5.68  8.604337  4.611631  0.665880  0.900209
 5.69  8.604324  4.611631  0.665940  0.898003
 5.70  8.604311  4.611631  0.666000  0.895804
 5.71  8.604299  4.611592  0.666060  0.893609
 5.72  8.604286  4.611592  0.666120  0.891420
 5.73  8.604274  4.611553  0.666180  0.889237
 5.74  8.604267  4.611553  0.666240  0.887059
 5.75  8.604255  4.611553  0.666300  0.884886
 5.76  8.604242  4.611514  0.666360  0.882719
 5.77  8.604229  4.611514  0.666420  0.880557
 5.78  8.604223  4.611474  0.666480  0.878400
 5.79  8.604210  4.611474  0.666540  0.876249
 5.80  8.604198  4.611474  0.666600  0.874103
 5.81  8.604191  4.611435  0.666660  0.871962
 5.82  8.604179  4.611435  0.666710  0.869826
 5.83  8.604172  4.611435  0.666770  0.867695
 5.84  8.604160  4.611396  0.666830  0.865570
 5.85  8.604154  4.611396  0.666890  0.863450
 5.86  8.604141  4.611357  0.666940  0.861334
 5.87  8.604135  4.611357  0.667000  0.859224
 5.88  8.604122  4.611357  0.667050  0.857119
 5.89  8.604116  4.611318  0.667110  0.855020
 5.90  8.604109  4.611318  0.667160  0.852925
 5.91  8.604097  4.611318  0.667220  0.850835
 5.92  8.604090  4.611279  0.667270  0.848750
 5.93  8.604084  4.611279  0.667320  0.846670
 5.94  8.604071  4.611279  0.667380  0.844595
 5.95  8.604065  4.611279  0.667430  0.842525
 5.96  8.604059  4.611239  0.667480  0.840460
 5.97  8.604052  4.611239  0.667530  0.838400
 5.98  8.604046  4.611239  0.667590  0.836345
 5.99  8.604034  4.611200  0.667640  0.834295
 6.00  8.604027  4.611200  0.667690  0.832249
 6.01  8.604021  4.611200  0.667740  0.830208
 6.02  8.604015  4.611200  0.667790  0.828172
 6.03  8.604008  4.611161  0.667840  0.826141
 6.04  8.604002  4.611161  0.667890  0.824115
 6.05  8.603996  4.611161  0.667940  0.822093
 6.06  8.603989  4.611122  0.667990  0.820076
 6.07  8.603983  4.611122  0.668040  0.818064
 6.08  8.603977  4.611122  0.668090  0.816056
 6.09  8.603970  4.611122  0.668140  0.814053
 6.10  8.603964  4.611083  0.668190  0.812055
 6.11  8.603958  4.611083  0.668240  0.810062
 6.12  8.603951  4.611083  0.668280  0.808073
 6.13  8.603951  4.611083  0.668330  0.806088
 6.14  8.603945  4.611043  0.668380  0.804108
 6.15  8.603939  4.611043  0.668420  0.802133
 6.16  8.603932  4.611043  0.668470  0.800162
 6.17  8.603926  4.611043  0.668520  0.798196
 6.18  8.603926  4.611043  0.668560  0.796234
 6.19  8.603920  4.611004  0.668610  0.794277
 6.20  8.603913  4.611004  0.668660  0.792324
 6.21  8.603912  4.611009  0.668700  0.790376
 6.22  8.603912  4.611009  0.668750  0.788432
 6.23  8.603905  4.610969  0.668790  0.786493
 6.24  8.603899  4.610969  0.668840  0.784557
 6.25  8.603899  4.610969  0.668880  0.782627
 6.26  8.603893  4.610969  0.668920  0.780700
 6.27  8.603893  4.610969  0.668970  0.778778
 6.28  8.603886  4.610930  0.669010  0.776861
 6.29  8.603880  4.610930  0.669050  0.774947
 6.30  8.603880  4.610930  0.669100  0.773038
 6.31  8.603874  4.610930  0.669140  0.771134
 6.32  8.603874  4.610930  0.669180  0.769233
 6.33  8.603867  4.610930  0.669230  0.767337
 6.34  8.603867  4.610891  0.669270  0.765445
 6.35  8.603861  4.610891  0.669310  0.763557
 6.36  8.603861  4.610891  0.669350  0.761673
 6.37  8.603855  4.610891  0.669390  0.759794
 6.38  8.603855  4.610891  0.669430  0.757918
 6.39  8.603855  4.610891  0.669480  0.756047
 6.40  8.603848  4.610852  0.669520  0.754180
 6.41  8.603848  4.610852  0.669560  0.752317
 6.42  8.603846  4.610856  0.669600  0.750459
 6.43  8.603846  4.610856  0.669640  0.748604
 6.44  8.603846  4.610856  0.669680  0.746753
 6.45  8.603840  4.610856  0.669720  0.744907
 6.46  8.603840  4.610817  0.669760  0.743064
 6.47  8.603840  4.610817  0.669800  0.741226
 6.48  8.603834  4.610817  0.669830  0.739391
 6.49  8.603834  4.610817  0.669870  0.737560
 6.50  8.603834  4.610817  0.669910  0.735734
 6.51  8.603834  4.610817  0.669950  0.733911
 6.52  8.603828  4.610817  0.669990  0.732093
 6.53  8.603828  4.610778  0.670030  0.730278
 6.54  8.603828  4.610778  0.670060  0.728467
 6.55  8.603828  4.610778  0.670100  0.726660
 6.56  8.603821  4.610778  0.670140  0.724857
 6.57  8.603826  4.610782  0.670180  0.723058
 6.58  8.603826  4.610782  0.670210  0.721263
 6.59  8.603826  4.610782  0.670250  0.719472
 6.60  8.603826  4.610782  0.670290  0.717684
 6.61  8.603826  4.610782  0.670320  0.715900
 6.62  8.603819  4.610743  0.670360  0.714120
 6.63  8.603819  4.610743  0.670400  0.712344
 6.64  8.603819  4.610743  0.670430  0.710572
 6.65  8.603819  4.610743  0.670470  0.708803
 6.66  8.603819  4.610743  0.670500  0.707038
 6.67  8.603819  4.610743  0.670540  0.705277
 6.68  8.603819  4.610743  0.670570  0.703520
 6.69  8.603819  4.610743  0.670610  0.701766
 6.70  8.603819  4.610743  0.670640  0.700016
 6.71  8.603819  4.610704  0.670680  0.698270
 6.72  8.603824  4.610708  0.670710  0.696527
 6.73  8.603824  4.610708  0.670750  0.694788
 6.74  8.603824  4.610708  0.670780  0.693053
 6.75  8.603824  4.610708  0.670810  0.691321
 6.76  8.603824  4.610708  0.670850  0.689593
 6.77  8.603824  4.610708  0.670880  0.687868
 6.78  8.603824  4.610708  0.670910  0.686147
 6.79  8.603824  4.610708  0.670950  0.684430
 6.80  8.603824  4.610708  0.670980  0.682716
 6.81  8.603824  4.610708  0.671010  0.681006
 6.82  8.603824  4.610669  0.671050  0.679299
 6.83  8.603824  4.610669  0.671080  0.677596
 6.84  8.603824  4.610669  0.671110  0.675896
 6.85  8.603828  4.610673  0.671140  0.674200
 6.86  8.603828  4.610673  0.671170  0.672507
 6.87  8.603828  4.610673  0.671210  0.670818
 6.88  8.603828  4.610673  0.671240  0.669132
 6.89  8.603828  4.610673  0.671270  0.667450
 6.90  8.603828  4.610673  0.671300  0.665771
 6.91  8.603828  4.610673  0.671330  0.664095
 6.92  8.603828  4.610673  0.671360  0.662423
 6.93  8.603834  4.610673  0.671390  0.660755
 6.94  8.603834  4.610673  0.671430  0.659089
 6.95  8.603834  4.610673  0.671460  0.657428
 6.96  8.603834  4.610673  0.671490  0.655769
 6.97  8.603834  4.610634  0.671520  0.654114
 6.98  8.603839  4.610638  0.671550  0.652462
 6.99  8.603839  4.610638  0.671580  0.650814
 7.00  8.603845  4.610638  0.671610  0.649168
 7.01  8.603845  4.610638  0.671640  0.647526
 7.02  8.603845  4.610638  0.671670  0.645888
 7.03  8.603845  4.610638  0.671700  0.644253
 7.04  8.603845  4.610638  0.671720  0.642621
 7.05  8.603845  4.610638  0.671750  0.640992
 7.06  8.603851  4.610638  0.671780  0.639366
 7.07  8.603851  4.610638  0.671810  0.637744
 7.08  8.603851  4.610638  0.671840  0.636125
 7.09  8.603851  4.610638  0.671870  0.634509
 7.10  8.603851  4.610638  0.671900  0.632896
 7.11  8.603862  4.610643  0.671930  0.631287
 7.12  8.603862  4.610643  0.671950  0.629681
 7.13  8.603862  4.610643  0.671980  0.628077
 7.14  8.603862  4.610643  0.672010  0.626477
 7.15  8.603862  4.610603  0.672040  0.624881
 7.16  8.603869  4.610603  0.672070  0.623287
 7.17  8.603869  4.610603  0.672090  0.621696
 7.18  8.603869  4.610603  0.672120  0.620109
 7.19  8.603869  4.610603  0.672150  0.618525
 7.20  8.603875  4.610603  0.672180  0.616943
 7.21  8.603875  4.610603  0.672200  0.615365
 7.22  8.603875  4.610603  0.672230  0.613790
 7.23  8.603886  4.610608  0.672260  0.612218
 7.24  8.603886  4.610608  0.672290  0.610649
 7.25  8.603886  4.610608  0.672310  0.609083
 7.26  8.603892  4.610608  0.672340  0.607520
 7.27  8.603892  4.610608  0.672370  0.605961
 7.28  8.603892  4.610608  0.672390  0.604404
 7.29  8.603892  4.610608  0.672420  0.602850
 7.30  8.603898  4.610608  0.672440  0.601299
 7.31  8.603898  4.610608  0.672470  0.599751
 7.32  8.603898  4.610608  0.672500  0.598206
 7.33  8.603905  4.610608  0.672520  0.596664
 7.34  8.603909  4.610612  0.672550  0.595125
 7.35  8.603909  4.610612  0.672570  0.593589
 7.36  8.603915  4.610612  0.672600  0.592056
 7.37  8.603915  4.610612  0.672630  0.590526
 7.38  8.603922  4.610612  0.672650  0.588999
 7.39  8.603922  4.610612  0.672680  0.587474
 7.40  8.603922  4.610612  0.672700  0.585953
 7.41  8.603928  4.610612  0.672730  0.584434
 7.42  8.603928  4.610612  0.672750  0.582918
 7.43  8.603928  4.610612  0.672780  0.581406
 7.44  8.603934  4.610612  0.672800  0.579896
 7.45  8.603934  4.610612  0.672830  0.578388
 7.46  8.603945  4.610617  0.672850  0.576884
 7.47  8.603945  4.610617  0.672880  0.575383
 7.48  8.603951  4.610617  0.672900  0.573884
 7.49  8.603951  4.610617  0.672930  0.572388
 7.50  8.603951  4.610617  0.672950  0.570895
 7.51  8.603958  4.610617  0.672970  0.569405
 7.52  8.603958  4.610617  0.673000  0.567917
 7.53  8.603964  4.610617  0.673020  0.566432
 7.54  8.603964  4.610617  0.673050  0.564950
 7.55  8.603970  4.610617  0.673070  0.563471
 7.56  8.603970  4.610617  0.673100  0.561995
 7.57  8.603975  4.610621  0.673120  0.560521
 7.58  8.603981  4.610621  0.673140  0.559050
 7.59  8.603981  4.610621  0.673170  0.557581
 7.60  8.603987  4.610621  0.673190  0.556116
 7.61  8.603987  4.610621  0.673210  0.554653
 7.62  8.603994  4.610621  0.673240  0.553193
 7.63  8.603994  4.610621  0.673260  0.551735
 7.64  8.604000  4.610621  0.673280  0.550280
 7.65  8.604000  4.610621  0.673310  0.548828
 7.66  8.604006  4.610621  0.673330  0.547379
 7.67  8.604006  4.610621  0.673350  0.545932
 7.68  8.604017  4.610626  0.673380  0.544487
 7.69  8.604017  4.610626  0.673400  0.543046
 7.70  8.604023  4.610626  0.673420  0.541607
 7.71  8.604023  4.610626  0.673440  0.540170
 7.72  8.604030  4.610626  0.673470  0.538737
 7.73  8.604030  4.610626  0.673490  0.537305
 7.74  8.604036  4.610626  0.673510  0.535877
 7.75  8.604036  4.610626  0.673530  0.534451
 7.76  8.604042  4.610626  0.673560  0.533027
 7.77  8.604042  4.610626  0.673580  0.531606
 7.78  8.604049  4.610626  0.673600  0.530188
 7.79  8.604053  4.610630  0.673620  0.528772
 7.80  8.604059  4.610630  0.673650  0.527359
 7.81  8.604059  4.610630  0.673670  0.525948
 7.82  8.604066  4.610630  0.673690  0.524540
 7.83  8.604066  4.610630  0.673710  0.523134
 7.84  8.604072  4.610630  0.673730  0.521731
 7.85  8.604072  4.610630  0.673760  0.520331
 7.86  8.604078  4.610630  0.673780  0.518932
 7.87  8.604078  4.610630  0.673800  0.517537
 7.88  8.604085  4.610630  0.673820  0.516144
 7.89  8.604085  4.610630  0.673840  0.514753
 7.90  8.604095  4.610634  0.673860  0.513365
 7.91  8.604095  4.610634  0.673880  0.511979
 7.92  8.604102  4.610634  0.673910  0.510595
 7.93  8.604108  4.610634  0.673930  0.509214
 7.94  8.604108  4.610634  0.673950  0.507836
 7.95  8.604114  4.610634  0.673970  0.506460
 7.96  8.604114  4.610634  0.673990  0.505086
 7.97  8.604121  4.610634  0.674010  0.503715
 7.98  8.604121  4.610634  0.674030  0.502346
 7.99  8.604127  4.610634  0.674050  0.500980
 8.00  8.604133  4.610634  0.674070  0.499615
 8.01  8.604138  4.610639  0.674090  0.498254
 8.02  8.604144  4.610639  0.674120  0.496894
 8.03  8.604144  4.610639  0.674140  0.495537
 8.04  8.604150  4.610639  0.674160  0.494183
 8.05  8.604150  4.610639  0.674180  0.492831
 8.06  8.604157  4.610639  0.674200  0.491481
 8.07  8.604163  4.610639  0.674220  0.490133
 8.08  8.604163  4.610639  0.674240  0.488788
 8.09  8.604169  4.610639  0.674260  0.487445
 8.10  8.604169  4.610639  0.674280  0.486104
 8.11  8.604175  4.610639  0.674300  0.484766
 8.12  8.604180  4.610643  0.674320  0.483430
 8.13  8.604186  4.610643  0.674340  0.482096
 8.14  8.604193  4.610643  0.674360  0.480765
 8.15  8.604193  4.610643  0.674380  0.479436
 8.16  8.604199  4.610643  0.674400  0.478109
 8.17  8.604199  4.610643  0.674420  0.476784
 8.18  8.604205  4.610643  0.674440  0.475462
 8.19  8.604211  4.610643  0.674460  0.474142
 8.20  8.604211  4.610643  0.674480  0.472824
 8.21  8.604218  4.610643  0.674500  0.471508
 8.22  8.604218  4.610643  0.674520  0.470195
 8.23  8.604229  4.610648  0.674540  0.468883
 8.24  8.604235  4.610648  0.674560  0.467575
 8.25  8.604235  4.610687  0.674580  0.466268
 8.26  8.604241  4.610687  0.674600  0.464963
 8.27  8.604241  4.610687  0.674610  0.463661
 8.28  8.604247  4.610687  0.674630  0.462361
 8.29  8.604254  4.610687  0.674650  0.461063
 8.30  8.604254  4.610687  0.674670  0.459767
 8.31  8.604260  4.610687  0.674690  0.458473
 8.32  8.604266  4.610687  0.674710  0.457182
 8.33  8.604266  4.610687  0.674730  0.455893
 8.34  8.604277  4.610691  0.674750  0.454605
 8.35  8.604277  4.610691  0.674770  0.453320
 8.36  8.604283  4.610691  0.674790  0.452038
 8.37  8.604290  4.610691  0.674810  0.450757
 8.38  8.604290  4.610691  0.674820  0.449478
 8.39  8.604296  4.610691  0.674840  0.448202
 8.40  8.604296  4.610691  0.674860  0.446927
 8.41  8.604302  4.610691  0.674880  0.445655
 8.42  8.604309  4.610691  0.674900  0.444385
 8.43  8.604309  4.610691  0.674920  0.443117
 8.44  8.604315  4.610691  0.674940  0.441851
 8.45  8.604326  4.610696  0.674950  0.440587
 8.46  8.604326  4.610696  0.674970  0.439325
 8.47  8.604332  4.610696  0.674990  0.438066
 8.48  8.604338  4.610696  0.675010  0.436808
 8.49  8.604338  4.610696  0.675030  0.435552
 8.50  8.604345  4.610696  0.675050  0.434299
 8.51  8.604345  4.610696  0.675070  0.433047
 8.52  8.604351  4.610696  0.675080  0.431798
 8.53  8.604357  4.610696  0.675100  0.430550
 8.54  8.604357  4.610696  0.675120  0.429305
 8.55  8.604368  4.610700  0.675140  0.428061
 8.56  8.604374  4.610700  0.675160  0.426820
 8.57  8.604374  4.610739  0.675170  0.425581
 8.58  8.604381  4.610739  0.675190  0.424343
 8.59  8.604387  4.610739  0.675210  0.423108
 8.60  8.604387  4.610739  0.675230  0.421875
 8.61  8.604393  4.610739  0.675250  0.420643
 8.62  8.604393  4.610739  0.675260  0.419414
 8.63  8.604400  4.610739  0.675280  0.418187
 8.64  8.604406  4.610739  0.675300  0.416961
 8.65  8.604406  4.610739  0.675320  0.415738
 8.66  8.604417  4.610744  0.675330  0.414516
 8.67  8.604423  4.610744  0.675350  0.413297
 8.68  8.604423  4.610744  0.675370  0.412079
 8.69  8.604429  4.610744  0.675390  0.410863
 8.70  8.604436  4.610744  0.675400  0.409650
 8.71  8.604436  4.610744  0.675420  0.408438
 8.72  8.604442  4.610744  0.675440  0.407228
 8.73  8.604448  4.610744  0.675460  0.406020
 8.74  8.604448  4.610744  0.675470  0.404814
 8.75  8.604455  4.610744  0.675490  0.403610
 8.76  8.604461  4.610744  0.675510  0.402408
 8.77  8.604465  4.610748  0.675530  0.401208
 8.78  8.604472  4.610748  0.675540  0.400009
 8.79  8.604478  4.610748  0.675560  0.398813
 8.80  8.604478  4.610748  0.675580  0.397618
 8.81  8.604484  4.610748  0.675600  0.396425
 8.82  8.604491  4.610748  0.675610  0.395235
 8.83  8.604491  4.610787  0.675630  0.394046
 8.84  8.604497  4.610787  0.675650  0.392858
 8.85  8.604503  4.610787  0.675660  0.391673
 8.86  8.604503  4.610787  0.675680  0.390490
 8.87  8.604509  4.610787  0.675700  0.389308
 8.88  8.604514  4.610792  0.675710  0.388128
 8.89  8.604520  4.610792  0.675730  0.386951
 8.90  8.604526  4.610792  0.675750  0.385774
 8.91  8.604526  4.610792  0.675770  0.384600
 8.92  8.604533  4.610792  0.675780  0.383428
 8.93  8.604539  4.610792  0.675800  0.382257
 8.94  8.604539  4.610792  0.675820  0.381088
 8.95  8.604545  4.610792  0.675830  0.379921
 8.96  8.604552  4.610792  0.675850  0.378756
 8.97  8.604552  4.610792  0.675870  0.377593
 8.98  8.604558  4.610792  0.675880  0.376431
 8.99  8.604569  4.610796  0.675900  0.375272
 9.00  8.604569  4.610796  0.675920  0.374114
 9.01  8.604575  4.610796  0.675930  0.372957
 9.02  8.604581  4.610796  0.675950  0.371803
 9.03  8.604581  4.610796  0.675960  0.370650
 9.04  8.604588  4.610796  0.675980  0.369499
 9.05  8.604594  4.610796  0.676000  0.368350
 9.06  8.604594  4.610796  0.676010  0.367203
 9.07  8.604600  4.610835  0.676030  0.366057
 9.08  8.604607  4.610835  0.676050  0.364913
 9.09  8.604607  4.610835  0.676060  0.363771
 9.10  8.604613  4.610835  0.676080  0.362630
 9.11  8.604624  4.610840  0.676100  0.361492
 9.12  8.604624  4.610840  0.676110  0.360355
 9.13  8.604630  4.610840  0.676130  0.359219
 9.14  8.604636  4.610840  0.676140  0.358086
 9.15  8.604636  4.610840  0.676160  0.356954
 9.16  8.604643  4.610840  0.676180  0.355824
 9.17  8.604649  4.610840  0.676190  0.354696
 9.18  8.604649  4.610840  0.676210  0.353569
 9.19  8.604655  4.610840  0.676220  0.352444
 9.20  8.604662  4.610840  0.676240  0.351320
 9.21  8.604662  4.610840  0.676260  0.350199
 9.22  8.604672  4.610844  0.676270  0.349079
 9.23  8.604679  4.610844  0.676290  0.347960
 9.24  8.604679  4.610844  0.676300  0.346844
 9.25  8.604685  4.610844  0.676320  0.345729
 9.26  8.604691  4.610844  0.676340  0.344615
 9.27  8.604691  4.610844  0.676350  0.343504
 9.28  8.604697  4.610844  0.676370  0.342394
 9.29  8.604704  4.610844  0.676380  0.341285
 9.30  8.604704  4.610883  0.676400  0.340179
 9.31  8.604710  4.610883  0.676410  0.339074
 9.32  8.604716  4.610883  0.676430  0.337970
 9.33  8.604721  4.610888  0.676450  0.336868
 9.34  8.604727  4.610888  0.676460  0.335768
 9.35  8.604733  4.610888  0.676480  0.334670
 9.36  8.604733  4.610888  0.676490  0.333573
 9.37  8.604740  4.610888  0.676510  0.332477
 9.38  8.604746  4.610888  0.676520  0.331384
 9.39  8.604746  4.610888  0.676540  0.330292
 9.40  8.604752  4.610888  0.676560  0.329201
 9.41  8.604759  4.610888  0.676570  0.328112
 9.42  8.604759  4.610888  0.676590  0.327025
 9.43  8.604765  4.610888  0.676600  0.325939
 9.44  8.604771  4.610888  0.676620  0.324855
 9.45  8.604776  4.610892  0.676630  0.323772
 9.46  8.604782  4.610892  0.676650  0.322691
 9.47  8.604788  4.610892  0.676660  0.321612
 9.48  8.604795  4.610892  0.676680  0.320534
 9.49  8.604795  4.610892  0.676690  0.319458
 9.50  8.604801  4.610892  0.676710  0.318383
 9.51  8.604807  4.610892  0.676720  0.317310
 9.52  8.604807  4.610932  0.676740  0.316238
 9.53  8.604814  4.610932  0.676760  0.315168
 9.54  8.604820  4.610932  0.676770  0.314100
 9.55  8.604820  4.610932  0.676790  0.313033
 9.56  8.604826  4.610932  0.676800  0.311967
 9.57  8.604837  4.610936  0.676820  0.310903
 9.58  8.604837  4.610936  0.676830  0.309841
 9.59  8.604843  4.610936  0.676850  0.308780
 9.60  8.604849  4.610936  0.676860  0.307721
 9.61  8.604849  4.610936  0.676880  0.306663
 9.62  8.604856  4.610936  0.676890  0.305606
 9.63  8.604862  4.610936  0.676910  0.304552
 9.64  8.604862  4.610936  0.676920  0.303498
 9.65  8.604868  4.610936  0.676940  0.302447
 9.66  8.604875  4.610936  0.676950  0.301396
 9.67  8.604875  4.610936  0.676970  0.300347
 9.68  8.604885  4.610940  0.676980  0.299300
 9.69  8.604892  4.610940  0.677000  0.298254
 9.70  8.604892  4.610940  0.677010  0.297210
 9.71  8.604898  4.610940  0.677030  0.296167
 9.72  8.604904  4.610940  0.677040  0.295126
 9.73  8.604904  4.610980  0.677060  0.294086
 9.74  8.604911  4.610980  0.677070  0.293047
 9.75  8.604917  4.610980  0.677090  0.292010
 9.76  8.604917  4.610980  0.677100  0.290975
 9.77  8.604923  4.610980  0.677120  0.289940
 9.78  8.604930  4.610980  0.677130  0.288908
 9.79  8.604930  4.610980  0.677140  0.287877
 9.80  8.604940  4.610984  0.677160  0.286847
 9.81  8.604947  4.610984  0.677170  0.285819
 9.82  8.604947  4.610984  0.677190  0.284792
 9.83  8.604953  4.610984  0.677200  0.283766
 9.84  8.604959  4.610984  0.677220  0.282742
 9.85  8.604959  4.610984  0.677230  0.281720
 9.86  8.604966  4.610984  0.677250  0.280698
 9.87  8.604972  4.610984  0.677260  0.279679
 9.88  8.604972  4.610984  0.677280  0.278660
 9.89  8.604978  4.610984  0.677290  0.277643
 9.90  8.604984  4.610984  0.677300  0.276628
 9.91  8.604984  4.610984  0.677320  0.275614
 9.92  8.604995  4.610988  0.677330  0.274601
 9.93  8.605001  4.610988  0.677350  0.273590
 9.94  8.605001  4.611028  0.677360  0.272580
 9.95  8.605008  4.611028  0.677380  0.271571
 9.96  8.605014  4.611028  0.677390  0.270564
 9.97  8.605014  4.611028  0.677410  0.269559
 9.98  8.605020  4.611028  0.677420  0.268554
 9.99  8.605027  4.611028  0.677430  0.267551
10.00  8.605027  4.611028  0.677450  0.266550
10.01  8.605033  4.611028  0.677460  0.265549
10.02  8.605039  4.611028  0.677480  0.264550
10.03  8.605039  4.611028  0.677490  0.263553
10.04  8.605050  4.611032  0.677500  0.262557
10.05  8.605056  4.611032  0.677520  0.261562
10.06  8.605056  4.611032  0.677530  0.260569
10.07  8.605063  4.611032  0.677550  0.259576
10.08  8.605069  4.611032  0.677560  0.258586
10.09  8.605069  4.611032  0.677580  0.257596
10.10  8.605075  4.611032  0.677590  0.256608
10.11  8.605082  4.611032  0.677600  0.255622
10.12  8.605082  4.611032  0.677620  0.254636
10.13  8.605088  4.611032  0.677630  0.253652
10.14  8.605094  4.611032  0.677650  0.252669
10.15  8.605094  4.611071  0.677660  0.251688
10.16  8.605105  4.611076  0.677670  0.250708
10.17  8.605105  4.611076  0.677690  0.249729
10.18  8.605111  4.611076  0.677700  0.248752
10.19  8.605117  4.611076  0.677720  0.247776
10.20  8.605117  4.611076  0.677730  0.246801
10.21  8.605124  4.611076  0.677740  0.245827
10.22  8.605130  4.611076  0.677760  0.244855
10.23  8.605130  4.611076  0.677770  0.243884
10.24  8.605136  4.611076  0.677780  0.242915
10.25  8.605143  4.611076  0.677800  0.241946
10.26  8.605143  4.611076  0.677810  0.240979
10.27  8.605149  4.611076  0.677830  0.240013
10.28  8.605155  4.611076  0.677840  0.239049
10.29  8.605160  4.611080  0.677850  0.238086
10.30  8.605166  4.611080  0.677870  0.237124
10.31  8.605166  4.611080  0.677880  0.236163
10.32  8.605172  4.611080  0.677890  0.235204
10.33  8.605179  4.611080  0.677910  0.234246
10.34  8.605179  4.611080  0.677920  0.233289
10.35  8.605185  4.611080  0.677930  0.232334
10.36  8.605191  4.611080  0.677950  0.231379
10.37  8.605191  4.611119  0.677960  0.230426
10.38  8.605198  4.611119  0.677980  0.229474
10.39  8.605204  4.611119  0.677990  0.228524
10.40  8.605204  4.611119  0.678000  0.227575
10.41  8.605215  4.611124  0.678020  0.226627
10.42  8.605215  4.611124  0.678030  0.225680
10.43  8.605221  4.611124  0.678040  0.224734
10.44  8.605227  4.611124  0.678060  0.223790
10.45  8.605227  4.611124  0.678070  0.222847
10.46  8.605233  4.611124  0.678080  0.221905
10.47  8.605240  4.611124  0.678100  0.220964
10.48  8.605240  4.611124  0.678110  0.220025
10.49  8.605246  4.611124  0.678120  0.219087
10.50  8.605252  4.611124  0.678140  0.218150
10.51  8.605252  4.611124  0.678150  0.217214
10.52  8.605259  4.611124  0.678160  0.216279
10.53  8.605259  4.611124  0.678180  0.215346
10.54  8.605269  4.611128  0.678190  0.214414
10.55  8.605276  4.611128  0.678200  0.213483
10.56  8.605276  4.611128  0.678220  0.212553
10.57  8.605282  4.611128  0.678230  0.211625
10.58  8.605288  4.611128  0.678240  0.210697
10.59  8.605288  4.611167  0.678260  0.209771
10.60  8.605295  4.611167  0.678270  0.208846
10.61  8.605295  4.611167  0.678280  0.207923
10.62  8.605301  4.611167  0.678300  0.207000
10.63  8.605307  4.611167  0.678310  0.206079
10.64  8.605307  4.611167  0.678320  0.205158
10.65  8.605313  4.611167  0.678330  0.204239
10.66  8.605313  4.611167  0.678350  0.203322
10.67  8.605320  4.611167  0.678360  0.202405
10.68  8.605330  4.611172  0.678370  0.201489
10.69  8.605330  4.611172  0.678390  0.200575
10.70  8.605337  4.611172  0.678400  0.199662
10.71  8.605343  4.611172  0.678410  0.198750
10.72  8.605343  4.611172  0.678430  0.197839
10.73  8.605349  4.611172  0.678440  0.196929
10.74  8.605349  4.611172  0.678450  0.196021
10.75  8.605356  4.611172  0.678460  0.195113
10.76  8.605362  4.611172  0.678480  0.194207
10.77  8.605362  4.611172  0.678490  0.193302
10.78  8.605368  4.611172  0.678500  0.192398
10.79  8.605368  4.611172  0.678520  0.191495
10.80  8.605375  4.611172  0.678530  0.190594
10.81  8.605385  4.611176  0.678540  0.189693
10.82  8.605385  4.611215  0.678560  0.188794
10.83  8.605392  4.611215  0.678570  0.187895
10.84  8.605398  4.611215  0.678580  0.186998
10.85  8.605398  4.611215  0.678590  0.186102
10.86  8.605404  4.611215  0.678610  0.185207
10.87  8.605404  4.611215  0.678620  0.184313
10.88  8.605410  4.611215  0.678630  0.183421
10.89  8.605417  4.611215  0.678640  0.182529
10.90  8.605417  4.611215  0.678660  0.181639
10.91  8.605423  4.611215  0.678670  0.180749
10.92  8.605423  4.611215  0.678680  0.179861
10.93  8.605429  4.611215  0.678700  0.178974
10.94  8.605436  4.611215  0.678710  0.178088
10.95  8.605440  4.611220  0.678720  0.177203
10.96  8.605446  4.611220  0.678730  0.176319
10.97  8.605446  4.611220  0.678750  0.175436
10.98  8.605453  4.611220  0.678760  0.174555
10.99  8.605459  4.611220  0.678770  0.173674
11.00  8.605459  4.611220  0.678780  0.172795
11.01  8.605465  4.611220  0.678800  0.171916
11.02  8.605465  4.611220  0.678810  0.171039
11.03  8.605472  4.611220  0.678820  0.170163
11.04  8.605472  4.611220  0.678830  0.169288
11.05  8.605478  4.611259  0.678850  0.168414
11.06  8.605484  4.611259  0.678860  0.167541
11.07  8.605484  4.611259  0.678870  0.166669
11.08  8.605495  4.611263  0.678880  0.165798
11.09  8.605495  4.611263  0.678900  0.164928
11.10  8.605501  4.611263  0.678910  0.164059
11.11  8.605508  4.611263  0.678920  0.163192
11.12  8.605508  4.611263  0.678930  0.162325
11.13  8.605514  4.611263  0.678950  0.161460
11.14  8.605514  4.611263  0.678960  0.160595
11.15  8.605520  4.611263  0.678970  0.159732
11.16  8.605526  4.611263  0.678980  0.158869
11.17  8.605526  4.611263  0.679000  0.158008
11.18  8.605533  4.611263  0.679010  0.157148
11.19  8.605533  4.611263  0.679020  0.156288
11.20  8.605539  4.611263  0.679030  0.155430
11.21  8.605545  4.611263  0.679050  0.154573
11.22  8.605545  4.611263  0.679060  0.153717
11.23  8.605556  4.611268  0.679070  0.152862
11.24  8.605556  4.611268  0.679080  0.152008
11.25  8.605562  4.611268  0.679090  0.151155
11.26  8.605562  4.611268  0.679110  0.150303
11.27  8.605569  4.611268  0.679120  0.149452
11.28  8.605575  4.611268  0.679130  0.148602
11.29  8.605575  4.611307  0.679140  0.147753
11.30  8.605581  4.611307  0.679160  0.146905
11.31  8.605581  4.611307  0.679170  0.146058
11.32  8.605587  4.611307  0.679180  0.145212
11.33  8.605587  4.611307  0.679190  0.144367
11.34  8.605594  4.611307  0.679200  0.143523
11.35  8.605600  4.611307  0.679220  0.142680
11.36  8.605600  4.611307  0.679230  0.141838
11.37  8.605611  4.611311  0.679240  0.140998
11.38  8.605611  4.611311  0.679250  0.140158
11.39  8.605617  4.611311  0.679270  0.139319
11.40  8.605617  4.611311  0.679280  0.138481
11.41  8.605623  4.611311  0.679290  0.137644
11.42  8.605630  4.611311  0.679300  0.136808
11.43  8.605630  4.611311  0.679310  0.135973
11.44  8.605636  4.611311  0.679330  0.135139
11.45  8.605636  4.611311  0.679340  0.134306
11.46  8.605642  4.611311  0.679350  0.133475
11.47  8.605642  4.611311  0.679360  0.132644
11.48  8.605649  4.611311  0.679370  0.131814
11.49  8.605655  4.611311  0.679390  0.130985
11.50  8.605655  4.611311  0.679400  0.130157
11.51  8.605661  4.611311  0.679410  0.129330
11.52  8.605666  4.611316  0.679420  0.128503
11.53  8.605672  4.611355  0.679430  0.127678
11.54  8.605672  4.611355  0.679450  0.126854
11.55  8.605678  4.611355  0.679460  0.126031
11.56  8.605684  4.611355  0.679470  0.125209
11.57  8.605684  4.611355  0.679480  0.124388
11.58  8.605691  4.611355  0.679490  0.123567
11.59  8.605691  4.611355  0.679500  0.122748
11.60  8.605697  4.611355  0.679520  0.121930
11.61  8.605697  4.611355  0.679530  0.121112
11.62  8.605703  4.611355  0.679540  0.120296
11.63  8.605703  4.611355  0.679550  0.119480
11.64  8.605710  4.611355  0.679560  0.118666
11.65  8.605716  4.611355  0.679580  0.117852
11.66  8.605716  4.611355  0.679590  0.117039
11.67  8.605722  4.611355  0.679600  0.116228
11.68  8.605727  4.611359  0.679610  0.115417
11.69  8.605733  4.611359  0.679620  0.114607
11.70  8.605733  4.611359  0.679630  0.113798
11.71  8.605739  4.611359  0.679650  0.112990
11.72  8.605739  4.611359  0.679660  0.112183
11.73  8.605746  4.611359  0.679670  0.111377
11.74  8.605752  4.611359  0.679680  0.110572
11.75  8.605752  4.611359  0.679690  0.109767
11.76  8.605758  4.611359  0.679700  0.108964
11.77  8.605758  4.611359  0.679720  0.108161
11.78  8.605764  4.611399  0.679730  0.107360
11.79  8.605764  4.611399  0.679740  0.106559
11.80  8.605771  4.611399  0.679750  0.105760
11.81  8.605771  4.611399  0.679760  0.104961
11.82  8.605777  4.611399  0.679770  0.104163
11.83  8.605783  4.611399  0.679790  0.103366
11.84  8.605788  4.611403  0.679800  0.102570
11.85  8.605794  4.611403  0.679810  0.101775
11.86  8.605794  4.611403  0.679820  0.100981
11.87  8.605800  4.611403  0.679830  0.100187
11.88  8.605800  4.611403  0.679840  0.099395
11.89  8.605807  4.611403  0.679860  0.098604
11.90  8.605807  4.611403  0.679870  0.097813
11.91  8.605813  4.611403  0.679880  0.097023
11.92  8.605813  4.611403  0.679890  0.096234
11.93  8.605819  4.611403  0.679900  0.095446
11.94  8.605825  4.611403  0.679910  0.094659
11.95  8.605825  4.611403  0.679920  0.093873
11.96  8.605832  4.611403  0.679940  0.093088
11.97  8.605832  4.611403  0.679950  0.092304
11.98  8.605838  4.611403  0.679960  0.091520
11.99  8.605838  4.611403  0.679970  0.090737
12.00  8.605849  4.611408  0.679980  0.089956
12.01  8.605849  4.611408  0.679990  0.089175
12.02  8.605855  4.611408  0.680000  0.088395
12.03  8.605855  4.611408  0.680020  0.087616
12.04  8.605861  4.611447  0.680030  0.086838
12.05  8.605861  4.611447  0.680040  0.086060
12.06  8.605868  4.611447  0.680050  0.085284
12.07  8.605874  4.611447  0.680060  0.084508
12.08  8.605874  4.611447  0.680070  0.083733
12.09  8.605880  4.611447  0.680080  0.082959
12.10  8.605880  4.611447  0.680100  0.082186
12.11  8.605887  4.611447  0.680110  0.081414
12.12  8.605887  4.611447  0.680120  0.080643
12.13  8.605893  4.611447  0.680130  0.079872
12.14  8.605893  4.611447  0.680140  0.079103
12.15  8.605899  4.611447  0.680150  0.078334
12.16  8.605899  4.611447  0.680160  0.077566
12.17  8.605910  4.611451  0.680170  0.076799
12.18  8.605910  4.611451  0.680190  0.076033
12.19  8.605916  4.611451  0.680200  0.075268
12.20  8.605916  4.611451  0.680210  0.074503
12.21  8.605922  4.611451  0.680220  0.073739
12.22  8.605922  4.611451  0.680230  0.072977
12.23  8.605929  4.611451  0.680240  0.072215
12.24  8.605935  4.611451  0.680250  0.071453
12.25  8.605935  4.611451  0.680260  0.070693
12.26  8.605941  4.611451  0.680280  0.069934
12.27  8.605941  4.611451  0.680290  0.069175
12.28  8.605948  4.611451  0.680300  0.068417
12.29  8.605948  4.611451  0.680310  0.067660
12.30  8.605954  4.611451  0.680320  0.066904
12.31  8.605954  4.611490  0.680330  0.066149
12.32  8.605960  4.611490  0.680340  0.065394
12.33  8.605960  4.611490  0.680350  0.064641
12.34  8.605971  4.611495  0.680360  0.063888
12.35  8.605971  4.611495  0.680380  0.063136
12.36  8.605977  4.611495  0.680390  0.062385
12.37  8.605977  4.611495  0.680400  0.061634
12.38  8.605983  4.611495  0.680410  0.060885
12.39  8.605983  4.611495  0.680420  0.060136
12.40  8.605990  4.611495  0.680430  0.059388
12.41  8.605990  4.611495  0.680440  0.058641
12.42  8.605996  4.611495  0.680450  0.057894
12.43  8.605996  4.611495  0.680460  0.057149
12.44  8.606002  4.611495  0.680480  0.056404
12.45  8.606002  4.611495  0.680490  0.055660
12.46  8.606009  4.611495  0.680500  0.054917
12.47  8.606009  4.611495  0.680510  0.054175
12.48  8.606015  4.611495  0.680520  0.053433
12.49  8.606021  4.611495  0.680530  0.052693
12.50  8.606021  4.611495  0.680540  0.051953
12.51  8.606028  4.611495  0.680550  0.051214
12.52  8.606032  4.611499  0.680560  0.050475
12.53  8.606038  4.611499  0.680570  0.049738
12.54  8.606038  4.611499  0.680590  0.049001
12.55  8.606045  4.611499  0.680600  0.048265
12.56  8.606045  4.611499  0.680610  0.047530
12.57  8.606051  4.611499  0.680620  0.046796
12.58  8.606051  4.611538  0.680630  0.046062
12.59  8.606057  4.611538  0.680640  0.045329
12.60  8.606057  4.611538  0.680650  0.044597
12.61  8.606063  4.611538  0.680660  0.043866
12.62  8.606063  4.611538  0.680670  0.043136
12.63  8.606070  4.611538  0.680680  0.042406
12.64  8.606070  4.611538  0.680690  0.041677
12.65  8.606076  4.611538  0.680700  0.040949
12.66  8.606076  4.611538  0.680720  0.040222
12.67  8.606082  4.611538  0.680730  0.039495
12.68  8.606082  4.611538  0.680740  0.038769
12.69  8.606089  4.611538  0.680750  0.038044
12.70  8.606093  4.611543  0.680760  0.037320
12.71  8.606099  4.611543  0.680770  0.036597
12.72  8.606099  4.611543  0.680780  0.035874
12.73  8.606106  4.611543  0.680790  0.035152
12.74  8.606106  4.611543  0.680800  0.034431
12.75  8.606112  4.611543  0.680810  0.033710
12.76  8.606112  4.611543  0.680820  0.032991
12.77  8.606118  4.611543  0.680830  0.032272
12.78  8.606118  4.611543  0.680840  0.031553
12.79  8.606124  4.611543  0.680860  0.030836
12.80  8.606124  4.611543  0.680870  0.030119
12.81  8.606131  4.611543  0.680880  0.029403
12.82  8.606131  4.611543  0.680890  0.028688
12.83  8.606137  4.611543  0.680900  0.027974
12.84  8.606137  4.611543  0.680910  0.027260
12.85  8.606143  4.611543  0.680920  0.026547
12.86  8.606143  4.611582  0.680930  0.025835
12.87  8.606150  4.611582  0.680940  0.025124
12.88  8.606154  4.611586  0.680950  0.024413
12.89  8.606160  4.611586  0.680960  0.023703
12.90  8.606160  4.611586  0.680970  0.022994
12.91  8.606167  4.611586  0.680980  0.022285
12.92  8.606167  4.611586  0.680990  0.021578
12.93  8.606173  4.611586  0.681010  0.020871
12.94  8.606173  4.611586  0.681020  0.020164
12.95  8.606179  4.611586  0.681030  0.019459
12.96  8.606179  4.611586  0.681040  0.018754
12.97  8.606185  4.611586  0.681050  0.018050
12.98  8.606185  4.611586  0.681060  0.017346
12.99  8.606192  4.611586  0.681070  0.016644
13.00  8.606192  4.611586  0.681080  0.015942
13.01  8.606198  4.611586  0.681090  0.015241
13.02  8.606198  4.611586  0.681100  0.014540
13.03  8.606204  4.611586  0.681110  0.013841
13.04  8.606204  4.611586  0.681120  0.013142
13.05  8.606211  4.611586  0.681130  0.012443
13.06  8.606211  4.611586  0.681140  0.011746
13.07  8.606217  4.611586  0.681150  0.011049
13.08  8.606221  4.611591  0.681160  0.010353
13.09  8.606228  4.611591  0.681170  0.009657
13.10  8.606228  4.611591  0.681180  0.008963
13.11  8.606234  4.611591  0.681190  0.008269
13.12  8.606234  4.611591  0.681210  0.007575
13.13  8.606234  4.611591  0.681220  0.006883
13.14  8.606240  4.611591  0.681230  0.006191
13.15  8.606240  4.611630  0.681240  0.005500
13.16  8.606246  4.611630  0.681250  0.004809
13.17  8.606246  4.611630  0.681260  0.004120
13.18  8.606253  4.611630  0.681270  0.003430
13.19  8.606253  4.611630  0.681280  0.002742
13.20  8.606259  4.611630  0.681290  0.002054
13.21  8.606259  4.611630  0.681300  0.001368
13.22  8.606265  4.611630  0.681310  0.000681
13.23  8.606265  4.611630  0.681320 -1.000000
13.24  8.606272  4.611630  0.681330 -1.000000
13.25  8.606272  4.611630  0.681340 -1.000000
13.26  8.606278  4.611630  0.681350 -1.000000
13.27  8.606278  4.611630  0.681360 -1.000000
13.28  8.606284  4.611630  0.681370 -1.000000
13.29  8.606284  4.611630  0.681380 -1.000000
13.30  8.606295  4.611634  0.681390 -1.000000
13.31  8.606295  4.611634  0.681400 -1.000000
13.32  8.606301  4.611634  0.681410 -1.000000
13.33  8.606301  4.611634  0.681420 -1.000000
13.34  8.606307  4.611634  0.681430 -1.000000
13.35  8.606307  4.611634  0.681440 -1.000000
13.36  8.606314  4.611634  0.681450 -1.000000
13.37  8.606314  4.611634  0.681460 -1.000000
13.38  8.606320  4.611634  0.681480 -1.000000
13.39  8.606320  4.611634  0.681490 -1.000000
13.40  8.606320  4.611634  0.681500 -1.000000
13.41  8.606326  4.611634  0.681510 -1.000000
13.42  8.606326  4.611634  0.681520 -1.000000
13.43  8.606333  4.611634  0.681530 -1.000000
13.44  8.606333  4.611634  0.681540 -1.000000
13.45  8.606339  4.611674  0.681550 -1.000000
13.46  8.606339  4.611674  0.681560 -1.000000
13.47  8.606345  4.611674  0.681570 -1.000000
13.48  8.606345  4.611674  0.681580 -1.000000
13.49  8.606351  4.611674  0.681590 -1.000000
13.50  8.606351  4.611674  0.681600 -1.000000
13.51  8.606362  4.611678  0.681610 -1.000000
13.52  8.606362  4.611678  0.681620 -1.000000
13.53  8.606368  4.611678  0.681630 -1.000000
13.54  8.606368  4.611678  0.681640 -1.000000
13.55  8.606375  4.611678  0.681650 -1.000000
13.56  8.606375  4.611678  0.681660 -1.000000
13.57  8.606381  4.611678  0.681670 -1.000000
13.58  8.606381  4.611678  0.681680 -1.000000
13.59  8.606381  4.611678  0.681690 -1.000000
13.60  8.606387  4.611678  0.681700 -1.000000
13.61  8.606387  4.611678  0.681710 -1.000000
13.62  8.606394  4.611678  0.681720 -1.000000
13.63  8.606394  4.611678  0.681730 -1.000000
13.64  8.606400  4.611678  0.681740 -1.000000
13.65  8.606400  4.611678  0.681750 -1.000000
13.66  8.606406  4.611678  0.681760 -1.000000
13.67  8.606406  4.611678  0.681770 -1.000000
13.68  8.606412  4.611678  0.681780 -1.000000
13.69  8.606412  4.611678  0.681790 -1.000000
13.70  8.606419  4.611678  0.681800 -1.000000
13.71  8.606419  4.611678  0.681810 -1.000000
13.72  8.606425  4.611678  0.681820 -1.000000
13.73  8.606425  4.611678  0.681830 -1.000000
13.74  8.606436  4.611682  0.681840 -1.000000
13.75  8.606436  4.611682  0.681850 -1.000000
13.76  8.606436  4.611722  0.681860 -1.000000
13.77  8.606442  4.611722  0.681870 -1.000000
13.78  8.606442  4.611722  0.681880 -1.000000
13.79  8.606448  4.611722  0.681890 -1.000000
13.80  8.606448  4.611722  0.681900 -1.000000
13.81  8.606455  4.611722  0.681910 -1.000000
13.82  8.606455  4.611722  0.681920 -1.000000
13.83  8.606461  4.611722  0.681930 -1.000000
13.84  8.606461  4.611722  0.681940 -1.000000
13.85  8.606467  4.611722  0.681950 -1.000000
13.86  8.606467  4.611722  0.681960 -1.000000
13.87  8.606473  4.611722  0.681970 -1.000000
13.88  8.606473  4.611722  0.681980 -1.000000
13.89  8.606480  4.611722  0.681990 -1.000000
13.90  8.606480  4.611722  0.682000 -1.000000
13.91  8.606480  4.611722  0.682010 -1.000000
13.92  8.606486  4.611722  0.682020 -1.000000
13.93  8.606486  4.611722  0.682030 -1.000000
13.94  8.606492  4.611722  0.682040 -1.000000
13.95  8.606492  4.611722  0.682050 -1.000000
13.96  8.606499  4.611722  0.682060 -1.000000
13.97  8.606499  4.611722  0.682070 -1.000000
13.98  8.606509  4.611726  0.682080 -1.000000
13.99  8.606509  4.611726  0.682090 -1.000000
14.00  8.606516  4.611726  0.682100 -1.000000
14.01  8.606516  4.611726  0.682110 -1.000000
14.02  8.606522  4.611726  0.682120 -1.000000
14.03  8.606522  4.611726  0.682130 -1.000000
14.04  8.606522  4.611726  0.682140 -1.000000
14.05  8.606528  4.611726  0.682150 -1.000000
14.06  8.606528  4.611765  0.682160 -1.000000
14.07  8.606534  4.611765  0.682170 -1.000000
14.08  8.606534  4.611765  0.682180 -1.000000
14.09  8.606541  4.611765  0.682190 -1.000000
14.10  8.606541  4.611765  0.682200 -1.000000
14.11  8.606547  4.611765  0.682210 -1.000000
14.12  8.606547  4.611765  0.682220 -1.000000
14.13  8.606553  4.611765  0.682230 -1.000000
14.14  8.606553  4.611765  0.682240 -1.000000
14.15  8.606560  4.611765  0.682250 -1.000000
14.16  8.606560  4.611765  0.682260 -1.000000
14.17  8.606560  4.611765  0.682270 -1.000000
14.18  8.606566  4.611765  0.682280 -1.000000
14.19  8.606566  4.611765  0.682290 -1.000000
14.20  8.606572  4.611765  0.682300 -1.000000
14.21  8.606572  4.611765  0.682310 -1.000000
14.22  8.606578  4.611765  0.682320 -1.000000
14.23  8.606583  4.611769  0.682330 -1.000000
14.24  8.606589  4.611769  0.682340 -1.000000
14.25  8.606589  4.611769  0.682350 -1.000000
14.26  8.606595  4.611769  0.682360 -1.000000
14.27  8.606595  4.611769  0.682370 -1.000000
14.28  8.606595  4.611769  0.682380 -1.000000
14.29  8.606602  4.611769  0.682390 -1.000000
14.30  8.606602  4.611769  0.682400 -1.000000
14.31  8.606608  4.611769  0.682410 -1.000000
14.32  8.606608  4.611769  0.682420 -1.000000
14.33  8.606614  4.611769  0.682430 -1.000000
14.34  8.606614  4.611769  0.682440 -1.000000
14.35  8.606621  4.611769  0.682450 -1.000000
14.36  8.606621  4.611769  0.682460 -1.000000
14.37  8.606627  4.611769  0.682470 -1.000000
14.38  8.606627  4.611809  0.682480 -1.000000
14.39  8.606627  4.611809  0.682480 -1.000000
14.40  8.606633  4.611809  0.682490 -1.000000
14.41  8.606633  4.611809  0.682500 -1.000000
14.42  8.606639  4.611809  0.682510 -1.000000
14.43  8.606639  4.611809  0.682520 -1.000000
14.44  8.606646  4.611809  0.682530 -1.000000
14.45  8.606646  4.611809  0.682540 -1.000000
14.46  8.606652  4.611809  0.682550 -1.000000
14.47  8.606652  4.611809  0.682560 -1.000000
14.48  8.606652  4.611809  0.682570 -1.000000
14.49  8.606658  4.611809  0.682580 -1.000000
14.50  8.606663  4.611813  0.682590 -1.000000
14.51  8.606669  4.611813  0.682600 -1.000000
14.52  8.606669  4.611813  0.682610 -1.000000
14.53  8.606675  4.611813  0.682620 -1.000000
14.54  8.606675  4.611813  0.682630 -1.000000
14.55  8.606681  4.611813  0.682640 -1.000000
14.56  8.606681  4.611813  0.682650 -1.000000
14.57  8.606681  4.611813  0.682660 -1.000000
14.58  8.606688  4.611813  0.682670 -1.000000
14.59  8.606688  4.611813  0.682680 -1.000000
14.60  8.606694  4.611813  0.682690 -1.000000
14.61  8.606694  4.611813  0.682700 -1.000000
14.62  8.606700  4.611813  0.682710 -1.000000
14.63  8.606700  4.611813  0.682720 -1.000000
14.64  8.606707  4.611813  0.682730 -1.000000
14.65  8.606707  4.611813  0.682740 -1.000000
14.66  8.606707  4.611813  0.682750 -1.000000
14.67  8.606713  4.611813  0.682750 -1.000000
14.68  8.606713  4.611813  0.682760 -1.000000
14.69  8.606719  4.611852  0.682770 -1.000000
14.70  8.606719  4.611852  0.682780 -1.000000
14.71  8.606725  4.611852  0.682790 -1.000000
14.72  8.606725  4.611852  0.682800 -1.000000
14.73  8.606732  4.611852  0.682810 -1.000000
14.74  8.606732  4.611852  0.682820 -1.000000
14.75  8.606732  4.611852  0.682830 -1.000000
14.76  8.606738  4.611852  0.682840 -1.000000
14.77  8.606738  4.611852  0.682850 -1.000000
14.78  8.606749  4.611857  0.682860 -1.000000
14.79  8.606749  4.611857  0.682870 -1.000000
14.80  8.606755  4.611857  0.682880 -1.000000
14.81  8.606755  4.611857  0.682890 -1.000000
14.82  8.606761  4.611857  0.682900 -1.000000
14.83  8.606761  4.611857  0.682910 -1.000000
14.84  8.606761  4.611857  0.682920 -1.000000
14.85  8.606768  4.611857  0.682930 -1.000000
14.86  8.606768  4.611857  0.682940 -1.000000
14.87  8.606774  4.611857  0.682950 -1.000000
14.88  8.606774  4.611857  0.682950 -1.000000
14.89  8.606780  4.611857  0.682960 -1.000000
14.90  8.606780  4.611857  0.682970 -1.000000
14.91  8.606780  4.611857  0.682980 -1.000000
14.92  8.606786  4.611857  0.682990 -1.000000
14.93  8.606786  4.611857  0.683000 -1.000000
14.94  8.606793  4.611857  0.683010 -1.000000
14.95  8.606793  4.611857  0.683020 -1.000000
14.96  8.606799  4.611857  0.683030 -1.000000
14.97  8.606799  4.611857  0.683040 -1.000000
14.98  8.606805  4.611857  0.683050 -1.000000
14.99  8.606805  4.611857  0.683060 -1.000000
15.00  8.606805  4.611857  0.683070 -1.000000
