 t       A(O)      A(F)      fg       z
 0.01 -8.000000 -8.000000  0.010000  9.266831
 0.02 -8.000000 -8.000000  0.019567  9.137839
 0.03  6.878582 -1.367055  0.028739  9.012820
 0.04  7.269990 -0.998382  0.037545  8.891580
 0.05  7.505464  0.696225  0.046004  8.773940
 0.06  7.658386  1.173868  0.054132  8.659732
 0.07  7.772398  1.436375  0.061943  8.548799
 0.08  7.862960  1.613817  0.069451  8.440992
 0.09  7.936258  1.804603  0.076665  8.336173
 0.10  7.996016  2.025186  0.083598  8.234211
 0.11  8.047017  2.214740  0.090258  8.134984
 0.12  8.091540  2.369037  0.096657  8.038376
 0.13  8.130590  2.494800  0.102800  7.944278
 0.14  8.164952  2.599090  0.108690  7.852588
 0.15  8.196154  2.688684  0.114340  7.763208
 0.16  8.224807  2.766958  0.119750  7.676046
 0.17  8.251374  2.836383  0.124940  7.591015
 0.18  8.276049  2.898614  0.129910  7.508034
 0.19  8.299054  2.954836  0.134670  7.427024
 0.20  8.320562  3.005920  0.139230  7.347911
 0.21  8.340786  3.052706  0.143580  7.270625
 0.22  8.359993  3.096164  0.147750  7.195100
 0.23  8.378626  3.137909  0.151740  7.121271
 0.24  8.396464  3.178032  0.155560  7.049080
 0.25  8.413447  3.216619  0.159210  6.978468
 0.26  8.429686  3.253670  0.162700  6.909381
 0.27  8.445160  3.289101  0.166040  6.841766
 0.28  8.459964  3.323038  0.169220  6.775575
 0.29  8.474182  3.355620  0.172260  6.710759
 0.30  8.487788  3.386841  0.175150  6.647274
 0.31  8.500907  3.416877  0.177910  6.585076
 0.32  8.513478  3.445710  0.180530  6.524124
 0.33  8.525592  3.473451  0.183030  6.464378
 0.34  8.537269  3.500171  0.185400  6.405801
 0.35  8.548584  3.525979  0.187650  6.348356
 0.36  8.559474  3.550849  0.189780  6.292009
 0.37  8.570003  3.574891  0.191800  6.236726
 0.38  8.580191  3.598111  0.193700  6.182476
 0.39  8.590060  3.620666  0.195500  6.129228
 0.40  8.599628  3.642491  0.197200  6.076953
 0.41  8.608915  3.663670  0.198800  6.025622
 0.42  8.617929  3.684247  0.200300  5.975208
 0.43  8.626698  3.704288  0.201700  5.925687
 0.44  8.635223  3.723766  0.203020  5.877031
 0.45  8.643515  3.742714  0.204250  5.829218
 0.46  8.651540  3.761148  0.205400  5.782224
 0.47  8.659383  3.779125  0.206460  5.736028
 0.48  8.667013  3.796650  0.207440  5.690606
 0.49  8.674441  3.813752  0.208350  5.645940
 0.50  8.681685  3.830454  0.209180  5.602009
 0.51  8.688746  3.846779  0.209950  5.558793
 0.52  8.695641  3.862747  0.210640  5.516275
 0.53  8.702371  3.878354  0.211260  5.474436
 0.54  8.708942  3.893654  0.211820  5.433259
 0.55  8.715365  3.908644  0.212320  5.392727
 0.56  8.721639  3.923316  0.212750  5.352825
 0.57  8.727774  3.937706  0.213130  5.313537
 0.58  8.733778  3.951791  0.213450  5.274848
 0.59  8.739648  3.965598  0.213710  5.236743
 0.60  8.745400  3.979148  0.213920  5.199209
 0.61  8.751029  3.992443  0.214080  5.162231
 0.62  8.756539  4.005462  0.214180  5.125797
 0.63  8.761938  4.018267  0.214240  5.089894
 0.64  8.767237  4.030822  0.214260  5.054509
 0.65  8.772435  4.043167  0.214220  5.019631
 0.66  8.777492  4.055294  0.214150  4.985248
 0.67  8.782492  4.067237  0.214030  4.951349
 0.68  8.787399  4.078977  0.213880  4.917924
 0.69  8.792174  4.090511  0.213680  4.884961
 0.70  8.796902  4.101897  0.213450  4.852450
 0.71  8.801499  4.113084  0.213180  4.820382
 0.72  8.806053  4.124122  0.212880  4.788747
 0.73  8.810485  4.134978  0.212540  4.757535
 0.74  8.814877  4.145706  0.212170  4.726739
 0.75  8.819148  4.156271  0.211770  4.696348
 0.76  8.823381  4.166703  0.211340  4.666354
 0.77  8.827545  4.176980  0.210890  4.636749
 0.78  8.831589  4.187104  0.210400  4.607526
 0.79  8.835604  4.197071  0.209890  4.578675
 0.80  8.839549  4.206905  0.209360  4.550190
 0.81  8.843422  4.216564  0.208800  4.522064
 0.82  8.847228  4.226032  0.208220  4.494288
 0.83  8.850968  4.235335  0.207610  4.466857
 0.84  8.854681  4.244423  0.206980  4.439763
 0.85  8.858290  4.253321  0.206340  4.412999
 0.86  8.861872  4.262021  0.205670  4.386560
 0.87  8.865394  4.270516  0.204980  4.360438
 0.88  8.868818  4.278816  0.204280  4.334629
 0.89  8.872256  4.286915  0.203550  4.309125
 0.90  8.875598  4.294811  0.202810  4.283922
 0.91  8.878880  4.302513  0.202050  4.259013
 0.92  8.882144  4.310028  0.201280  4.234393
 0.93  8.885349  4.317348  0.200490  4.210056
 0.94  8.888500  4.324469  0.199680  4.185999
 0.95  8.891627  4.331394  0.198860  4.162214
 0.96  8.894706  4.338147  0.198030  4.138698
 0.97  8.897725  4.344690  0.197190  4.115445
 0.98  8.900698  4.351089  0.196330  4.092452
 0.99  8.903649  4.357318  0.195460  4.069712
 1.00  8.906550  4.363401  0.194580  4.047223
 1.01  8.909304  4.369152  0.200170  4.024978
 1.02  8.902009  4.366856  0.205290  4.002975
 1.03  8.893851  4.363477  0.210100  3.981209
 1.04  8.885846  4.360146  0.214740  3.959675
 1.05  8.878161  4.357191  0.219240  3.938371
 1.06  8.870762  4.354506  0.223640  3.917291
 1.07  8.863593  4.352015  0.227940  3.896433
 1.08  8.856673  4.349727  0.232170  3.875792
 1.09  8.849975  4.347595  0.236310  3.855365
 1.10  8.843481  4.345610  0.240390  3.835148
 1.11  8.837160  4.343717  0.244410  3.815138
 1.12  8.831064  4.341901  0.248370  3.795332
 1.13  8.825120  4.340119  0.252260  3.775725
 1.14  8.819298  4.338403  0.256110  3.756316
 1.15  8.813686  4.336750  0.259900  3.737100
 1.16  8.808212  4.335183  0.263640  3.718075
 1.17  8.802879  4.333683  0.267340  3.699238
 1.18  8.797651  4.332244  0.270980  3.680585
 1.19  8.792578  4.330847  0.274580  3.662115
 1.20  8.787665  4.329493  0.278140  3.643823
 1.21  8.782826  4.328159  0.281650  3.625707
 1.22  8.778114  4.326845  0.285120  3.607765
 1.23  8.773530  4.325549  0.288560  3.589993
 1.24  8.769031  4.324249  0.291950  3.572390
 1.25  8.764627  4.322955  0.295300  3.554952
 1.26  8.760335  4.321647  0.298620  3.537678
 1.27  8.756137  4.320325  0.301890  3.520564
 1.28  8.752035  4.318981  0.305140  3.503608
 1.29  8.748019  4.317611  0.308340  3.486809
 1.30  8.744087  4.316219  0.311510  3.470163
 1.31  8.740245  4.314800  0.314650  3.453668
 1.32  8.736473  4.313343  0.317750  3.437323
 1.33  8.732788  4.311867  0.320820  3.421125
 1.34  8.729176  4.310370  0.323860  3.405072
 1.35  8.725641  4.308859  0.326860  3.389161
 1.36  8.722170  4.307327  0.329840  3.373392
 1.37  8.718778  4.305791  0.332780  3.357761
 1.38  8.715444  4.304246  0.335690  3.342267
 1.39  8.712183  4.302697  0.338570  3.326908
 1.40  8.708979  4.301131  0.341420  3.311682
 1.41  8.705841  4.299577  0.344240  3.296587
 1.42  8.702762  4.298018  0.347030  3.281622
 1.43  8.699737  4.296454  0.349800  3.266784
 1.44  8.696774  4.294889  0.352530  3.252072
 1.45  8.693867  4.293340  0.355240  3.237484
 1.46  8.691013  4.291786  0.357920  3.223019
 1.47  8.688210  4.290227  0.360580  3.208674
 1.48  8.685456  4.288684  0.363210  3.194449
 1.49  8.682753  4.287144  0.365810  3.180341
 1.50  8.680098  4.285607  0.368380  3.166350
 1.51  8.677491  4.284070  0.370930  3.152472
 1.52  8.674937  4.282549  0.373460  3.138708
 1.53  8.672418  4.281027  0.375960  3.125056
 1.54  8.669953  4.279525  0.378440  3.111513
 1.55  8.667519  4.278015  0.380890  3.098079
 1.56  8.665137  4.276513  0.383320  3.084753
 1.57  8.662791  4.275022  0.385720  3.071532
 1.58  8.660484  4.273536  0.388110  3.058416
 1.59  8.658219  4.272057  0.390470  3.045403
 1.60  8.655987  4.270583  0.392800  3.032491
 1.61  8.653794  4.269121  0.395120  3.019681
 1.62  8.651646  4.267668  0.397410  3.006970
 1.63  8.649523  4.266214  0.399680  2.994357
 1.64  8.647445  4.264773  0.401930  2.981840
 1.65  8.645392  4.263341  0.404160  2.969420
 1.66  8.643380  4.261909  0.406370  2.957094
 1.67  8.641396  4.260494  0.408560  2.944861
 1.68  8.639447  4.259079  0.410730  2.932721
 1.69  8.637530  4.257682  0.412880  2.920672
 1.70  8.635641  4.256285  0.415010  2.908712
 1.71  8.633789  4.254906  0.417120  2.896842
 1.72  8.631959  4.253523  0.419210  2.885060
 1.73  8.630168  4.252158  0.421280  2.873364
 1.74  8.628400  4.250802  0.423330  2.861754
 1.75  8.626660  4.249447  0.425370  2.850229
 1.76  8.624949  4.248105  0.427390  2.838788
 1.77  8.623267  4.246769  0.429380  2.827429
 1.78  8.621610  4.245438  0.431370  2.816152
 1.79  8.619976  4.244112  0.433330  2.804957
 1.80  8.618372  4.242805  0.435280  2.793841
 1.81  8.616792  4.241504  0.437210  2.782804
 1.82  8.615237  4.240207  0.439120  2.771845
 1.83  8.613707  4.238917  0.441020  2.760964
 1.84  8.612203  4.237640  0.442900  2.750159
 1.85  8.610723  4.236365  0.444760  2.739429
 1.86  8.609264  4.235101  0.446610  2.728774
 1.87  8.607831  4.233846  0.448430  2.718193
 1.88  8.606423  4.232598  0.450250  2.707684
 1.89  8.605030  4.231364  0.452040  2.697248
 1.90  8.603665  4.230137  0.453820  2.686884
 1.91  8.602324  4.228920  0.455580  2.676590
 1.92  8.601001  4.227704  0.457330  2.666365
 1.93  8.599703  4.226500  0.459060  2.656210
 1.94  8.598420  4.225311  0.460780  2.646123
 1.95  8.597160  4.224128  0.462480  2.636104
 1.96  8.595921  4.222961  0.464170  2.626151
 1.97  8.594698  4.221801  0.465840  2.616265
 1.98  8.593491  4.220648  0.467500  2.606444
 1.99  8.592311  4.219505  0.469140  2.596687
 2.00  8.591142  4.218374  0.470770  2.586995
 2.01  8.590001  4.217255  0.472390  2.577366
 2.02  8.588866  4.216147  0.473990  2.567799
 2.03  8.587758  4.215051  0.475570  2.558295
 2.04  8.586660  4.213962  0.477140  2.548852
 2.05  8.585586  4.212881  0.478700  2.539469
 2.06  8.584527  4.211820  0.480240  2.530147
 2.07  8.583480  4.210762  0.481770  2.520884
 2.08  8.582451  4.209721  0.483290  2.511680
 2.09  8.581443  4.208683  0.484790  2.502535
 2.10  8.580443  4.207657  0.486280  2.493447
 2.11  8.579464  4.206643  0.487750  2.484416
 2.12  8.578492  4.205642  0.489210  2.475441
 2.13  8.577542  4.204643  0.490660  2.466523
 2.14  8.576597  4.203652  0.492080  2.457659
 2.15  8.575669  4.202679  0.493500  2.448851
 2.16  8.574760  4.201713  0.494900  2.440097
 2.17  8.573856  4.200756  0.496290  2.431396
 2.18  8.572964  4.199796  0.497660  2.422749
 2.19  8.572083  4.198855  0.499020  2.414154
 2.20  8.571225  4.197936  0.500360  2.405612
 2.21  8.570367  4.197010  0.501690  2.397121
 2.22  8.569522  4.196093  0.503010  2.388681
 2.23  8.568693  4.195189  0.504310  2.380292
 2.24  8.567865  4.194298  0.505600  2.371953
 2.25  8.567060  4.193410  0.506880  2.363663
 2.26  8.566256  4.192536  0.508140  2.355423
 2.27  8.565469  4.191665  0.509390  2.347231
 2.28  8.564687  4.190813  0.510630  2.339088
 2.29  8.563913  4.189955  0.511850  2.330992
 2.30  8.563156  4.189120  0.513060  2.322944
 2.31  8.562405  4.188283  0.514260  2.314942
 2.32  8.561659  4.187466  0.515450  2.306987
 2.33  8.560926  4.186646  0.516620  2.299078
 2.34  8.560198  4.185846  0.517780  2.291215
 2.35  8.559483  4.185045  0.518920  2.283396
 2.36  8.558774  4.184263  0.520060  2.275622
 2.37  8.558071  4.183480  0.521180  2.267893
 2.38  8.557373  4.182705  0.522280  2.260208
 2.39  8.556682  4.181950  0.523380  2.252565
 2.40  8.556003  4.181194  0.524460  2.244966
 2.41  8.555331  4.180447  0.525540  2.237410
 2.42  8.554668  4.179703  0.526590  2.229896
 2.43  8.554008  4.178974  0.527640  2.222424
 2.44  8.553353  4.178255  0.528680  2.214994
 2.45  8.552709  4.177539  0.529700  2.207604
 2.46  8.552067  4.176839  0.530710  2.200255
 2.47  8.551430  4.176137  0.531710  2.192947
 2.48  8.550805  4.175439  0.532700  2.185679
 2.49  8.550181  4.174756  0.533680  2.178451
 2.50  8.549567  4.174088  0.534650  2.171262
 2.51  8.548956  4.173413  0.535600  2.164112
 2.52  8.548355  4.172753  0.536550  2.157000
 2.53  8.547753  4.172092  0.537480  2.149927
 2.54  8.547161  4.171447  0.538410  2.142892
 2.55  8.546572  4.170806  0.539320  2.135895
 2.56  8.545997  4.170174  0.540220  2.128934
 2.57  8.545416  4.169537  0.541120  2.122011
 2.58  8.544853  4.168914  0.542000  2.115125
 2.59  8.544290  4.168301  0.542880  2.108275
 2.60  8.543740  4.167698  0.543750  2.101461
 2.61  8.543190  4.167094  0.544610  2.094682
 2.62  8.542653  4.166511  0.545460  2.087940
 2.63  8.542116  4.165916  0.546310  2.081232
 2.64  8.541592  4.165342  0.547140  2.074559
 2.65  8.541068  4.164767  0.547970  2.067921
 2.66  8.540558  4.164203  0.548790  2.061317
 2.67  8.540047  4.163638  0.549600  2.054746
 2.68  8.539543  4.163083  0.550400  2.048210
 2.69  8.539045  4.162538  0.551200  2.041707
 2.70  8.538559  4.161996  0.551980  2.035237
 2.71  8.538067  4.161461  0.552760  2.028800
 2.72  8.537590  4.160925  0.553540  2.022396
 2.73  8.537116  4.160404  0.554300  2.016024
 2.74  8.536645  4.159888  0.555060  2.009683
 2.75  8.536181  4.159373  0.555810  2.003375
 2.76  8.535728  4.158871  0.556550  1.997098
 2.77  8.535270  4.158365  0.557290  1.990853
 2.78  8.534830  4.157874  0.558020  1.984638
 2.79  8.534386  4.157378  0.558740  1.978454
 2.80  8.533946  4.156896  0.559450  1.972301
 2.81  8.533519  4.156414  0.560160  1.966178
 2.82  8.533089  4.155938  0.560860  1.960085
 2.83  8.532669  4.155466  0.561560  1.954022
 2.84  8.532256  4.155005  0.562240  1.947988
 2.85  8.531844  4.154543  0.562930  1.941984
 2.86  8.531433  4.154088  0.563600  1.936009
 2.87  8.531034  4.153636  0.564270  1.930062
 2.88  8.530635  4.153195  0.564930  1.924145
 2.89  8.530243  4.152753  0.565590  1.918255
 2.90  8.529850  4.152322  0.566230  1.912394
 2.91  8.529472  4.151891  0.566880  1.906561
 2.92  8.529093  4.151471  0.567510  1.900755
 2.93  8.528714  4.151050  0.568150  1.894977
 2.94  8.528343  4.150628  0.568770  1.889227
 2.95  8.527978  4.150218  0.569390  1.883503
 2.96  8.527613  4.149807  0.570000  1.877806
 2.97  8.527255  4.149407  0.570610  1.872136
 2.98  8.526905  4.149007  0.571210  1.866493
 2.99  8.526554  4.148606  0.571810  1.860875
 3.00  8.526203  4.148216  0.572400  1.855284
 3.01  8.525859  4.147826  0.572980  1.849719
 3.02  8.525526  4.147451  0.573560  1.844179
 3.03  8.525189  4.147071  0.574140  1.838665
 3.04  8.524859  4.146691  0.574700  1.833176
 3.05  8.524529  4.146322  0.575270  1.827712
 3.06  8.524211  4.145957  0.575830  1.822274
 3.07  8.523888  4.145599  0.576380  1.816860
 3.08  8.523572  4.145229  0.576930  1.811470
 3.09  8.523261  4.144885  0.577470  1.806105
 3.10  8.522952  4.144526  0.578010  1.800764
 3.11  8.522655  4.144182  0.578540  1.795447
 3.12  8.522346  4.143834  0.579060  1.790154
 3.13  8.522051  4.143497  0.579590  1.784884
 3.14  8.521754  4.143163  0.580100  1.779638
 3.15  8.521459  4.142825  0.580620  1.774415
 3.16  8.521176  4.142492  0.581130  1.769216
 3.17  8.520889  4.142165  0.581630  1.764039
 3.18  8.520613  4.141842  0.582130  1.758885
 3.19  8.520333  4.141526  0.582620  1.753754
 3.20  8.520057  4.141202  0.583110  1.748646
 3.21  8.519788  4.140890  0.583600  1.743559
 3.22  8.519515  4.140585  0.584080  1.738495
 3.23  8.519253  4.140272  0.584550  1.733453
 3.24  8.518991  4.139971  0.585030  1.728433
 3.25  8.518733  4.139665  0.585490  1.723434
 3.26  8.518479  4.139375  0.585960  1.718457
 3.27  8.518224  4.139084  0.586420  1.713501
 3.28  8.517977  4.138794  0.586870  1.708566
 3.29  8.517725  4.138498  0.587330  1.703653
 3.30  8.517486  4.138219  0.587770  1.698761
 3.31  8.517246  4.137939  0.588220  1.693889
 3.32  8.517006  4.137659  0.588660  1.689038
 3.33  8.516769  4.137374  0.589090  1.684207
 3.34  8.516536  4.137106  0.589520  1.679397
 3.35  8.516304  4.136837  0.589950  1.674607
 3.36  8.516078  4.136567  0.590380  1.669837
 3.37  8.515861  4.136298  0.590800  1.665087
 3.38  8.515635  4.136040  0.591210  1.660357
 3.39  8.515417  4.135782  0.591630  1.655646
 3.40  8.515199  4.135524  0.592030  1.650955
 3.41  8.514989  4.135266  0.592440  1.646284
 3.42  8.514778  4.135019  0.592840  1.641631
 3.43  8.514567  4.134771  0.593240  1.636998
 3.44  8.514364  4.134524  0.593630  1.632384
 3.45  8.514161  4.134277  0.594030  1.627789
 3.46  8.513957  4.134041  0.594410  1.623212
 3.47  8.513762  4.133805  0.594800  1.618654
 3.48  8.513566  4.133569  0.595180  1.614115
 3.49  8.513370  4.133332  0.595560  1.609594
 3.50  8.513182  4.133096  0.595930  1.605091
 3.51  8.512985  4.132871  0.596300  1.600606
 3.52  8.512805  4.132646  0.596670  1.596139
 3.53  8.512616  4.132421  0.597030  1.591691
 3.54  8.512435  4.132196  0.597390  1.587260
 3.55  8.512258  4.131986  0.597750  1.582846
 3.56  8.512077  4.131761  0.598110  1.578450
 3.57  8.511904  4.131547  0.598460  1.574072
 3.58  8.511730  4.131333  0.598810  1.569711
 3.59  8.511556  4.131130  0.599150  1.565367
 3.60  8.511383  4.130916  0.599490  1.561040
 3.61  8.511221  4.130718  0.599830  1.556731
 3.62  8.511055  4.130515  0.600170  1.552438
 3.63  8.510888  4.130312  0.600500  1.548161
 3.64  8.510734  4.130113  0.600840  1.543902
 3.65  8.510580  4.129915  0.601160  1.539659
 3.66  8.510426  4.129727  0.601490  1.535432
 3.67  8.510271  4.129529  0.601810  1.531222
 3.68  8.510117  4.129341  0.602130  1.527028
 3.69  8.509970  4.129154  0.602450  1.522850
 3.70  8.509823  4.128978  0.602760  1.518688
 3.71  8.509633  4.128747  0.603070  1.514542
 3.72  8.509494  4.128571  0.603380  1.510412
 3.73  8.509355  4.128384  0.603680  1.506298
 3.74  8.509208  4.128208  0.603990  1.502199
 3.75  8.509076  4.128032  0.604290  1.498116
 3.76  8.508937  4.127867  0.604590  1.494048
 3.77  8.508805  4.127691  0.604880  1.489996
 3.78  8.508666  4.127527  0.605170  1.485958
 3.79  8.508534  4.127350  0.605460  1.481936
 3.80  8.508410  4.127186  0.605750  1.477929
 3.81  8.508278  4.127021  0.606030  1.473937
 3.82  8.508154  4.126856  0.606320  1.469960
 3.83  8.508030  4.126703  0.606600  1.465997
 3.84  8.507906  4.126538  0.606870  1.462049
 3.85  8.507781  4.126385  0.607150  1.458116
 3.86  8.507657  4.126220  0.607420  1.454198
 3.87  8.507541  4.126067  0.607690  1.450293
 3.88  8.507381  4.125870  0.607960  1.446403
 3.89  8.507264  4.125716  0.608230  1.442527
 3.90  8.507148  4.125575  0.608490  1.438666
 3.91  8.507031  4.125421  0.608750  1.434818
 3.92  8.506922  4.125268  0.609010  1.430985
 3.93  8.506805  4.125126  0.609260  1.427165
 3.94  8.506696  4.124984  0.609520  1.423359
 3.95  8.506587  4.124842  0.609770  1.419567
 3.96  8.506486  4.124700  0.610020  1.415789
 3.97  8.506377  4.124558  0.610270  1.412024
 3.98  8.506276  4.124416  0.610510  1.408272
 3.99  8.506167  4.124286  0.610760  1.404534
 4.00  8.506066  4.124144  0.611000  1.400809
 4.01  8.505964  4.124013  0.611240  1.397098
 4.02  8.505871  4.123883  0.611470  1.393400
 4.03  8.505769  4.123753  0.611710  1.389715
 4.04  8.505676  4.123622  0.611940  1.386042
 4.05  8.505574  4.123492  0.612170  1.382383
 4.06  8.505481  4.123361  0.612400  1.378737
 4.07  8.505387  4.123231  0.612630  1.375103
 4.08  8.505293  4.123112  0.612850  1.371482
 4.09  8.505207  4.122981  0.613080  1.367874
 4.10  8.505114  4.122863  0.613300  1.364278
 4.11  8.504984  4.122700  0.613520  1.360695
 4.12  8.504891  4.122582  0.613730  1.357124
 4.13  8.504805  4.122463  0.613950  1.353566
 4.14  8.504719  4.122344  0.614160  1.350020
 4.15  8.504633  4.122225  0.614370  1.346486
 4.16  8.504555  4.122106  0.614580  1.342964
 4.17  8.504468  4.121999  0.614790  1.339454
 4.18  8.504382  4.121880  0.615000  1.335956
 4.19  8.504304  4.121772  0.615200  1.332470
 4.20  8.504226  4.121653  0.615410  1.328997
 4.21  8.504148  4.121546  0.615610  1.325534
 4.22  8.504069  4.121439  0.615810  1.322084
 4.23  8.503991  4.121332  0.616000  1.318645
 4.24  8.503913  4.121224  0.616200  1.315218
 4.25  8.503842  4.121117  0.616390  1.311802
 4.26  8.503764  4.121010  0.616590  1.308398
 4.27  8.503693  4.120914  0.616780  1.305005
 4.28  8.503623  4.120807  0.616970  1.301624
 4.29  8.503545  4.120711  0.617160  1.298254
 4.30  8.503474  4.120604  0.617340  1.294895
 4.31  8.503403  4.120508  0.617530  1.291547
 4.32  8.503341  4.120413  0.617710  1.288210
 4.33  8.503270  4.120317  0.617890  1.284885
 4.34  8.503200  4.120210  0.618070  1.281570
 4.35  8.503137  4.120114  0.618250  1.278266
 4.36  8.503074  4.120030  0.618430  1.274973
 4.37  8.503003  4.119935  0.618600  1.271691
 4.38  8.502941  4.119839  0.618770  1.268420
 4.39  8.502878  4.119743  0.618950  1.265159
 4.40  8.502815  4.119659  0.619120  1.261909
 4.41  8.502752  4.119564  0.619290  1.258669
 4.42  8.502689  4.119480  0.619460  1.255440
 4.43  8.502634  4.119384  0.619620  1.252221
 4.44  8.502572  4.119300  0.619790  1.249013
 4.45  8.502517  4.119216  0.619950  1.245815
 4.46  8.502454  4.119133  0.620120  1.242627
 4.47  8.502399  4.119049  0.620280  1.239450
 4.48  8.502344  4.118965  0.620440  1.236282
 4.49  8.502289  4.118881  0.620600  1.233125
 4.50  8.502190  4.118754  0.620750  1.229978
 4.51  8.502135  4.118670  0.620910  1.226841
 4.52  8.502080  4.118586  0.621060  1.223714
 4.53  8.502025  4.118514  0.621220  1.220596
 4.54  8.501978  4.118430  0.621370  1.217489
 4.55  8.501923  4.118358  0.621520  1.214391
 4.56  8.501876  4.118274  0.621670  1.211303
 4.57  8.501821  4.118202  0.621820  1.208225
 4.58  8.501773  4.118118  0.621970  1.205157
 4.59  8.501726  4.118046  0.622120  1.202098
 4.60  8.501679  4.117973  0.622260  1.199048
 4.61  8.501632  4.117901  0.622400  1.196008
 4.62  8.501584  4.117829  0.622550  1.192978
 4.63  8.501537  4.117757  0.622690  1.189956
 4.64  8.501490  4.117685  0.622830  1.186944
 4.65  8.501451  4.117613  0.622970  1.183942
 4.66  8.501403  4.117541  0.623110  1.180949
 4.67  8.501356  4.117469  0.623250  1.177965
 4.68  8.501317  4.117409  0.623380  1.174990
 4.69  8.501277  4.117336  0.623520  1.172024
 4.70  8.501230  4.117264  0.623650  1.169067
 4.71  8.501191  4.117204  0.623790  1.166119
 4.72  8.501151  4.117132  0.623920  1.163180
 4.73  8.501112  4.117072  0.624050  1.160250
 4.74  8.501072  4.116999  0.624180  1.157329
 4.75  8.501033  4.116939  0.624310  1.154417
 4.76  8.500994  4.116879  0.624440  1.151514
 4.77  8.500954  4.116819  0.624560  1.148619
 4.78  8.500915  4.116746  0.624690  1.145733
 4.79  8.500883  4.116686  0.624810  1.142855
 4.80  8.500844  4.116626  0.624940  1.139987
 4.81  8.500804  4.116566  0.625060  1.137126
 4.82  8.500773  4.116506  0.625180  1.134275
 4.83  8.500733  4.116445  0.625300  1.131432
 4.84  8.500702  4.116385  0.625420  1.128597
 4.85  8.500670  4.116337  0.625540  1.125770
 4.86  8.500639  4.116276  0.625660  1.122952
 4.87  8.500599  4.116216  0.625780  1.120143
 4.88  8.500568  4.116156  0.625900  1.117341
 4.89  8.500536  4.116108  0.626010  1.114548
 4.90  8.500504  4.116047  0.626130  1.111763
 4.91  8.500473  4.115999  0.626240  1.108986
 4.92  8.500441  4.115939  0.626350  1.106217
 4.93  8.500418  4.115890  0.626470  1.103456
 4.94  8.500386  4.115830  0.626580  1.100704
 4.95  8.500354  4.115782  0.626690  1.097959
 4.96  8.500323  4.115733  0.626800  1.095222
 4.97  8.500299  4.115673  0.626910  1.092493
 4.98  8.500268  4.115625  0.627020  1.089772
 4.99  8.500244  4.115576  0.627120  1.087059
 5.00  8.500212  4.115528  0.627230  1.084354
 5.01  8.500189  4.115468  0.627340  1.081656
 5.02  8.500165  4.115419  0.627440  1.078966
 5.03  8.500133  4.115371  0.627540  1.076284
 5.04  8.500110  4.115323  0.627650  1.073609
 5.05  8.500086  4.115274  0.627750  1.070942
 5.06  8.500062  4.115226  0.627850  1.068283
 5.07  8.500039  4.115178  0.627950  1.065631
 5.08  8.500015  4.115141  0.628050  1.062987
 5.09  8.499991  4.115093  0.628150  1.060350
 5.10  8.499967  4.115045  0.628250  1.057720
 5.11  8.499944  4.114996  0.628350  1.055098
 5.12  8.499920  4.114960  0.628450  1.052483
 5.13  8.499896  4.114912  0.628550  1.049876
 5.14  8.499873  4.114863  0.628640  1.047276
 5.15  8.499849  4.114827  0.628740  1.044683
 5.16  8.499833  4.114778  0.628830  1.042097
 5.17  8.499809  4.114742  0.628930  1.039519
 5.18  8.499794  4.114694  0.629020  1.036947
 5.19  8.499770  4.114657  0.629110  1.034383
 5.20  8.499754  4.114609  0.629200  1.031826
 5.21  8.499730  4.114573  0.629290  1.029276
 5.22  8.499714  4.114524  0.629390  1.026733
 5.23  8.499691  4.114488  0.629480  1.024197
 5.24  8.499675  4.114452  0.629560  1.021668
 5.25  8.499659  4.114403  0.629650  1.019145
 5.26  8.499635  4.114367  0.629740  1.016630
 5.27  8.499620  4.114331  0.629830  1.014122
 5.28  8.499604  4.114294  0.629920  1.011620
 5.29  8.499588  4.114258  0.630000  1.009125
 5.30  8.499572  4.114209  0.630090  1.006637
 5.31  8.499556  4.114173  0.630170  1.004156
 5.32  8.499540  4.114137  0.630260  1.001681
 5.33  8.499525  4.114100  0.630340  0.999213
 5.34  8.499509  4.114064  0.630420  0.996752
 5.35  8.499493  4.114028  0.630510  0.994297
 5.36  8.499477  4.113991  0.630590  0.991849
 5.37  8.499461  4.113955  0.630670  0.989407
 5.38  8.499446  4.113918  0.630750  0.986972
 5.39  8.499430  4.113894  0.630830  0.984544
 5.40  8.499422  4.113858  0.630910  0.982121
 5.41  8.499406  4.113821  0.630990  0.979706
 5.42  8.499390  4.113785  0.631070  0.977296
 5.43  8.499374  4.113749  0.631150  0.974893
 5.44  8.499366  4.113724  0.631230  0.972497
 5.45  8.499351  4.113688  0.631300  0.970107
 5.46  8.499343  4.113652  0.631380  0.967723
 5.47  8.499327  4.113615  0.631460  0.965345
 5.48  8.499319  4.113591  0.631530  0.962973
 5.49  8.499303  4.113555  0.631610  0.960608
 5.50  8.499295  4.113530  0.631680  0.958249
 5.51  8.499279  4.113494  0.631760  0.955896
 5.52  8.499271  4.113457  0.631830  0.953549
 5.53  8.499264  4.113433  0.631900  0.951208
 5.54  8.499248  4.113397  0.631980  0.948874
 5.55  8.499240  4.113372  0.632050  0.946545
 5.56  8.499232  4.113348  0.632120  0.944222
 5.57  8.499224  4.113312  0.632190  0.941906
 5.58  8.499208  4.113288  0.632260  0.939595
 5.59  8.499200  4.113251  0.632330  0.937290
 5.60  8.499192  4.113227  0.632400  0.934991
 5.61  8.499184  4.113202  0.632470  0.932699
 5.62  8.499176  4.113166  0.632540  0.930411
 5.63  8.499169  4.113142  0.632610  0.928130
 5.64  8.499161  4.113117  0.632680  0.925855
 5.65  8.499153  4.113081  0.632750  0.923585
 5.66  8.499145  4.113057  0.632810  0.921321
 5.67  8.499137  4.113032  0.632880  0.919063
 5.68  8.499129  4.113008  0.632950  0.916810
 5.69  8.499121  4.112984  0.633010  0.914564
 5.70  8.499113  4.112947  0.633080  0.912322
 5.71  8.499105  4.112923  0.633150  0.910087
 5.72  8.499105  4.112899  0.633210  0.907857
 5.73  8.499097  4.112874  0.633280  0.905633
 5.74  8.499089  4.112850  0.633340  0.903414
 5.75  8.499081  4.112826  0.633400  0.901201
 5.76  8.499081  4.112802  0.633470  0.898993
 5.77  8.499074  4.112777  0.633530  0.896791
 5.78  8.499066  4.112753  0.633590  0.894594
 5.79  8.499066  4.112729  0.633650  0.892403
 5.80  8.499058  4.112704  0.633720  0.890217
 5.81  8.499050  4.112680  0.633780  0.888037
 5.82  8.499050  4.112656  0.633840  0.885861
 5.83  8.499042  4.112631  0.633900  0.883692
 5.84  8.499042  4.112607  0.633960  0.881527
 5.85  8.499034  4.112583  0.634020  0.879368
 5.86  8.499034  4.112570  0.634080  0.877214
 5.87  8.499026  4.112546  0.634140  0.875066
 5.88  8.499026  4.112522  0.634200  0.872923
 5.89  8.499018  4.112498  0.634260  0.870784
 5.90  8.499018  4.112473  0.634310  0.868652
 5.91  8.499010  4.112461  0.634370  0.866524
 5.92  8.499010  4.112437  0.634430  0.864401
 5.93  8.499054  4.112456  0.634490  0.862284
 5.94  8.499046  4.112431  0.634540  0.860172
 5.95  8.499046  4.112419  0.634600  0.858064
 5.96  8.499046  4.112395  0.634660  0.855962
 5.97  8.499038  4.112371  0.634710  0.853865
 5.98  8.499038  4.112358  0.634770  0.851773
 5.99  8.499038  4.112334  0.634820  0.849686
 6.00  8.499030  4.112310  0.634880  0.847604
 6.01  8.499030  4.112298  0.634930  0.845527
 6.02  8.499030  4.112273  0.634990  0.843455
 6.03  8.499030  4.112249  0.635040  0.841387
 6.04  8.499030  4.112237  0.635090  0.839325
 6.05  8.499022  4.112212  0.635150  0.837267
 6.06  8.499022  4.112200  0.635200  0.835215
 6.07  8.499022  4.112176  0.635250  0.833167
 6.08  8.499022  4.112164  0.635300  0.831124
 6.09  8.499022  4.112139  0.635360  0.829086
 6.10  8.499022  4.112127  0.635410  0.827053
 6.11  8.499022  4.112103  0.635460  0.825024
 6.12  8.499022  4.112091  0.635510  0.823001
 6.13  8.499022  4.112066  0.635560  0.820981
 6.14  8.499022  4.112054  0.635610  0.818967
 6.15  8.499022  4.112030  0.635660  0.816957
 6.16  8.499022  4.112018  0.635710  0.814952
 6.17  8.499022  4.111993  0.635760  0.812952
 6.18  8.499022  4.111981  0.635810  0.810956
 6.19  8.499022  4.111969  0.635860  0.808965
 6.20  8.499022  4.111944  0.635910  0.806979
 6.21  8.499022  4.111932  0.635960  0.804997
 6.22  8.499022  4.111920  0.636010  0.803020
 6.23  8.499022  4.111896  0.636050  0.801047
 6.24  8.499022  4.111884  0.636100  0.799079
 6.25  8.499022  4.111871  0.636150  0.797115
 6.26  8.499022  4.111847  0.636200  0.795156
 6.27  8.499030  4.111835  0.636240  0.793201
 6.28  8.499030  4.111823  0.636290  0.791250
 6.29  8.499030  4.111798  0.636340  0.789305
 6.30  8.499030  4.111786  0.636380  0.787363
 6.31  8.499030  4.111774  0.636430  0.785426
 6.32  8.499030  4.111762  0.636470  0.783493
 6.33  8.499038  4.111749  0.636520  0.781565
 6.34  8.499038  4.111725  0.636570  0.779641
 6.35  8.499038  4.111713  0.636610  0.777722
 6.36  8.499038  4.111701  0.636660  0.775806
 6.37  8.499046  4.111689  0.636700  0.773895
 6.38  8.499046  4.111676  0.636740  0.771989
 6.39  8.499046  4.111652  0.636790  0.770086
 6.40  8.499046  4.111640  0.636830  0.768188
 6.41  8.499054  4.111628  0.636880  0.766294
 6.42  8.499054  4.111615  0.636920  0.764404
 6.43  8.499054  4.111603  0.636960  0.762519
 6.44  8.499062  4.111591  0.637010  0.760637
 6.45  8.499062  4.111579  0.637050  0.758760
 6.46  8.499062  4.111554  0.637090  0.756887
 6.47  8.499069  4.111542  0.637130  0.755018
 6.48  8.499069  4.111530  0.637180  0.753154
 6.49  8.499069  4.111518  0.637220  0.751293
 6.50  8.499077  4.111506  0.637260  0.749436
 6.51  8.499077  4.111493  0.637300  0.747584
 6.52  8.499085  4.111481  0.637340  0.745735
 6.53  8.499085  4.111469  0.637380  0.743891
 6.54  8.499085  4.111457  0.637420  0.742051
 6.55  8.499093  4.111445  0.637460  0.740214
 6.56  8.499093  4.111433  0.637500  0.738382
 6.57  8.499101  4.111420  0.637540  0.736554
 6.58  8.499101  4.111408  0.637580  0.734729
 6.59  8.499109  4.111396  0.637620  0.732909
 6.60  8.499109  4.111384  0.637660  0.731093
 6.61  8.499117  4.111372  0.637700  0.729280
 6.62  8.499117  4.111359  0.637740  0.727471
 6.63  8.499125  4.111347  0.637780  0.725667
 6.64  8.499125  4.111335  0.637820  0.723866
 6.65  8.499133  4.111323  0.637860  0.722069
 6.66  8.499133  4.111311  0.637900  0.720276
 6.67  8.499141  4.111298  0.637940  0.718486
 6.68  8.499141  4.111286  0.637970  0.716701
 6.69  8.499149  4.111274  0.638010  0.714919
 6.70  8.499149  4.111262  0.638050  0.713141
 6.71  8.499157  4.111262  0.638090  0.711367
 6.72  8.499157  4.111250  0.638120  0.709597
 6.73  8.499164  4.111237  0.638160  0.707830
 6.74  8.499164  4.111225  0.638200  0.706068
 6.75  8.499172  4.111213  0.638230  0.704309
 6.76  8.499172  4.111201  0.638270  0.702553
 6.77  8.499180  4.111189  0.638310  0.700801
 6.78  8.499180  4.111176  0.638340  0.699054
 6.79  8.499188  4.111176  0.638380  0.697309
 6.80  8.499196  4.111164  0.638420  0.695569
 6.81  8.499196  4.111152  0.638450  0.693832
 6.82  8.499204  4.111140  0.638490  0.692098
 6.83  8.499247  4.111171  0.638520  0.690368
 6.84  8.499255  4.111159  0.638560  0.688642
 6.85  8.499263  4.111159  0.638590  0.686920
 6.86  8.499263  4.111147  0.638630  0.685201
 6.87  8.499271  4.111134  0.638660  0.683485
 6.88  8.499271  4.111122  0.638700  0.681773
 6.89  8.499279  4.111110  0.638730  0.680065
 6.90  8.499287  4.111110  0.638760  0.678360
 6.91  8.499287  4.111098  0.638800  0.676659
 6.92  8.499295  4.111085  0.638830  0.674961
 6.93  8.499303  4.111073  0.638870  0.673267
 6.94  8.499303  4.111061  0.638900  0.671576
 6.95  8.499311  4.111061  0.638930  0.669889
 6.96  8.499319  4.111049  0.638970  0.668205
 6.97  8.499319  4.111037  0.639000  0.666525
 6.98  8.499327  4.111024  0.639030  0.664848
 6.99  8.499335  4.111024  0.639070  0.663174
 7.00  8.499335  4.111012  0.639100  0.661504
 7.01  8.499342  4.111000  0.639130  0.659837
 7.02  8.499350  4.111000  0.639160  0.658174
 7.03  8.499350  4.110988  0.639200  0.656514
 7.04  8.499358  4.110976  0.639230  0.654857
 7.05  8.499366  4.110963  0.639260  0.653204
 7.06  8.499366  4.110963  0.639290  0.651554
 7.07  8.499374  4.110951  0.639330  0.649907
 7.08  8.499382  4.110939  0.639360  0.648263
 7.09  8.499390  4.110939  0.639390  0.646623
 7.10  8.499390  4.110927  0.639420  0.644987
 7.11  8.499398  4.110915  0.639450  0.643353
 7.12  8.499406  4.110915  0.639480  0.641723
 7.13  8.499414  4.110902  0.639510  0.640096
 7.14  8.499414  4.110890  0.639550  0.638472
 7.15  8.499422  4.110878  0.639580  0.636852
 7.16  8.499430  4.110878  0.639610  0.635234
 7.17  8.499437  4.110866  0.639640  0.633620
 7.18  8.499437  4.110866  0.639670  0.632009
 7.19  8.499445  4.110854  0.639700  0.630402
 7.20  8.499453  4.110841  0.639730  0.628797
 7.21  8.499461  4.110841  0.639760  0.627196
 7.22  8.499461  4.110829  0.639790  0.625597
 7.23  8.499469  4.110817  0.639820  0.624002
 7.24  8.499477  4.110817  0.639850  0.622410
 7.25  8.499485  4.110805  0.639880  0.620822
 7.26  8.499493  4.110792  0.639910  0.619236
 7.27  8.499493  4.110792  0.639940  0.617653
 7.28  8.499501  4.110780  0.639970  0.616074
 7.29  8.499509  4.110780  0.640000  0.614497
 7.30  8.499517  4.110768  0.640030  0.612924
 7.31  8.499524  4.110756  0.640050  0.611354
 7.32  8.499524  4.110756  0.640080  0.609786
 7.33  8.499532  4.110744  0.640110  0.608222
 7.34  8.499540  4.110744  0.640140  0.606661
 7.35  8.499548  4.110731  0.640170  0.605103
 7.36  8.499556  4.110719  0.640200  0.603547
 7.37  8.499564  4.110719  0.640230  0.601995
 7.38  8.499564  4.110707  0.640260  0.600446
 7.39  8.499572  4.110707  0.640280  0.598900
 7.40  8.499580  4.110695  0.640310  0.597357
 7.41  8.499588  4.110695  0.640340  0.595816
 7.42  8.499596  4.110682  0.640370  0.594279
 7.43  8.499604  4.110682  0.640400  0.592744
 7.44  8.499612  4.110670  0.640420  0.591213
 7.45  8.499612  4.110658  0.640450  0.589684
 7.46  8.499619  4.110658  0.640480  0.588159
 7.47  8.499627  4.110646  0.640510  0.586636
 7.48  8.499635  4.110646  0.640530  0.585116
 7.49  8.499643  4.110634  0.640560  0.583599
 7.50  8.499651  4.110634  0.640590  0.582085
 7.51  8.499659  4.110621  0.640620  0.580573
 7.52  8.499659  4.110621  0.640640  0.579065
 7.53  8.499667  4.110609  0.640670  0.577559
 7.54  8.499675  4.110609  0.640700  0.576057
 7.55  8.499683  4.110597  0.640720  0.574557
 7.56  8.499691  4.110597  0.640750  0.573059
 7.57  8.499699  4.110585  0.640780  0.571565
 7.58  8.499706  4.110585  0.640800  0.570074
 7.59  8.499714  4.110573  0.640830  0.568585
 7.60  8.499722  4.110573  0.640860  0.567099
 7.61  8.499722  4.110560  0.640880  0.565616
 7.62  8.499730  4.110560  0.640910  0.564135
 7.63  8.499738  4.110548  0.640930  0.562657
 7.64  8.499746  4.110548  0.640960  0.561182
 7.65  8.499754  4.110536  0.640990  0.559710
 7.66  8.499762  4.110536  0.641010  0.558241
 7.67  8.499813  4.110567  0.641040  0.556774
 7.68  8.499821  4.110567  0.641060  0.555310
 7.69  8.499829  4.110555  0.641090  0.553848
 7.70  8.499837  4.110555  0.641110  0.552389
 7.71  8.499837  4.110543  0.641140  0.550933
 7.72  8.499845  4.110543  0.641170  0.549480
 7.73  8.499853  4.110530  0.641190  0.548029
 7.74  8.499861  4.110530  0.641220  0.546581
 7.75  8.499868  4.110518  0.641240  0.545136
 7.76  8.499876  4.110518  0.641270  0.543693
 7.77  8.499884  4.110518  0.641290  0.542253
 7.78  8.499892  4.110506  0.641320  0.540815
 7.79  8.499900  4.110506  0.641340  0.539380
 7.80  8.499908  4.110494  0.641370  0.537948
 7.81  8.499916  4.110494  0.641390  0.536518
 7.82  8.499924  4.110481  0.641420  0.535091
 7.83  8.499932  4.110481  0.641440  0.533666
 7.84  8.499932  4.110469  0.641460  0.532244
 7.85  8.499940  4.110469  0.641490  0.530825
 7.86  8.499948  4.110469  0.641510  0.529408
 7.87  8.499955  4.110457  0.641540  0.527993
 7.88  8.499963  4.110457  0.641560  0.526582
 7.89  8.499971  4.110445  0.641590  0.525172
 7.90  8.499979  4.110445  0.641610  0.523766
 7.91  8.499987  4.110433  0.641630  0.522361
 7.92  8.499995  4.110433  0.641660  0.520959
 7.93  8.500003  4.110433  0.641680  0.519560
 7.94  8.500011  4.110420  0.641710  0.518163
 7.95  8.500019  4.110420  0.641730  0.516769
 7.96  8.500027  4.110408  0.641750  0.515377
 7.97  8.500034  4.110408  0.641780  0.513988
 7.98  8.500042  4.110408  0.641800  0.512601
 7.99  8.500050  4.110396  0.641820  0.511216
 8.00  8.500058  4.110396  0.641850  0.509834
 8.01  8.500066  4.110384  0.641870  0.508455
 8.02  8.500074  4.110384  0.641890  0.507078
 8.03  8.500074  4.110384  0.641920  0.505703
 8.04  8.500082  4.110371  0.641940  0.504330
 8.05  8.500090  4.110371  0.641960  0.502961
 8.06  8.500098  4.110359  0.641990  0.501593
 8.07  8.500106  4.110359  0.642010  0.500228
 8.08  8.500113  4.110359  0.642030  0.498865
 8.09  8.500121  4.110347  0.642050  0.497505
 8.10  8.500129  4.110347  0.642080  0.496147
 8.11  8.500137  4.110335  0.642100  0.494791
 8.12  8.500145  4.110335  0.642120  0.493438
 8.13  8.500153  4.110335  0.642150  0.492087
 8.14  8.500161  4.110323  0.642170  0.490738
 8.15  8.500169  4.110323  0.642190  0.489392
 8.16  8.500177  4.110323  0.642210  0.488048
 8.17  8.500185  4.110310  0.642240  0.486706
 8.18  8.500192  4.110310  0.642260  0.485367
 8.19  8.500200  4.110298  0.642280  0.484030
 8.20  8.500208  4.110298  0.642300  0.482695
 8.21  8.500216  4.110298  0.642320  0.481362
 8.22  8.500224  4.110286  0.642350  0.480032
 8.23  8.500232  4.110286  0.642370  0.478704
 8.24  8.500240  4.110286  0.642390  0.477379
 8.25  8.500248  4.110274  0.642410  0.476055
 8.26  8.500256  4.110274  0.642430  0.474734
 8.27  8.500264  4.110274  0.642460  0.473415
 8.28  8.500271  4.110261  0.642480  0.472099
 8.29  8.500279  4.110261  0.642500  0.470784
 8.30  8.500287  4.110249  0.642520  0.469472
 8.31  8.500295  4.110249  0.642540  0.468162
 8.32  8.500303  4.110249  0.642560  0.466854
 8.33  8.500303  4.110237  0.642590  0.465549
 8.34  8.500311  4.110237  0.642610  0.464246
 8.35  8.500319  4.110237  0.642630  0.462944
 8.36  8.500327  4.110225  0.642650  0.461645
 8.37  8.500335  4.110225  0.642670  0.460349
 8.38  8.500343  4.110225  0.642690  0.459054
 8.39  8.500350  4.110212  0.642710  0.457762
 8.40  8.500358  4.110212  0.642740  0.456471
 8.41  8.500366  4.110212  0.642760  0.455183
 8.42  8.500374  4.110200  0.642780  0.453897
 8.43  8.500382  4.110200  0.642800  0.452613
 8.44  8.500390  4.110200  0.642820  0.451332
 8.45  8.500398  4.110188  0.642840  0.450052
 8.46  8.500406  4.110188  0.642860  0.448775
 8.47  8.500414  4.110188  0.642880  0.447500
 8.48  8.500422  4.110176  0.642900  0.446226
 8.49  8.500429  4.110176  0.642920  0.444955
 8.50  8.500437  4.110176  0.642950  0.443686
 8.51  8.500445  4.110164  0.642970  0.442419
 8.52  8.500497  4.110207  0.642990  0.441154
 8.53  8.500504  4.110207  0.643010  0.439892
 8.54  8.500512  4.110195  0.643030  0.438631
 8.55  8.500520  4.110195  0.643050  0.437372
 8.56  8.500528  4.110195  0.643070  0.436116
 8.57  8.500536  4.110182  0.643090  0.434861
 8.58  8.500544  4.110182  0.643110  0.433609
 8.59  8.500552  4.110182  0.643130  0.432359
 8.60  8.500560  4.110182  0.643150  0.431110
 8.61  8.500568  4.110170  0.643170  0.429864
 8.62  8.500576  4.110170  0.643190  0.428620
 8.63  8.500583  4.110170  0.643210  0.427377
 8.64  8.500591  4.110158  0.643230  0.426137
 8.65  8.500599  4.110158  0.643250  0.424899
 8.66  8.500607  4.110158  0.643270  0.423663
 8.67  8.500615  4.110146  0.643290  0.422428
 8.68  8.500623  4.110146  0.643310  0.421196
 8.69  8.500631  4.110146  0.643330  0.419966
 8.70  8.500639  4.110146  0.643350  0.418738
 8.71  8.500647  4.110134  0.643370  0.417511
 8.72  8.500654  4.110134  0.643390  0.416287
 8.73  8.500662  4.110134  0.643410  0.415065
 8.74  8.500670  4.110121  0.643430  0.413844
 8.75  8.500678  4.110121  0.643450  0.412626
 8.76  8.500686  4.110121  0.643470  0.411409
 8.77  8.500694  4.110109  0.643490  0.410195
 8.78  8.500702  4.110109  0.643510  0.408982
 8.79  8.500710  4.110109  0.643530  0.407771
 8.80  8.500718  4.110109  0.643550  0.406563
 8.81  8.500725  4.110097  0.643570  0.405356
 8.82  8.500733  4.110097  0.643590  0.404151
 8.83  8.500741  4.110097  0.643610  0.402948
 8.84  8.500749  4.110085  0.643630  0.401747
 8.85  8.500757  4.110085  0.643650  0.400547
 8.86  8.500765  4.110085  0.643670  0.399350
 8.87  8.500765  4.110085  0.643680  0.398154
 8.88  8.500773  4.110072  0.643700  0.396961
 8.89  8.500781  4.110072  0.643720  0.395769
 8.90  8.500789  4.110072  0.643740  0.394579
 8.91  8.500797  4.110060  0.643760  0.393391
 8.92  8.500804  4.110060  0.643780  0.392205
 8.93  8.500812  4.110060  0.643800  0.391021
 8.94  8.500820  4.110060  0.643820  0.389839
 8.95  8.500828  4.110048  0.643840  0.388658
 8.96  8.500836  4.110048  0.643860  0.387479
 8.97  8.500844  4.110048  0.643880  0.386302
 8.98  8.500852  4.110048  0.643890  0.385127
 8.99  8.500860  4.110036  0.643910  0.383954
 9.00  8.500868  4.110036  0.643930  0.382783
 9.01  8.500875  4.110036  0.643950  0.381613
 9.02  8.500888  4.110028  0.643970  0.380445
 9.03  8.500896  4.110028  0.643990  0.379279
 9.04  8.500903  4.110028  0.644010  0.378115
 9.05  8.500911  4.110028  0.644030  0.376953
 9.06  8.500919  4.110015  0.644050  0.375792
 9.07  8.500927  4.110015  0.644060  0.374633
 9.08  8.500935  4.110015  0.644080  0.373476
 9.09  8.500943  4.110015  0.644100  0.372321
 9.10  8.500951  4.110003  0.644120  0.371168
 9.11  8.500963  4.110008  0.644140  0.370016
 9.12  8.500971  4.110008  0.644160  0.368866
 9.13  8.500979  4.110008  0.644180  0.367718
 9.14  8.500987  4.109995  0.644190  0.366571
 9.15  8.500995  4.109995  0.644210  0.365427
 9.16  8.501002  4.109995  0.644230  0.364284
 9.17  8.501010  4.109983  0.644250  0.363142
 9.18  8.501018  4.109983  0.644270  0.362003
 9.19  8.501026  4.109983  0.644290  0.360865
 9.20  8.501034  4.109983  0.644300  0.359729
 9.21  8.501046  4.109975  0.644320  0.358595
 9.22  8.501054  4.109975  0.644340  0.357462
 9.23  8.501062  4.109975  0.644360  0.356331
 9.24  8.501070  4.109975  0.644380  0.355202
 9.25  8.501078  4.109963  0.644390  0.354075
 9.26  8.501086  4.109963  0.644410  0.352949
 9.27  8.501093  4.109963  0.644430  0.351825
 9.28  8.501101  4.109963  0.644450  0.350702
 9.29  8.501109  4.109951  0.644470  0.349582
 9.30  8.501121  4.109955  0.644490  0.348462
 9.31  8.501129  4.109955  0.644500  0.347345
 9.32  8.501129  4.109955  0.644520  0.346229
 9.33  8.501137  4.109943  0.644540  0.345115
 9.34  8.501145  4.109943  0.644560  0.344003
 9.35  8.501153  4.109943  0.644570  0.342892
 9.36  8.501161  4.109943  0.644590  0.341783
 9.37  8.501169  4.109931  0.644610  0.340676
 9.38  8.501177  4.109931  0.644630  0.339570
 9.39  8.501185  4.109931  0.644650  0.338466
 9.40  8.501197  4.109935  0.644660  0.337363
 9.41  8.501205  4.109923  0.644680  0.336262
 9.42  8.501213  4.109923  0.644700  0.335163
 9.43  8.501220  4.109923  0.644720  0.334065
 9.44  8.501228  4.109923  0.644730  0.332969
 9.45  8.501236  4.109923  0.644750  0.331875
 9.46  8.501244  4.109910  0.644770  0.330782
 9.47  8.501252  4.109910  0.644790  0.329691
 9.48  8.501260  4.109910  0.644800  0.328601
 9.49  8.501272  4.109915  0.644820  0.327513
 9.50  8.501280  4.109903  0.644840  0.326427
 9.51  8.501288  4.109903  0.644860  0.325342
 9.52  8.501296  4.109903  0.644870  0.324258
 9.53  8.501304  4.109903  0.644890  0.323177
 9.54  8.501311  4.109890  0.644910  0.322097
 9.55  8.501319  4.109890  0.644930  0.321018
 9.56  8.501327  4.109890  0.644940  0.319941
 9.57  8.501335  4.109890  0.644960  0.318866
 9.58  8.501343  4.109878  0.644980  0.317792
 9.59  8.501355  4.109882  0.645000  0.316719
 9.60  8.501355  4.109882  0.645010  0.315649
 9.61  8.501363  4.109882  0.645030  0.314579
 9.62  8.501371  4.109882  0.645050  0.313512
 9.63  8.501379  4.109870  0.645060  0.312446
 9.64  8.501387  4.109870  0.645080  0.311381
 9.65  8.501395  4.109870  0.645100  0.310318
 9.66  8.501403  4.109870  0.645120  0.309256
 9.67  8.501410  4.109858  0.645130  0.308196
 9.68  8.501418  4.109858  0.645150  0.307138
 9.69  8.501431  4.109862  0.645170  0.306081
 9.70  8.501438  4.109862  0.645180  0.305025
 9.71  8.501446  4.109850  0.645200  0.303971
 9.72  8.501454  4.109850  0.645220  0.302919
 9.73  8.501462  4.109850  0.645230  0.301868
 9.74  8.501470  4.109850  0.645250  0.300818
 9.75  8.501478  4.109850  0.645270  0.299770
 9.76  8.501486  4.109838  0.645280  0.298724
 9.77  8.501494  4.109838  0.645300  0.297679
 9.78  8.501494  4.109838  0.645320  0.296635
 9.79  8.501506  4.109842  0.645340  0.295593
 9.80  8.501514  4.109830  0.645350  0.294552
 9.81  8.501522  4.109830  0.645370  0.293513
 9.82  8.501529  4.109830  0.645390  0.292476
 9.83  8.501537  4.109830  0.645400  0.291439
 9.84  8.501545  4.109830  0.645420  0.290405
 9.85  8.501553  4.109818  0.645440  0.289371
 9.86  8.501561  4.109818  0.645450  0.288340
 9.87  8.501569  4.109818  0.645470  0.287309
 9.88  8.501577  4.109818  0.645480  0.286280
 9.89  8.501585  4.109805  0.645500  0.285253
 9.90  8.501597  4.109810  0.645520  0.284227
 9.91  8.501605  4.109810  0.645530  0.283202
 9.92  8.501605  4.109810  0.645550  0.282179
 9.93  8.501613  4.109797  0.645570  0.281157
 9.94  8.501620  4.109797  0.645580  0.280137
 9.95  8.501628  4.109797  0.645600  0.279118
 9.96  8.501636  4.109797  0.645620  0.278100
 9.97  8.501644  4.109797  0.645630  0.277084
 9.98  8.501652  4.109785  0.645650  0.276069
 9.99  8.501660  4.109785  0.645660  0.275056
10.00  8.501672  4.109790  0.645680  0.274044
10.01  8.501680  4.109790  0.645700  0.273033
10.02  8.501688  4.109790  0.645710  0.272024
10.03  8.501696  4.109777  0.645730  0.271016
10.04  8.501696  4.109777  0.645750  0.270010
10.05  8.501703  4.109777  0.645760  0.269005
10.06  8.501711  4.109777  0.645780  0.268001
10.07  8.501719  4.109765  0.645790  0.266999
10.08  8.501727  4.109765  0.645810  0.265998
10.09  8.501735  4.109765  0.645830  0.264999
10.10  8.501743  4.109765  0.645840  0.264001
10.11  8.501755  4.109769  0.645860  0.263004
10.12  8.501763  4.109757  0.645870  0.262009
10.13  8.501771  4.109757  0.645890  0.261015
10.14  8.501779  4.109757  0.645910  0.260022
10.15  8.501779  4.109757  0.645920  0.259031
10.16  8.501787  4.109745  0.645940  0.258041
10.17  8.501794  4.109745  0.645950  0.257052
10.18  8.501802  4.109745  0.645970  0.256065
10.19  8.501810  4.109745  0.645990  0.255079
10.20  8.501818  4.109745  0.646000  0.254094
10.21  8.501826  4.109733  0.646020  0.253111
10.22  8.501838  4.109737  0.646030  0.252129
10.23  8.501846  4.109737  0.646050  0.251148
10.24  8.501846  4.109737  0.646060  0.250169
10.25  8.501854  4.109737  0.646080  0.249191
10.26  8.501862  4.109725  0.646100  0.248214
10.27  8.501870  4.109725  0.646110  0.247239
10.28  8.501878  4.109725  0.646130  0.246264
10.29  8.501885  4.109725  0.646140  0.245292
10.30  8.501893  4.109725  0.646160  0.244320
10.31  8.501901  4.109713  0.646170  0.243350
10.32  8.501909  4.109713  0.646190  0.242381
10.33  8.501913  4.109717  0.646210  0.241413
10.34  8.501921  4.109717  0.646220  0.240447
10.35  8.501929  4.109705  0.646240  0.239482
10.36  8.501937  4.109705  0.646250  0.238518
10.37  8.501945  4.109705  0.646270  0.237556
10.38  8.501953  4.109705  0.646280  0.236595
10.39  8.501961  4.109705  0.646300  0.235635
10.40  8.501968  4.109692  0.646310  0.234676
10.41  8.501976  4.109692  0.646330  0.233719
10.42  8.501976  4.109692  0.646350  0.232763
10.43  8.501984  4.109692  0.646360  0.231808
10.44  8.501996  4.109697  0.646380  0.230854
10.45  8.502004  4.109684  0.646390  0.229902
10.46  8.502012  4.109684  0.646410  0.228951
10.47  8.502020  4.109684  0.646420  0.228001
10.48  8.502028  4.109684  0.646440  0.227052
10.49  8.502036  4.109684  0.646450  0.226105
10.50  8.502036  4.109672  0.646470  0.225159
10.51  8.502044  4.109672  0.646480  0.224214
10.52  8.502051  4.109672  0.646500  0.223270
10.53  8.502059  4.109672  0.646510  0.222328
10.54  8.502067  4.109672  0.646530  0.221387
10.55  8.502079  4.109664  0.646540  0.220447
10.56  8.502087  4.109664  0.646560  0.219508
10.57  8.502087  4.109664  0.646570  0.218570
10.58  8.502095  4.109664  0.646590  0.217634
10.59  8.502103  4.109652  0.646600  0.216699
10.60  8.502111  4.109652  0.646620  0.215765
10.61  8.502119  4.109652  0.646630  0.214832
10.62  8.502127  4.109652  0.646650  0.213901
10.63  8.502134  4.109652  0.646660  0.212971
10.64  8.502134  4.109640  0.646680  0.212042
10.65  8.502142  4.109640  0.646690  0.211114
10.66  8.502150  4.109640  0.646710  0.210187
10.67  8.502162  4.109644  0.646720  0.209262
10.68  8.502170  4.109644  0.646740  0.208337
10.69  8.502178  4.109632  0.646750  0.207414
10.70  8.502186  4.109632  0.646770  0.206492
10.71  8.502186  4.109632  0.646780  0.205572
10.72  8.502194  4.109632  0.646800  0.204652
10.73  8.502202  4.109632  0.646810  0.203734
10.74  8.502210  4.109620  0.646830  0.202817
10.75  8.502218  4.109620  0.646840  0.201900
10.76  8.502225  4.109620  0.646860  0.200986
10.77  8.502225  4.109620  0.646870  0.200072
10.78  8.502233  4.109620  0.646890  0.199159
10.79  8.502245  4.109612  0.646900  0.198248
10.80  8.502253  4.109612  0.646920  0.197338
10.81  8.502261  4.109612  0.646930  0.196429
10.82  8.502269  4.109612  0.646950  0.195521
10.83  8.502277  4.109612  0.646960  0.194614
10.84  8.502277  4.109599  0.646980  0.193708
10.85  8.502285  4.109599  0.646990  0.192804
10.86  8.502293  4.109599  0.647010  0.191901
10.87  8.502300  4.109599  0.647020  0.190998
10.88  8.502308  4.109599  0.647040  0.190097
10.89  8.502316  4.109587  0.647050  0.189197
10.90  8.502316  4.109587  0.647070  0.188299
10.91  8.502328  4.109592  0.647080  0.187401
10.92  8.502336  4.109592  0.647090  0.186504
10.93  8.502344  4.109592  0.647110  0.185609
10.94  8.502352  4.109579  0.647120  0.184715
10.95  8.502360  4.109579  0.647140  0.183821
10.96  8.502360  4.109579  0.647150  0.182929
10.97  8.502368  4.109579  0.647170  0.182038
10.98  8.502376  4.109579  0.647180  0.181149
10.99  8.502383  4.109567  0.647200  0.180260
11.00  8.502391  4.109567  0.647210  0.179372
11.01  8.502391  4.109567  0.647220  0.178486
11.02  8.502399  4.109567  0.647240  0.177600
11.03  8.502411  4.109571  0.647250  0.176716
11.04  8.502419  4.109559  0.647270  0.175833
11.05  8.502427  4.109559  0.647280  0.174951
11.06  8.502435  4.109559  0.647300  0.174070
11.07  8.502435  4.109559  0.647310  0.173190
11.08  8.502443  4.109559  0.647330  0.172311
11.09  8.502451  4.109547  0.647340  0.171433
11.10  8.502459  4.109547  0.647350  0.170556
11.11  8.502466  4.109547  0.647370  0.169681
11.12  8.502466  4.109547  0.647380  0.168806
11.13  8.502474  4.109547  0.647400  0.167933
11.14  8.502482  4.109535  0.647410  0.167060
11.15  8.502494  4.109539  0.647430  0.166189
11.16  8.502502  4.109539  0.647440  0.165319
11.17  8.502510  4.109539  0.647450  0.164449
11.18  8.502510  4.109539  0.647470  0.163581
11.19  8.502518  4.109539  0.647480  0.162714
11.20  8.502526  4.109527  0.647500  0.161848
11.21  8.502534  4.109527  0.647510  0.160983
11.22  8.502542  4.109527  0.647530  0.160119
11.23  8.502542  4.109527  0.647540  0.159256
11.24  8.502549  4.109527  0.647550  0.158395
11.25  8.502557  4.109514  0.647570  0.157534
11.26  8.502565  4.109514  0.647580  0.156674
11.27  8.502573  4.109514  0.647600  0.155815
11.28  8.502577  4.109519  0.647610  0.154958
11.29  8.502585  4.109519  0.647620  0.154101
11.30  8.502593  4.109507  0.647640  0.153246
11.31  8.502601  4.109507  0.647650  0.152391
11.32  8.502609  4.109507  0.647670  0.151538
11.33  8.502609  4.109507  0.647680  0.150685
11.34  8.502617  4.109507  0.647690  0.149834
11.35  8.502624  4.109494  0.647710  0.148983
11.36  8.502632  4.109494  0.647720  0.148134
11.37  8.502640  4.109494  0.647740  0.147285
11.38  8.502640  4.109494  0.647750  0.146438
11.39  8.502648  4.109494  0.647760  0.145592
11.40  8.502656  4.109482  0.647780  0.144746
11.41  8.502668  4.109486  0.647790  0.143902
11.42  8.502668  4.109486  0.647810  0.143059
11.43  8.502676  4.109486  0.647820  0.142216
11.44  8.502684  4.109486  0.647830  0.141375
11.45  8.502692  4.109474  0.647850  0.140535
11.46  8.502700  4.109474  0.647860  0.139695
11.47  8.502700  4.109474  0.647880  0.138857
11.48  8.502707  4.109474  0.647890  0.138020
11.49  8.502715  4.109474  0.647900  0.137183
11.50  8.502723  4.109474  0.647920  0.136348
11.51  8.502731  4.109462  0.647930  0.135514
11.52  8.502731  4.109462  0.647940  0.134680
11.53  8.502739  4.109462  0.647960  0.133848
11.54  8.502751  4.109466  0.647970  0.133017
11.55  8.502759  4.109466  0.647990  0.132186
11.56  8.502759  4.109454  0.648000  0.131357
11.57  8.502767  4.109454  0.648010  0.130528
11.58  8.502775  4.109454  0.648030  0.129701
11.59  8.502782  4.109454  0.648040  0.128874
11.60  8.502790  4.109454  0.648050  0.128049
11.61  8.502790  4.109442  0.648070  0.127224
11.62  8.502798  4.109442  0.648080  0.126401
11.63  8.502806  4.109442  0.648090  0.125578
11.64  8.502814  4.109442  0.648110  0.124756
11.65  8.502814  4.109442  0.648120  0.123936
11.66  8.502822  4.109429  0.648140  0.123116
11.67  8.502830  4.109429  0.648150  0.122297
11.68  8.502842  4.109434  0.648160  0.121479
11.69  8.502842  4.109434  0.648180  0.120662
11.70  8.502850  4.109434  0.648190  0.119846
11.71  8.502858  4.109434  0.648200  0.119031
11.72  8.502865  4.109422  0.648220  0.118217
11.73  8.502873  4.109422  0.648230  0.117404
11.74  8.502873  4.109422  0.648240  0.116592
11.75  8.502881  4.109422  0.648260  0.115781
11.76  8.502889  4.109422  0.648270  0.114971
11.77  8.502897  4.109409  0.648280  0.114161
11.78  8.502897  4.109409  0.648300  0.113353
11.79  8.502905  4.109409  0.648310  0.112545
11.80  8.502912  4.109409  0.648320  0.111739
11.81  8.502920  4.109409  0.648340  0.110933
11.82  8.502925  4.109401  0.648350  0.110128
11.83  8.502933  4.109401  0.648360  0.109325
11.84  8.502940  4.109401  0.648380  0.108522
11.85  8.502948  4.109401  0.648390  0.107720
11.86  8.502948  4.109401  0.648410  0.106919
11.87  8.502956  4.109389  0.648420  0.106119
11.88  8.502964  4.109389  0.648430  0.105320
11.89  8.502972  4.109389  0.648450  0.104521
11.90  8.502972  4.109389  0.648460  0.103724
11.91  8.502980  4.109389  0.648470  0.102928
11.92  8.502988  4.109389  0.648490  0.102132
11.93  8.502995  4.109377  0.648500  0.101337
11.94  8.502995  4.109377  0.648510  0.100544
11.95  8.503003  4.109377  0.648520  0.099751
11.96  8.503011  4.109377  0.648540  0.098959
11.97  8.503023  4.109381  0.648550  0.098168
11.98  8.503023  4.109369  0.648560  0.097378
11.99  8.503031  4.109369  0.648580  0.096589
12.00  8.503039  4.109369  0.648590  0.095800
12.01  8.503047  4.109369  0.648600  0.095013
12.02  8.503047  4.109369  0.648620  0.094226
12.03  8.503055  4.109369  0.648630  0.093441
12.04  8.503063  4.109357  0.648640  0.092656
12.05  8.503070  4.109357  0.648660  0.091872
12.06  8.503070  4.109357  0.648670  0.091089
12.07  8.503078  4.109357  0.648680  0.090307
12.08  8.503086  4.109357  0.648700  0.089525
12.09  8.503094  4.109344  0.648710  0.088745
12.10  8.503094  4.109344  0.648720  0.087966
12.11  8.503102  4.109344  0.648740  0.087187
12.12  8.503114  4.109349  0.648750  0.086409
12.13  8.503122  4.109349  0.648760  0.085632
12.14  8.503122  4.109336  0.648780  0.084856
12.15  8.503130  4.109336  0.648790  0.084081
12.16  8.503138  4.109336  0.648800  0.083307
12.17  8.503145  4.109336  0.648810  0.082533
12.18  8.503145  4.109336  0.648830  0.081761
12.19  8.503153  4.109336  0.648840  0.080989
12.20  8.503161  4.109324  0.648850  0.080218
12.21  8.503169  4.109324  0.648870  0.079448
12.22  8.503169  4.109324  0.648880  0.078679
12.23  8.503177  4.109324  0.648890  0.077911
12.24  8.503185  4.109324  0.648910  0.077143
12.25  8.503185  4.109312  0.648920  0.076377
12.26  8.503192  4.109312  0.648930  0.075611
12.27  8.503205  4.109316  0.648940  0.074846
12.28  8.503213  4.109316  0.648960  0.074082
12.29  8.503213  4.109316  0.648970  0.073319
12.30  8.503220  4.109316  0.648980  0.072557
12.31  8.503228  4.109304  0.649000  0.071795
12.32  8.503236  4.109304  0.649010  0.071035
12.33  8.503236  4.109304  0.649020  0.070275
12.34  8.503244  4.109304  0.649030  0.069516
12.35  8.503252  4.109304  0.649050  0.068757
12.36  8.503252  4.109292  0.649060  0.068000
12.37  8.503260  4.109292  0.649070  0.067244
12.38  8.503267  4.109292  0.649090  0.066488
12.39  8.503275  4.109292  0.649100  0.065733
12.40  8.503275  4.109292  0.649110  0.064979
12.41  8.503283  4.109279  0.649120  0.064226
12.42  8.503291  4.109279  0.649140  0.063473
12.43  8.503295  4.109284  0.649150  0.062722
12.44  8.503303  4.109284  0.649160  0.061971
12.45  8.503311  4.109284  0.649180  0.061221
12.46  8.503319  4.109284  0.649190  0.060472
12.47  8.503319  4.109272  0.649200  0.059724
12.48  8.503327  4.109272  0.649210  0.058976
12.49  8.503335  4.109272  0.649230  0.058230
12.50  8.503342  4.109272  0.649240  0.057484
12.51  8.503342  4.109272  0.649250  0.056739
12.52  8.503350  4.109259  0.649260  0.055994
12.53  8.503358  4.109259  0.649280  0.055251
12.54  8.503358  4.109259  0.649290  0.054508
12.55  8.503366  4.109259  0.649300  0.053766
12.56  8.503374  4.109259  0.649320  0.053025
12.57  8.503382  4.109259  0.649330  0.052285
12.58  8.503382  4.109247  0.649340  0.051546
12.59  8.503390  4.109247  0.649350  0.050807
12.60  8.503402  4.109251  0.649370  0.050069
12.61  8.503402  4.109251  0.649380  0.049332
12.62  8.503410  4.109251  0.649390  0.048596
12.63  8.503417  4.109239  0.649400  0.047860
12.64  8.503417  4.109239  0.649420  0.047126
12.65  8.503425  4.109239  0.649430  0.046392
12.66  8.503433  4.109239  0.649440  0.045658
12.67  8.503441  4.109239  0.649450  0.044926
12.68  8.503441  4.109239  0.649470  0.044195
12.69  8.503449  4.109227  0.649480  0.043464
12.70  8.503457  4.109227  0.649490  0.042734
12.71  8.503457  4.109227  0.649500  0.042004
12.72  8.503464  4.109227  0.649520  0.041276
12.73  8.503472  4.109227  0.649530  0.040548
12.74  8.503480  4.109227  0.649540  0.039821
12.75  8.503480  4.109215  0.649550  0.039095
12.76  8.503488  4.109215  0.649570  0.038370
12.77  8.503496  4.109215  0.649580  0.037645
12.78  8.503500  4.109219  0.649590  0.036921
12.79  8.503508  4.109219  0.649600  0.036198
12.80  8.503516  4.109207  0.649620  0.035476
12.81  8.503516  4.109207  0.649630  0.034754
12.82  8.503524  4.109207  0.649640  0.034034
12.83  8.503532  4.109207  0.649650  0.033314
12.84  8.503532  4.109207  0.649670  0.032594
12.85  8.503539  4.109207  0.649680  0.031876
12.86  8.503547  4.109194  0.649690  0.031158
12.87  8.503555  4.109194  0.649700  0.030441
12.88  8.503555  4.109194  0.649720  0.029725
12.89  8.503563  4.109194  0.649730  0.029009
12.90  8.503571  4.109194  0.649740  0.028295
12.91  8.503571  4.109182  0.649750  0.027581
12.92  8.503579  4.109182  0.649770  0.026867
12.93  8.503586  4.109182  0.649780  0.026155
12.94  8.503586  4.109182  0.649790  0.025443
12.95  8.503594  4.109182  0.649800  0.024732
12.96  8.503606  4.109186  0.649820  0.024022
12.97  8.503606  4.109174  0.649830  0.023312
12.98  8.503614  4.109174  0.649840  0.022603
12.99  8.503622  4.109174  0.649850  0.021895
13.00  8.503630  4.109174  0.649860  0.021188
13.01  8.503630  4.109174  0.649880  0.020481
13.02  8.503638  4.109174  0.649890  0.019775
13.03  8.503646  4.109162  0.649900  0.019070
13.04  8.503646  4.109162  0.649910  0.018366
13.05  8.503654  4.109162  0.649930  0.017662
13.06  8.503661  4.109162  0.649940  0.016959
13.07  8.503661  4.109162  0.649950  0.016257
13.08  8.503669  4.109150  0.649960  0.015556
13.09  8.503677  4.109150  0.649970  0.014855
13.10  8.503677  4.109150  0.649990  0.014155
13.11  8.503685  4.109150  0.650000  0.013455
13.12  8.503693  4.109150  0.650010  0.012757
13.13  8.503693  4.109150  0.650020  0.012059
13.14  8.503701  4.109137  0.650040  0.011362
13.15  8.503713  4.109142  0.650050  0.010665
13.16  8.503713  4.109142  0.650060  0.009970
13.17  8.503721  4.109142  0.650070  0.009275
13.18  8.503728  4.109142  0.650080  0.008580
13.19  8.503736  4.109142  0.650100  0.007887
13.20  8.503736  4.109129  0.650110  0.007194
13.21  8.503744  4.109129  0.650120  0.006502
13.22  8.503752  4.109129  0.650130  0.005810
13.23  8.503752  4.109129  0.650150  0.005119
13.24  8.503760  4.109129  0.650160  0.004429
13.25  8.503768  4.109129  0.650170  0.003740
13.26  8.503768  4.109117  0.650180  0.003051
13.27  8.503775  4.109117  0.650190  0.002363
13.28  8.503783  4.109117  0.650210  0.001676
13.29  8.503783  4.109117  0.650220  0.000989
13.30  8.503791  4.109117  0.650230  0.000304
13.31  8.503799  4.109105  0.650240 -1.000000
13.32  8.503799  4.109105  0.650250 -1.000000
13.33  8.503807  4.109105  0.650270 -1.000000
13.34  8.503815  4.109105  0.650280 -1.000000
13.35  8.503819  4.109109  0.650290 -1.000000
13.36  8.503827  4.109109  0.650300 -1.000000
13.37  8.503835  4.109097  0.650310 -1.000000
13.38  8.503835  4.109097  0.650330 -1.000000
13.39  8.503843  4.109097  0.650340 -1.000000
13.40  8.503850  4.109097  0.650350 -1.000000
13.41  8.503850  4.109097  0.650360 -1.000000
13.42  8.503858  4.109097  0.650370 -1.000000
13.43  8.503866  4.109085  0.650390 -1.000000
13.44  8.503866  4.109085  0.650400 -1.000000
13.45  8.503874  4.109085  0.650410 -1.000000
13.46  8.503882  4.109085  0.650420 -1.000000
13.47  8.503882  4.109085  0.650430 -1.000000
13.48  8.503890  4.109085  0.650450 -1.000000
13.49  8.503897  4.109072  0.650460 -1.000000
13.50  8.503897  4.109072  0.650470 -1.000000
13.51  8.503905  4.109072  0.650480 -1.000000
13.52  8.503913  4.109072  0.650490 -1.000000
13.53  8.503913  4.109072  0.650510 -1.000000
13.54  8.503921  4.109072  0.650520 -1.000000
13.55  8.503933  4.109065  0.650530 -1.000000
13.56  8.503933  4.109065  0.650540 -1.000000
13.57  8.503941  4.109065  0.650550 -1.000000
13.58  8.503949  4.109065  0.650570 -1.000000
13.59  8.503949  4.109065  0.650580 -1.000000
13.60  8.503957  4.109065  0.650590 -1.000000
13.61  8.503964  4.109052  0.650600 -1.000000
13.62  8.503964  4.109052  0.650610 -1.000000
13.63  8.503972  4.109052  0.650630 -1.000000
13.64  8.503980  4.109052  0.650640 -1.000000
13.65  8.503980  4.109052  0.650650 -1.000000
13.66  8.503988  4.109052  0.650660 -1.000000
13.67  8.503996  4.109040  0.650670 -1.000000
13.68  8.503996  4.109040  0.650680 -1.000000
13.69  8.504004  4.109040  0.650700 -1.000000
13.70  8.504011  4.109040  0.650710 -1.000000
13.71  8.504011  4.109040  0.650720 -1.000000
13.72  8.504019  4.109028  0.650730 -1.000000
13.73  8.504019  4.109028  0.650740 -1.000000
13.74  8.504027  4.109028  0.650760 -1.000000
13.75  8.504035  4.109028  0.650770 -1.000000
13.76  8.504035  4.109028  0.650780 -1.000000
13.77  8.504043  4.109028  0.650790 -1.000000
13.78  8.504051  4.109015  0.650800 -1.000000
13.79  8.504055  4.109020  0.650810 -1.000000
13.80  8.504063  4.109020  0.650830 -1.000000
13.81  8.504071  4.109020  0.650840 -1.000000
13.82  8.504071  4.109020  0.650850 -1.000000
13.83  8.504078  4.109020  0.650860 -1.000000
13.84  8.504086  4.109008  0.650870 -1.000000
13.85  8.504086  4.109008  0.650880 -1.000000
13.86  8.504094  4.109008  0.650900 -1.000000
13.87  8.504102  4.109008  0.650910 -1.000000
13.88  8.504102  4.109008  0.650920 -1.000000
13.89  8.504110  4.109008  0.650930 -1.000000
13.90  8.504118  4.108995  0.650940 -1.000000
13.91  8.504118  4.108995  0.650950 -1.000000
13.92  8.504125  4.108995  0.650970 -1.000000
13.93  8.504125  4.108995  0.650980 -1.000000
13.94  8.504133  4.108995  0.650990 -1.000000
13.95  8.504141  4.108995  0.651000 -1.000000
13.96  8.504141  4.108983  0.651010 -1.000000
13.97  8.504149  4.108983  0.651020 -1.000000
13.98  8.504157  4.108983  0.651040 -1.000000
13.99  8.504157  4.108983  0.651050 -1.000000
14.00  8.504165  4.108983  0.651060 -1.000000
14.01  8.504172  4.108983  0.651070 -1.000000
14.02  8.504177  4.108975  0.651080 -1.000000
14.03  8.504185  4.108975  0.651090 -1.000000
14.04  8.504192  4.108975  0.651110 -1.000000
14.05  8.504192  4.108975  0.651120 -1.000000
14.06  8.504200  4.108975  0.651130 -1.000000
14.07  8.504200  4.108975  0.651140 -1.000000
14.08  8.504208  4.108975  0.651150 -1.000000
14.09  8.504216  4.108963  0.651160 -1.000000
14.10  8.504216  4.108963  0.651170 -1.000000
14.11  8.504224  4.108963  0.651190 -1.000000
14.12  8.504232  4.108963  0.651200 -1.000000
14.13  8.504232  4.108963  0.651210 -1.000000
14.14  8.504239  4.108963  0.651220 -1.000000
14.15  8.504247  4.108951  0.651230 -1.000000
14.16  8.504247  4.108951  0.651240 -1.000000
14.17  8.504255  4.108951  0.651260 -1.000000
14.18  8.504263  4.108951  0.651270 -1.000000
14.19  8.504263  4.108951  0.651280 -1.000000
14.20  8.504271  4.108951  0.651290 -1.000000
14.21  8.504271  4.108938  0.651300 -1.000000
14.22  8.504279  4.108938  0.651310 -1.000000
14.23  8.504286  4.108938  0.651320 -1.000000
14.24  8.504286  4.108938  0.651340 -1.000000
14.25  8.504294  4.108938  0.651350 -1.000000
14.26  8.504302  4.108938  0.651360 -1.000000
14.27  8.504302  4.108926  0.651370 -1.000000
14.28  8.504314  4.108930  0.651380 -1.000000
14.29  8.504314  4.108930  0.651390 -1.000000
14.30  8.504322  4.108930  0.651400 -1.000000
14.31  8.504330  4.108930  0.651420 -1.000000
14.32  8.504330  4.108930  0.651430 -1.000000
14.33  8.504338  4.108918  0.651440 -1.000000
14.34  8.504346  4.108918  0.651450 -1.000000
14.35  8.504346  4.108918  0.651460 -1.000000
14.36  8.504353  4.108918  0.651470 -1.000000
14.37  8.504361  4.108918  0.651480 -1.000000
14.38  8.504361  4.108918  0.651500 -1.000000
14.39  8.504369  4.108918  0.651510 -1.000000
14.40  8.504369  4.108906  0.651520 -1.000000
14.41  8.504377  4.108906  0.651530 -1.000000
14.42  8.504385  4.108906  0.651540 -1.000000
14.43  8.504385  4.108906  0.651550 -1.000000
14.44  8.504393  4.108906  0.651560 -1.000000
14.45  8.504400  4.108906  0.651570 -1.000000
14.46  8.504400  4.108894  0.651590 -1.000000
14.47  8.504408  4.108894  0.651600 -1.000000
14.48  8.504408  4.108894  0.651610 -1.000000
14.49  8.504416  4.108894  0.651620 -1.000000
14.50  8.504424  4.108894  0.651630 -1.000000
14.51  8.504424  4.108894  0.651640 -1.000000
14.52  8.504432  4.108881  0.651650 -1.000000
14.53  8.504440  4.108881  0.651660 -1.000000
14.54  8.504440  4.108881  0.651680 -1.000000
14.55  8.504452  4.108886  0.651690 -1.000000
14.56  8.504452  4.108886  0.651700 -1.000000
14.57  8.504460  4.108886  0.651710 -1.000000
14.58  8.504467  4.108873  0.651720 -1.000000
14.59  8.504467  4.108873  0.651730 -1.000000
14.60  8.504475  4.108873  0.651740 -1.000000
14.61  8.504483  4.108873  0.651750 -1.000000
14.62  8.504483  4.108873  0.651770 -1.000000
14.63  8.504491  4.108873  0.651780 -1.000000
14.64  8.504491  4.108873  0.651790 -1.000000
14.65  8.504499  4.108861  0.651800 -1.000000
14.66  8.504506  4.108861  0.651810 -1.000000
14.67  8.504506  4.108861  0.651820 -1.000000
14.68  8.504514  4.108861  0.651830 -1.000000
14.69  8.504514  4.108861  0.651840 -1.000000
14.70  8.504522  4.108861  0.651860 -1.000000
14.71  8.504530  4.108849  0.651870 -1.000000
14.72  8.504530  4.108849  0.651880 -1.000000
14.73  8.504538  4.108849  0.651890 -1.000000
14.74  8.504546  4.108849  0.651900 -1.000000
14.75  8.504546  4.108849  0.651910 -1.000000
14.76  8.504553  4.108849  0.651920 -1.000000
14.77  8.504553  4.108849  0.651930 -1.000000
14.78  8.504561  4.108836  0.651940 -1.000000
14.79  8.504569  4.108836  0.651960 -1.000000
14.80  8.504569  4.108836  0.651970 -1.000000
14.81  8.504577  4.108836  0.651980 -1.000000
14.82  8.504577  4.108836  0.651990 -1.000000
14.83  8.504589  4.108841  0.652000 -1.000000
14.84  8.504597  4.108829  0.652010 -1.000000
14.85  8.504597  4.108829  0.652020 -1.000000
14.86  8.504605  4.108829  0.652030 -1.000000
14.87  8.504605  4.108829  0.652040 -1.000000
14.88  8.504613  4.108829  0.652050 -1.000000
14.89  8.504620  4.108829  0.652070 -1.000000
14.90  8.504620  4.108816  0.652080 -1.000000
14.91  8.504628  4.108816  0.652090 -1.000000
14.92  8.504636  4.108816  0.652100 -1.000000
14.93  8.504636  4.108816  0.652110 -1.000000
14.94  8.504644  4.108816  0.652120 -1.000000
14.95  8.504644  4.108816  0.652130 -1.000000
14.96  8.504652  4.108816  0.652140 -1.000000
14.97  8.504660  4.108804  0.652150 -1.000000
14.98  8.504660  4.108804  0.652160 -1.000000
14.99  8.504667  4.108804  0.652180 -1.000000
15.00  8.504667  4.108804  0.652190 -1.000000
