 t       A(O)      A(F)      fg       z
 0.01 -8.000000 -8.000000  0.005000  9.266831
 0.02 -8.000000 -8.000000  0.014734  9.137839
 0.03  6.556646  2.456067  0.024055  9.012820
 0.04  7.100103  2.941153  0.032996  8.891580
 0.05  7.405051  3.230266  0.041581  8.773940
 0.06  7.600224  3.428345  0.049831  8.659732
 0.07  7.739753  3.573758  0.057758  8.548799
 0.08  7.848019  3.687256  0.065377  8.440992
 0.09  7.935508  3.779166  0.072699  8.336173
 0.10  8.007773  3.855268  0.079738  8.234211
 0.11  8.069187  3.922016  0.086504  8.134984
 0.12  8.122592  3.981247  0.093007  8.038376
 0.13  8.166696  4.031826  0.099248  7.944278
 0.14  8.206155  4.077645  0.105240  7.852588
 0.15  8.242408  4.119706  0.110980  7.763208
 0.16  8.275861  4.158426  0.116490  7.676046
 0.17  8.306627  4.193998  0.121770  7.591015
 0.18  8.335207  4.226910  0.126830  7.508034
 0.19  8.362342  4.256710  0.131680  7.427024
 0.20  8.388254  4.283120  0.136340  7.347911
 0.21  8.412444  4.307201  0.140800  7.270625
 0.22  8.434824  4.329700  0.145090  7.195100
 0.23  8.455684  4.350879  0.149200  7.121271
 0.24  8.475178  4.370921  0.153150  7.049080
 0.25  8.493479  4.389951  0.156920  6.978468
 0.26  8.510721  4.408065  0.160540  6.909381
 0.27  8.527061  4.425391  0.164000  6.841766
 0.28  8.542563  4.441957  0.167320  6.775575
 0.29  8.557256  4.457792  0.170480  6.710759
 0.30  8.571304  4.473032  0.173510  6.647274
 0.31  8.584738  4.487704  0.176400  6.585076
 0.32  8.597581  4.501830  0.179160  6.524124
 0.33  8.610108  4.516204  0.181780  6.464378
 0.34  8.622309  4.530610  0.184280  6.405801
 0.35  8.634139  4.544508  0.186660  6.348356
 0.36  8.645605  4.557938  0.188910  6.292009
 0.37  8.656740  4.570935  0.191060  6.236726
 0.38  8.667571  4.583526  0.193090  6.182476
 0.39  8.678111  4.595713  0.195010  6.129228
 0.40  8.688366  4.607547  0.196820  6.076953
 0.41  8.698359  4.619058  0.198540  6.025622
 0.42  8.708087  4.630215  0.200150  5.975208
 0.43  8.717576  4.641118  0.201670  5.925687
 0.44  8.726833  4.651705  0.203100  5.877031
 0.45  8.735857  4.662059  0.204430  5.829218
 0.46  8.744674  4.672128  0.205680  5.782224
 0.47  8.753276  4.681984  0.206850  5.736028
 0.48  8.761688  4.691578  0.207930  5.690606
 0.49  8.769902  4.700982  0.208940  5.645940
 0.50  8.777936  4.710145  0.209870  5.602009
 0.51  8.785813  4.719136  0.210720  5.558793
 0.52  8.793480  4.727899  0.211500  5.516275
 0.53  8.801027  4.736475  0.212220  5.474436
 0.54  8.808382  4.744874  0.212860  5.433259
 0.55  8.815587  4.753129  0.213440  5.392727
 0.56  8.822652  4.761248  0.213960  5.352825
 0.57  8.829615  4.769176  0.214420  5.313537
 0.58  8.836409  4.776980  0.214810  5.274848
 0.59  8.843071  4.784605  0.215150  5.236743
 0.60  8.849607  4.792111  0.215440  5.199209
 0.61  8.856023  4.799453  0.215670  5.162231
 0.62  8.862320  4.806660  0.215850  5.125797
 0.63  8.868506  4.813740  0.215980  5.089894
 0.64  8.874579  4.820692  0.216060  5.054509
 0.65  8.880547  4.827525  0.216090  5.019631
 0.66  8.886408  4.834238  0.216080  4.985248
 0.67  8.892171  4.840840  0.216030  4.951349
 0.68  8.897805  4.847333  0.215930  4.917924
 0.69  8.903369  4.853713  0.215800  4.884961
 0.70  8.908847  4.859996  0.215620  4.852450
 0.71  8.914232  4.866175  0.215410  4.820382
 0.72  8.919527  4.872254  0.215160  4.788747
 0.73  8.924706  4.878262  0.214880  4.757535
 0.74  8.929835  4.884178  0.214570  4.726739
 0.75  8.934880  4.890002  0.214220  4.696348
 0.76  8.939843  4.895756  0.213840  4.666354
 0.77  8.944730  4.901427  0.213430  4.636749
 0.78  8.949513  4.907015  0.212990  4.607526
 0.79  8.954250  4.912518  0.212520  4.578675
 0.80  8.958916  4.917964  0.212030  4.550190
 0.81  8.963514  4.923315  0.211510  4.522064
 0.82  8.968068  4.928606  0.210970  4.494288
 0.83  8.972584  4.933864  0.210400  4.466857
 0.84  8.977002  4.939026  0.209810  4.439763
 0.85  8.981357  4.944120  0.209210  4.412999
 0.86  8.985678  4.949127  0.208570  4.386560
 0.87  8.989906  4.954045  0.207920  4.360438
 0.88  8.994097  4.958894  0.207250  4.334629
 0.89  8.998207  4.963687  0.206570  4.309125
 0.90  9.002278  4.968372  0.205860  4.283922
 0.91  9.006297  4.973004  0.205140  4.259013
 0.92  9.010252  4.977569  0.204400  4.234393
 0.93  9.014158  4.982065  0.203640  4.210056
 0.94  9.018006  4.986484  0.202870  4.185999
 0.95  9.021823  4.990828  0.202090  4.162214
 0.96  9.025569  4.995125  0.201290  4.138698
 0.97  9.029280  4.999328  0.200470  4.115445
 0.98  9.032943  5.003482  0.199650  4.092452
 0.99  9.036557  5.007571  0.198810  4.069712
 1.00  9.040123  5.011614  0.197960  4.047223
 1.01  9.043551  5.015460  0.203690  4.024978
 1.02  9.040904  5.019677  0.208720  4.002975
 1.03  9.032679  5.013493  0.213460  3.981209
 1.04  9.024381  5.006228  0.218030  3.959675
 1.05  9.016396  4.999279  0.222470  3.938371
 1.06  9.008696  4.992596  0.226820  3.917291
 1.07  9.001250  4.986184  0.231070  3.896433
 1.08  8.994040  4.979996  0.235240  3.875792
 1.09  8.987050  4.974022  0.239350  3.855365
 1.10  8.980290  4.968272  0.243380  3.835148
 1.11  8.973714  4.962679  0.247360  3.815138
 1.12  8.967335  4.957273  0.251270  3.795332
 1.13  8.961152  4.952013  0.255130  3.775725
 1.14  8.955119  4.946927  0.258940  3.756316
 1.15  8.949241  4.941983  0.262700  3.737100
 1.16  8.943551  4.937200  0.266410  3.718075
 1.17  8.937968  4.932547  0.270070  3.699238
 1.18  8.932554  4.928025  0.273680  3.680585
 1.19  8.927283  4.923637  0.277250  3.662115
 1.20  8.922124  4.919342  0.280780  3.643823
 1.21  8.917118  4.915167  0.284270  3.625707
 1.22  8.912206  4.911095  0.287710  3.607765
 1.23  8.907422  4.907129  0.291120  3.589993
 1.24  8.902728  4.903240  0.294480  3.572390
 1.25  8.898171  4.899420  0.297810  3.554952
 1.26  8.893682  4.895708  0.301100  3.537678
 1.27  8.889332  4.892041  0.304350  3.520564
 1.28  8.885056  4.888465  0.307570  3.503608
 1.29  8.880885  4.884934  0.310750  3.486809
 1.30  8.876794  4.881474  0.313900  3.470163
 1.31  8.872783  4.878065  0.317020  3.453668
 1.32  8.868856  4.874732  0.320100  3.437323
 1.33  8.865045  4.871425  0.323150  3.421125
 1.34  8.861281  4.868191  0.326160  3.405072
 1.35  8.857606  4.864991  0.329150  3.389161
 1.36  8.853987  4.861870  0.332100  3.373392
 1.37  8.850452  4.858775  0.335020  3.357761
 1.38  8.846975  4.855740  0.337910  3.342267
 1.39  8.843590  4.852760  0.340770  3.326908
 1.40  8.840263  4.849814  0.343600  3.311682
 1.41  8.836997  4.846907  0.346410  3.296587
 1.42  8.833787  4.844053  0.349180  3.281622
 1.43  8.830641  4.841239  0.351930  3.266784
 1.44  8.827553  4.838481  0.354650  3.252072
 1.45  8.824533  4.835741  0.357340  3.237484
 1.46  8.821573  4.833058  0.360000  3.223019
 1.47  8.818639  4.830414  0.362640  3.208674
 1.48  8.815776  4.827814  0.365250  3.194449
 1.49  8.812976  4.825249  0.367840  3.180341
 1.50  8.810205  4.822700  0.370400  3.166350
 1.51  8.807499  4.820212  0.372930  3.152472
 1.52  8.804828  4.817746  0.375440  3.138708
 1.53  8.802225  4.815318  0.377930  3.125056
 1.54  8.799653  4.812933  0.380390  3.111513
 1.55  8.797113  4.810591  0.382830  3.098079
 1.56  8.794644  4.808263  0.385240  3.084753
 1.57  8.792167  4.805981  0.387640  3.071532
 1.58  8.789765  4.803718  0.390000  3.058416
 1.59  8.787441  4.801500  0.392350  3.045403
 1.60  8.785106  4.799299  0.394680  3.032491
 1.61  8.782845  4.797139  0.396980  3.019681
 1.62  8.780583  4.795006  0.399260  3.006970
 1.63  8.778392  4.792911  0.401520  2.994357
 1.64  8.776200  4.790843  0.403770  2.981840
 1.65  8.774081  4.788792  0.405990  2.969420
 1.66  8.771983  4.786787  0.408190  2.957094
 1.67  8.769920  4.784777  0.410370  2.944861
 1.68  8.767893  4.782818  0.412530  2.932721
 1.69  8.765896  4.780904  0.414670  2.920672
 1.70  8.763932  4.778984  0.416790  2.908712
 1.71  8.762000  4.777114  0.418900  2.896842
 1.72  8.760097  4.775265  0.420980  2.885060
 1.73  8.758226  4.773413  0.423050  2.873364
 1.74  8.756384  4.771609  0.425090  2.861754
 1.75  8.754577  4.769830  0.427120  2.850229
 1.76  8.752794  4.768073  0.429140  2.838788
 1.77  8.751041  4.766342  0.431130  2.827429
 1.78  8.749310  4.764656  0.433110  2.816152
 1.79  8.747613  4.762973  0.435070  2.804957
 1.80  8.745939  4.761308  0.437010  2.793841
 1.81  8.744291  4.759670  0.438930  2.782804
 1.82  8.742675  4.758031  0.440840  2.771845
 1.83  8.741081  4.756439  0.442730  2.760964
 1.84  8.739511  4.754875  0.444610  2.750159
 1.85  8.737972  4.753339  0.446460  2.739429
 1.86  8.736452  4.751798  0.448300  2.728774
 1.87  8.734956  4.750281  0.450130  2.718193
 1.88  8.733484  4.748816  0.451940  2.707684
 1.89  8.732040  4.747323  0.453730  2.697248
 1.90  8.730607  4.745880  0.455510  2.686884
 1.91  8.729207  4.744469  0.457270  2.676590
 1.92  8.727828  4.743051  0.459010  2.666365
 1.93  8.726468  4.741662  0.460740  2.656210
 1.94  8.725129  4.740298  0.462460  2.646123
 1.95  8.723810  4.738961  0.464160  2.636104
 1.96  8.722517  4.737624  0.465840  2.626151
 1.97  8.721244  4.736313  0.467510  2.616265
 1.98  8.719988  4.735028  0.469160  2.606444
 1.99  8.718748  4.733740  0.470800  2.596687
 2.00  8.717534  4.732483  0.472430  2.586995
 2.01  8.716337  4.731253  0.474040  2.577366
 2.02  8.715157  4.730019  0.475630  2.567799
 2.03  8.713993  4.728843  0.477210  2.558295
 2.04  8.712856  4.727638  0.478780  2.548852
 2.05  8.711731  4.726491  0.480330  2.539469
 2.06  8.710624  4.725341  0.481860  2.530147
 2.07  8.709529  4.724188  0.483380  2.520884
 2.08  8.708452  4.723064  0.484890  2.511680
 2.09  8.707396  4.721971  0.486380  2.502535
 2.10  8.706350  4.720872  0.487850  2.493447
 2.11  8.705320  4.719806  0.489310  2.484416
 2.12  8.704304  4.718737  0.490760  2.475441
 2.13  8.703305  4.717701  0.492190  2.466523
 2.14  8.702315  4.716659  0.493600  2.457659
 2.15  8.701337  4.715650  0.495000  2.448851
 2.16  8.700374  4.714634  0.496390  2.440097
 2.17  8.699428  4.713652  0.497760  2.431396
 2.18  8.698491  4.712668  0.499110  2.422749
 2.19  8.697562  4.711713  0.500450  2.414154
 2.20  8.696653  4.710757  0.501780  2.405612
 2.21  8.695756  4.709803  0.503100  2.397121
 2.22  8.694863  4.708874  0.504390  2.388681
 2.23  8.693989  4.707979  0.505680  2.380292
 2.24  8.693123  4.707083  0.506950  2.371953
 2.25  8.692272  4.706185  0.508210  2.363663
 2.26  8.691424  4.705285  0.509460  2.355423
 2.27  8.690591  4.704416  0.510690  2.347231
 2.28  8.689770  4.703582  0.511910  2.339088
 2.29  8.688960  4.702709  0.513120  2.330992
 2.30  8.688158  4.701872  0.514310  2.322944
 2.31  8.687366  4.701060  0.515490  2.314942
 2.32  8.686583  4.700252  0.516660  2.306987
 2.33  8.685809  4.699443  0.517810  2.299078
 2.34  8.685044  4.698632  0.518950  2.291215
 2.35  8.684288  4.697852  0.520080  2.283396
 2.36  8.683537  4.697070  0.521200  2.275622
 2.37  8.682795  4.696288  0.522300  2.267893
 2.38  8.682067  4.695541  0.523390  2.260208
 2.39  8.681339  4.694789  0.524470  2.252565
 2.40  8.680625  4.694040  0.525540  2.244966
 2.41  8.679916  4.693318  0.526600  2.237410
 2.42  8.679210  4.692566  0.527640  2.229896
 2.43  8.678519  4.691846  0.528670  2.222424
 2.44  8.677833  4.691158  0.529690  2.214994
 2.45  8.677147  4.690432  0.530700  2.207604
 2.46  8.676475  4.689742  0.531690  2.200255
 2.47  8.675807  4.689051  0.532680  2.192947
 2.48  8.675154  4.688396  0.533660  2.185679
 2.49  8.674496  4.687703  0.534620  2.178451
 2.50  8.673852  4.687042  0.535570  2.171262
 2.51  8.673208  4.686380  0.536510  2.164112
 2.52  8.672579  4.685722  0.537450  2.157000
 2.53  8.671944  4.685092  0.538370  2.149927
 2.54  8.671329  4.684432  0.539280  2.142892
 2.55  8.670713  4.683804  0.540180  2.135895
 2.56  8.670098  4.683171  0.541070  2.128934
 2.57  8.669497  4.682575  0.541950  2.122011
 2.58  8.668906  4.681945  0.542830  2.115125
 2.59  8.668320  4.681348  0.543690  2.108275
 2.60  8.667739  4.680750  0.544550  2.101461
 2.61  8.667162  4.680151  0.545400  2.094682
 2.62  8.666596  4.679586  0.546240  2.087940
 2.63  8.666035  4.679019  0.547070  2.081232
 2.64  8.665489  4.678456  0.547900  2.074559
 2.65  8.664937  4.677889  0.548710  2.067921
 2.66  8.664401  4.677325  0.549520  2.061317
 2.67  8.663864  4.676789  0.550320  2.054746
 2.68  8.663338  4.676224  0.551120  2.048210
 2.69  8.662822  4.675692  0.551900  2.041707
 2.70  8.662300  4.675155  0.552680  2.035237
 2.71  8.661794  4.674656  0.553450  2.028800
 2.72  8.661293  4.674122  0.554210  2.022396
 2.73  8.660797  4.673622  0.554970  2.016024
 2.74  8.660306  4.673121  0.555720  2.009683
 2.75  8.659820  4.672620  0.556460  2.003375
 2.76  8.659345  4.672118  0.557200  1.997098
 2.77  8.658873  4.671620  0.557930  1.990853
 2.78  8.658403  4.671151  0.558650  1.984638
 2.79  8.657943  4.670682  0.559360  1.978454
 2.80  8.657487  4.670217  0.560070  1.972301
 2.81  8.657032  4.669748  0.560770  1.966178
 2.82  8.656592  4.669282  0.561460  1.960085
 2.83  8.656148  4.668811  0.562150  1.954022
 2.84  8.655713  4.668379  0.562830  1.947988
 2.85  8.655283  4.667911  0.563510  1.941984
 2.86  8.654858  4.667478  0.564180  1.936009
 2.87  8.654435  4.667040  0.564840  1.930062
 2.88  8.654021  4.666606  0.565490  1.924145
 2.89  8.653612  4.666207  0.566140  1.918255
 2.90  8.653203  4.665772  0.566790  1.912394
 2.91  8.652805  4.665372  0.567430  1.906561
 2.92  8.652407  4.664936  0.568060  1.900755
 2.93  8.652014  4.664535  0.568680  1.894977
 2.94  8.651631  4.664139  0.569300  1.889227
 2.95  8.651249  4.663737  0.569920  1.883503
 2.96  8.650866  4.663370  0.570530  1.877806
 2.97  8.650499  4.662972  0.571130  1.872136
 2.98  8.650128  4.662604  0.571730  1.866493
 2.99  8.649761  4.662201  0.572320  1.860875
 3.00  8.649399  4.661838  0.572910  1.855284
 3.01  8.649044  4.661469  0.573490  1.849719
 3.02  8.648693  4.661105  0.574060  1.844179
 3.03  8.648347  4.660740  0.574630  1.838665
 3.04  8.647997  4.660371  0.575200  1.833176
 3.05  8.647656  4.660041  0.575760  1.827712
 3.06  8.647321  4.659675  0.576310  1.822274
 3.07  8.646987  4.659340  0.576860  1.816860
 3.08  8.646658  4.658974  0.577400  1.811470
 3.09  8.646333  4.658643  0.577940  1.806105
 3.10  8.646015  4.658312  0.578480  1.800764
 3.11  8.645696  4.657981  0.579010  1.795447
 3.12  8.645383  4.657649  0.579530  1.790154
 3.13  8.645075  4.657353  0.580050  1.784884
 3.14  8.644767  4.657020  0.580560  1.779638
 3.15  8.644465  4.656688  0.581070  1.774415
 3.16  8.644162  4.656391  0.581580  1.769216
 3.17  8.643865  4.656094  0.582080  1.764039
 3.18  8.643573  4.655765  0.582570  1.758885
 3.19  8.643281  4.655467  0.583070  1.753754
 3.20  8.642995  4.655170  0.583550  1.748646
 3.21  8.642709  4.654872  0.584030  1.743559
 3.22  8.642433  4.654578  0.584510  1.738495
 3.23  8.642153  4.654315  0.584980  1.733453
 3.24  8.641878  4.654016  0.585450  1.728433
 3.25  8.641613  4.653722  0.585920  1.723434
 3.26  8.641343  4.653459  0.586380  1.718457
 3.27  8.641078  4.653164  0.586830  1.713501
 3.28  8.640814  4.652901  0.587290  1.708566
 3.29  8.640561  4.652641  0.587730  1.703653
 3.30  8.640307  4.652382  0.588180  1.698761
 3.31  8.640054  4.652118  0.588620  1.693889
 3.32  8.639806  4.651858  0.589050  1.689038
 3.33  8.639557  4.651598  0.589490  1.684207
 3.34  8.639310  4.651334  0.589920  1.679397
 3.35  8.639073  4.651074  0.590340  1.674607
 3.36  8.638836  4.650814  0.590760  1.669837
 3.37  8.638605  4.650589  0.591180  1.665087
 3.38  8.638369  4.650324  0.591590  1.660357
 3.39  8.638137  4.650099  0.592000  1.655646
 3.40  8.637911  4.649839  0.592410  1.650955
 3.41  8.637691  4.649614  0.592810  1.646284
 3.42  8.637465  4.649389  0.593210  1.641631
 3.43  8.637250  4.649163  0.593600  1.636998
 3.44  8.637030  4.648938  0.593990  1.632384
 3.45  8.636821  4.648713  0.594380  1.627789
 3.46  8.636607  4.648487  0.594770  1.623212
 3.47  8.636398  4.648262  0.595150  1.618654
 3.48  8.636194  4.648036  0.595530  1.614115
 3.49  8.635991  4.647846  0.595900  1.609594
 3.50  8.635792  4.647625  0.596270  1.605091
 3.51  8.635589  4.647399  0.596640  1.600606
 3.52  8.635391  4.647209  0.597010  1.596139
 3.53  8.635199  4.646983  0.597370  1.591691
 3.54  8.635008  4.646793  0.597730  1.587260
 3.55  8.634820  4.646607  0.598080  1.582846
 3.56  8.634628  4.646381  0.598430  1.578450
 3.57  8.634442  4.646190  0.598780  1.574072
 3.58  8.634266  4.646004  0.599130  1.569711
 3.59  8.634080  4.645814  0.599470  1.565367
 3.60  8.633905  4.645623  0.599810  1.561040
 3.61  8.633729  4.645437  0.600150  1.556731
 3.62  8.633554  4.645246  0.600480  1.552438
 3.63  8.633384  4.645060  0.600810  1.548161
 3.64  8.633209  4.644869  0.601140  1.543902
 3.65  8.633045  4.644719  0.601470  1.539659
 3.66  8.632876  4.644528  0.601790  1.535432
 3.67  8.632717  4.644342  0.602110  1.531222
 3.68  8.632554  4.644187  0.602430  1.527028
 3.69  8.632395  4.644000  0.602740  1.522850
 3.70  8.632232  4.643845  0.603050  1.518688
 3.71  8.632079  4.643695  0.603360  1.514542
 3.72  8.631926  4.643508  0.603670  1.510412
 3.73  8.631768  4.643353  0.603970  1.506298
 3.74  8.631621  4.643203  0.604270  1.502199
 3.75  8.631474  4.643015  0.604570  1.498116
 3.76  8.631322  4.642860  0.604870  1.494048
 3.77  8.631181  4.642710  0.605160  1.489996
 3.78  8.631039  4.642559  0.605450  1.485958
 3.79  8.630893  4.642404  0.605740  1.481936
 3.80  8.630752  4.642253  0.606020  1.477929
 3.81  8.630616  4.642102  0.606310  1.473937
 3.82  8.630481  4.641951  0.606590  1.469960
 3.83  8.630345  4.641837  0.606870  1.465997
 3.84  8.630211  4.641681  0.607140  1.462049
 3.85  8.630081  4.641530  0.607410  1.458116
 3.86  8.629951  4.641379  0.607690  1.454198
 3.87  8.629822  4.641264  0.607950  1.450293
 3.88  8.629698  4.641113  0.608220  1.446403
 3.89  8.629568  4.640999  0.608480  1.442527
 3.90  8.629444  4.640847  0.608750  1.438666
 3.91  8.629326  4.640733  0.609010  1.434818
 3.92  8.629202  4.640581  0.609260  1.430985
 3.93  8.629084  4.640467  0.609520  1.427165
 3.94  8.628966  4.640315  0.609770  1.423359
 3.95  8.628847  4.640200  0.610020  1.419567
 3.96  8.628735  4.640085  0.610270  1.415789
 3.97  8.628617  4.639971  0.610520  1.412024
 3.98  8.628505  4.639819  0.610760  1.408272
 3.99  8.628393  4.639704  0.611000  1.404534
 4.00  8.628280  4.639589  0.611240  1.400809
 4.01  8.628174  4.639474  0.611480  1.397098
 4.02  8.628068  4.639359  0.611710  1.393400
 4.03  8.627961  4.639244  0.611950  1.389715
 4.04  8.627855  4.639129  0.612180  1.386042
 4.05  8.627748  4.639014  0.612410  1.382383
 4.06  8.627648  4.638899  0.612640  1.378737
 4.07  8.627552  4.638788  0.612860  1.375103
 4.08  8.627451  4.638673  0.613090  1.371482
 4.09  8.627351  4.638558  0.613310  1.367874
 4.10  8.627250  4.638480  0.613530  1.364278
 4.11  8.627156  4.638365  0.613750  1.360695
 4.12  8.627055  4.638249  0.613960  1.357124
 4.13  8.626965  4.638139  0.614180  1.353566
 4.14  8.626871  4.638060  0.614390  1.350020
 4.15  8.626782  4.637945  0.614600  1.346486
 4.16  8.626687  4.637830  0.614810  1.342964
 4.17  8.626603  4.637756  0.615020  1.339454
 4.18  8.626514  4.637640  0.615220  1.335956
 4.19  8.626426  4.637562  0.615420  1.332470
 4.20  8.626337  4.637446  0.615630  1.328997
 4.21  8.626253  4.637372  0.615830  1.325534
 4.22  8.626170  4.637257  0.616020  1.322084
 4.23  8.626081  4.637178  0.616220  1.318645
 4.24  8.626003  4.637104  0.616420  1.315218
 4.25  8.625920  4.636989  0.616610  1.311802
 4.26  8.625838  4.636910  0.616800  1.308398
 4.27  8.625759  4.636836  0.616990  1.305005
 4.28  8.625683  4.636721  0.617180  1.301624
 4.29  8.625600  4.636642  0.617370  1.298254
 4.30  8.625527  4.636568  0.617550  1.294895
 4.31  8.625451  4.636489  0.617730  1.291547
 4.32  8.625378  4.636415  0.617920  1.288210
 4.33  8.625301  4.636299  0.618100  1.284885
 4.34  8.625225  4.636221  0.618280  1.281570
 4.35  8.625158  4.636147  0.618450  1.278266
 4.36  8.625081  4.636068  0.618630  1.274973
 4.37  8.625015  4.635994  0.618800  1.271691
 4.38  8.624944  4.635915  0.618980  1.268420
 4.39  8.624878  4.635841  0.619150  1.265159
 4.40  8.624807  4.635762  0.619320  1.261909
 4.41  8.624740  4.635688  0.619490  1.258669
 4.42  8.624676  4.635609  0.619650  1.255440
 4.43  8.624605  4.635530  0.619820  1.252221
 4.44  8.624544  4.635456  0.619980  1.249013
 4.45  8.624479  4.635377  0.620140  1.245815
 4.46  8.624413  4.635340  0.620310  1.242627
 4.47  8.624348  4.635261  0.620470  1.239450
 4.48  8.624294  4.635187  0.620630  1.236282
 4.49  8.624233  4.635112  0.620780  1.233125
 4.50  8.624168  4.635033  0.620940  1.229978
 4.51  8.624114  4.634996  0.621090  1.226841
 4.52  8.624049  4.634917  0.621250  1.223714
 4.53  8.623994  4.634843  0.621400  1.220596
 4.54  8.623936  4.634764  0.621550  1.217489
 4.55  8.623881  4.634727  0.621700  1.214391
 4.56  8.623822  4.634648  0.621850  1.211303
 4.57  8.623768  4.634573  0.622000  1.208225
 4.58  8.623719  4.634536  0.622150  1.205157
 4.59  8.623660  4.634457  0.622290  1.202098
 4.60  8.623612  4.634420  0.622440  1.199048
 4.61  8.623553  4.634341  0.622580  1.196008
 4.62  8.623505  4.634304  0.622720  1.192978
 4.63  8.623456  4.634229  0.622860  1.189956
 4.64  8.623403  4.634188  0.623000  1.186944
 4.65  8.623355  4.634113  0.623140  1.183942
 4.66  8.623306  4.634076  0.623280  1.180949
 4.67  8.623253  4.633997  0.623410  1.177965
 4.68  8.623211  4.633959  0.623550  1.174990
 4.69  8.623162  4.633885  0.623680  1.172024
 4.70  8.623116  4.633843  0.623820  1.169067
 4.71  8.623073  4.633806  0.623950  1.166119
 4.72  8.623031  4.633731  0.624080  1.163180
 4.73  8.622978  4.633689  0.624210  1.160250
 4.74  8.622935  4.633652  0.624340  1.157329
 4.75  8.622893  4.633577  0.624470  1.154417
 4.76  8.622852  4.633536  0.624600  1.151514
 4.77  8.622810  4.633498  0.624720  1.148619
 4.78  8.622767  4.633424  0.624850  1.145733
 4.79  8.622726  4.633382  0.624970  1.142855
 4.80  8.622684  4.633345  0.625100  1.139987
 4.81  8.622647  4.633307  0.625220  1.137126
 4.82  8.622611  4.633232  0.625340  1.134275
 4.83  8.622564  4.633191  0.625460  1.131432
 4.84  8.622528  4.633153  0.625580  1.128597
 4.85  8.622491  4.633116  0.625700  1.125770
 4.86  8.622455  4.633079  0.625820  1.122952
 4.87  8.622420  4.633037  0.625930  1.120143
 4.88  8.622384  4.632999  0.626050  1.117341
 4.89  8.622347  4.632925  0.626160  1.114548
 4.90  8.622311  4.632887  0.626280  1.111763
 4.91  8.622276  4.632845  0.626390  1.108986
 4.92  8.622240  4.632808  0.626500  1.106217
 4.93  8.622209  4.632771  0.626620  1.103456
 4.94  8.622179  4.632733  0.626730  1.100704
 4.95  8.622148  4.632696  0.626840  1.097959
 4.96  8.622108  4.632654  0.626950  1.095222
 4.97  8.622077  4.632617  0.627050  1.092493
 4.98  8.622047  4.632579  0.627160  1.089772
 4.99  8.622016  4.632542  0.627270  1.087059
 5.00  8.621986  4.632504  0.627370  1.084354
 5.01  8.621962  4.632467  0.627480  1.081656
 5.02  8.621927  4.632425  0.627580  1.078966
 5.03  8.621896  4.632388  0.627690  1.076284
 5.04  8.621872  4.632350  0.627790  1.073609
 5.05  8.621842  4.632313  0.627890  1.070942
 5.06  8.621817  4.632313  0.627990  1.068283
 5.07  8.621783  4.632271  0.628090  1.065631
 5.08  8.621758  4.632234  0.628190  1.062987
 5.09  8.621734  4.632196  0.628290  1.060350
 5.10  8.621710  4.632159  0.628390  1.057720
 5.11  8.621679  4.632121  0.628490  1.055098
 5.12  8.621655  4.632084  0.628590  1.052483
 5.13  8.621631  4.632084  0.628680  1.049876
 5.14  8.621606  4.632046  0.628780  1.047276
 5.15  8.621577  4.632004  0.628870  1.044683
 5.16  8.621559  4.631967  0.628970  1.042097
 5.17  8.621535  4.631929  0.629060  1.039519
 5.18  8.621511  4.631929  0.629150  1.036947
 5.19  8.621492  4.631892  0.629250  1.034383
 5.20  8.621468  4.631855  0.629340  1.031826
 5.21  8.621444  4.631817  0.629430  1.029276
 5.22  8.621425  4.631817  0.629520  1.026733
 5.23  8.621397  4.631775  0.629610  1.024197
 5.24  8.621378  4.631738  0.629700  1.021668
 5.25  8.621360  4.631700  0.629790  1.019145
 5.26  8.621342  4.631700  0.629870  1.016630
 5.27  8.621318  4.631663  0.629960  1.014122
 5.28  8.621299  4.631625  0.630050  1.011620
 5.29  8.621281  4.631625  0.630130  1.009125
 5.30  8.621263  4.631588  0.630220  1.006637
 5.31  8.621244  4.631550  0.630300  1.004156
 5.32  8.621226  4.631550  0.630390  1.001681
 5.33  8.621208  4.631513  0.630470  0.999213
 5.34  8.621190  4.631475  0.630560  0.996752
 5.35  8.621171  4.631475  0.630640  0.994297
 5.36  8.621155  4.631433  0.630720  0.991849
 5.37  8.621137  4.631433  0.630800  0.989407
 5.38  8.621118  4.631396  0.630880  0.986972
 5.39  8.621100  4.631358  0.630960  0.984544
 5.40  8.621088  4.631358  0.631040  0.982121
 5.41  8.621070  4.631321  0.631120  0.979706
 5.42  8.621057  4.631321  0.631200  0.977296
 5.43  8.621039  4.631283  0.631280  0.974893
 5.44  8.621027  4.631283  0.631350  0.972497
 5.45  8.621009  4.631246  0.631430  0.970107
 5.46  8.620996  4.631246  0.631510  0.967723
 5.47  8.620984  4.631208  0.631580  0.965345
 5.48  8.620966  4.631171  0.631660  0.962973
 5.49  8.620954  4.631171  0.631730  0.960608
 5.50  8.620942  4.631133  0.631810  0.958249
 5.51  8.620929  4.631133  0.631880  0.955896
 5.52  8.620917  4.631096  0.631950  0.953549
 5.53  8.620905  4.631096  0.632030  0.951208
 5.54  8.620893  4.631058  0.632100  0.948874
 5.55  8.620881  4.631058  0.632170  0.946545
 5.56  8.620869  4.631058  0.632240  0.944222
 5.57  8.620856  4.631020  0.632310  0.941906
 5.58  8.620844  4.631020  0.632380  0.939595
 5.59  8.620832  4.630983  0.632450  0.937290
 5.60  8.620820  4.630983  0.632520  0.934991
 5.61  8.620808  4.630945  0.632590  0.932699
 5.62  8.620801  4.630945  0.632660  0.930411
 5.63  8.620789  4.630908  0.632730  0.928130
 5.64  8.620777  4.630908  0.632800  0.925855
 5.65  8.620771  4.630908  0.632860  0.923585
 5.66  8.620759  4.630870  0.632930  0.921321
 5.67  8.620753  4.630870  0.633000  0.919063
 5.68  8.620741  4.630833  0.633060  0.916810
 5.69  8.620734  4.630833  0.633130  0.914564
 5.70  8.620722  4.630833  0.633190  0.912322
 5.71  8.620716  4.630795  0.633260  0.910087
 5.72  8.620704  4.630795  0.633320  0.907857
 5.73  8.620698  4.630758  0.633390  0.905633
 5.74  8.620692  4.630758  0.633450  0.903414
 5.75  8.620680  4.630758  0.633510  0.901201
 5.76  8.620673  4.630720  0.633580  0.898993
 5.77  8.620667  4.630720  0.633640  0.896791
 5.78  8.620661  4.630720  0.633700  0.894594
 5.79  8.620649  4.630682  0.633760  0.892403
 5.80  8.620643  4.630682  0.633820  0.890217
 5.81  8.620637  4.630682  0.633880  0.888037
 5.82  8.620631  4.630645  0.633950  0.885861
 5.83  8.620625  4.630645  0.634010  0.883692
 5.84  8.620619  4.630645  0.634070  0.881527
 5.85  8.620613  4.630645  0.634120  0.879368
 5.86  8.620606  4.630607  0.634180  0.877214
 5.87  8.620600  4.630607  0.634240  0.875066
 5.88  8.620594  4.630607  0.634300  0.872923
 5.89  8.620588  4.630570  0.634360  0.870784
 5.90  8.620582  4.630570  0.634420  0.868652
 5.91  8.620582  4.630570  0.634470  0.866524
 5.92  8.620576  4.630570  0.634530  0.864401
 5.93  8.620570  4.630532  0.634590  0.862284
 5.94  8.620564  4.630532  0.634640  0.860172
 5.95  8.620558  4.630532  0.634700  0.858064
 5.96  8.620562  4.630499  0.634760  0.855962
 5.97  8.620556  4.630499  0.634810  0.853865
 5.98  8.620550  4.630499  0.634870  0.851773
 5.99  8.620550  4.630499  0.634920  0.849686
 6.00  8.620544  4.630461  0.634970  0.847604
 6.01  8.620544  4.630461  0.635030  0.845527
 6.02  8.620538  4.630461  0.635080  0.843455
 6.03  8.620532  4.630461  0.635140  0.841387
 6.04  8.620532  4.630461  0.635190  0.839325
 6.05  8.620525  4.630424  0.635240  0.837267
 6.06  8.620525  4.630424  0.635290  0.835215
 6.07  8.620519  4.630424  0.635350  0.833167
 6.08  8.620519  4.630424  0.635400  0.831124
 6.09  8.620519  4.630424  0.635450  0.829086
 6.10  8.620513  4.630386  0.635500  0.827053
 6.11  8.620513  4.630386  0.635550  0.825024
 6.12  8.620512  4.630391  0.635600  0.823001
 6.13  8.620512  4.630391  0.635650  0.820981
 6.14  8.620512  4.630391  0.635700  0.818967
 6.15  8.620512  4.630353  0.635750  0.816957
 6.16  8.620506  4.630353  0.635800  0.814952
 6.17  8.620506  4.630353  0.635850  0.812952
 6.18  8.620506  4.630353  0.635900  0.810956
 6.19  8.620506  4.630353  0.635950  0.808965
 6.20  8.620499  4.630353  0.636000  0.806979
 6.21  8.620499  4.630315  0.636050  0.804997
 6.22  8.620499  4.630315  0.636090  0.803020
 6.23  8.620499  4.630315  0.636140  0.801047
 6.24  8.620499  4.630315  0.636190  0.799079
 6.25  8.620499  4.630315  0.636240  0.797115
 6.26  8.620498  4.630320  0.636280  0.795156
 6.27  8.620498  4.630282  0.636330  0.793201
 6.28  8.620498  4.630282  0.636380  0.791250
 6.29  8.620498  4.630282  0.636420  0.789305
 6.30  8.620498  4.630282  0.636470  0.787363
 6.31  8.620498  4.630282  0.636510  0.785426
 6.32  8.620498  4.630282  0.636560  0.783493
 6.33  8.620498  4.630282  0.636610  0.781565
 6.34  8.620498  4.630282  0.636650  0.779641
 6.35  8.620498  4.630245  0.636690  0.777722
 6.36  8.620498  4.630245  0.636740  0.775806
 6.37  8.620502  4.630249  0.636780  0.773895
 6.38  8.620502  4.630249  0.636830  0.771989
 6.39  8.620508  4.630249  0.636870  0.770086
 6.40  8.620508  4.630249  0.636910  0.768188
 6.41  8.620508  4.630249  0.636960  0.766294
 6.42  8.620508  4.630249  0.637000  0.764404
 6.43  8.620508  4.630249  0.637040  0.762519
 6.44  8.620508  4.630211  0.637090  0.760637
 6.45  8.620508  4.630211  0.637130  0.758760
 6.46  8.620514  4.630211  0.637170  0.756887
 6.47  8.620514  4.630211  0.637210  0.755018
 6.48  8.620519  4.630216  0.637250  0.753154
 6.49  8.620519  4.630216  0.637300  0.751293
 6.50  8.620525  4.630216  0.637340  0.749436
 6.51  8.620525  4.630216  0.637380  0.747584
 6.52  8.620525  4.630216  0.637420  0.745735
 6.53  8.620525  4.630216  0.637460  0.743891
 6.54  8.620531  4.630216  0.637500  0.742051
 6.55  8.620531  4.630216  0.637540  0.740214
 6.56  8.620531  4.630216  0.637580  0.738382
 6.57  8.620537  4.630178  0.637620  0.736554
 6.58  8.620542  4.630183  0.637660  0.734729
 6.59  8.620542  4.630183  0.637700  0.732909
 6.60  8.620548  4.630183  0.637740  0.731093
 6.61  8.620548  4.630183  0.637780  0.729280
 6.62  8.620548  4.630183  0.637820  0.727471
 6.63  8.620554  4.630183  0.637850  0.725667
 6.64  8.620554  4.630183  0.637890  0.723866
 6.65  8.620560  4.630183  0.637930  0.722069
 6.66  8.620560  4.630183  0.637970  0.720276
 6.67  8.620564  4.630187  0.638010  0.718486
 6.68  8.620570  4.630187  0.638040  0.716701
 6.69  8.620570  4.630187  0.638080  0.714919
 6.70  8.620576  4.630187  0.638120  0.713141
 6.71  8.620576  4.630187  0.638160  0.711367
 6.72  8.620583  4.630187  0.638190  0.709597
 6.73  8.620583  4.630187  0.638230  0.707830
 6.74  8.620589  4.630187  0.638270  0.706068
 6.75  8.620589  4.630187  0.638300  0.704309
 6.76  8.620599  4.630191  0.638340  0.702553
 6.77  8.620599  4.630154  0.638370  0.700801
 6.78  8.620605  4.630154  0.638410  0.699054
 6.79  8.620605  4.630154  0.638450  0.697309
 6.80  8.620611  4.630154  0.638480  0.695569
 6.81  8.620611  4.630154  0.638520  0.693832
 6.82  8.620617  4.630154  0.638550  0.692098
 6.83  8.620617  4.630154  0.638590  0.690368
 6.84  8.620624  4.630154  0.638620  0.688642
 6.85  8.620628  4.630158  0.638660  0.686920
 6.86  8.620634  4.630158  0.638690  0.685201
 6.87  8.620634  4.630158  0.638720  0.683485
 6.88  8.620640  4.630158  0.638760  0.681773
 6.89  8.620646  4.630158  0.638790  0.680065
 6.90  8.620646  4.630158  0.638830  0.678360
 6.91  8.620652  4.630158  0.638860  0.676659
 6.92  8.620652  4.630158  0.638890  0.674961
 6.93  8.620658  4.630158  0.638920  0.673267
 6.94  8.620658  4.630158  0.638960  0.671576
 6.95  8.620669  4.630163  0.638990  0.669889
 6.96  8.620669  4.630163  0.639020  0.668205
 6.97  8.620675  4.630163  0.639060  0.666525
 6.98  8.620681  4.630163  0.639090  0.664848
 6.99  8.620681  4.630163  0.639120  0.663174
 7.00  8.620687  4.630163  0.639150  0.661504
 7.01  8.620687  4.630163  0.639180  0.659837
 7.02  8.620693  4.630163  0.639210  0.658174
 7.03  8.620699  4.630163  0.639250  0.656514
 7.04  8.620704  4.630167  0.639280  0.654857
 7.05  8.620710  4.630167  0.639310  0.653204
 7.06  8.620716  4.630167  0.639340  0.651554
 7.07  8.620716  4.630167  0.639370  0.649907
 7.08  8.620722  4.630167  0.639400  0.648263
 7.09  8.620728  4.630167  0.639430  0.646623
 7.10  8.620728  4.630167  0.639460  0.644987
 7.11  8.620734  4.630167  0.639490  0.643353
 7.12  8.620745  4.630171  0.639520  0.641723
 7.13  8.620745  4.630171  0.639560  0.640096
 7.14  8.620751  4.630171  0.639590  0.638472
 7.15  8.620757  4.630171  0.639620  0.636852
 7.16  8.620757  4.630171  0.639650  0.635234
 7.17  8.620763  4.630171  0.639680  0.633620
 7.18  8.620769  4.630171  0.639700  0.632009
 7.19  8.620775  4.630171  0.639730  0.630402
 7.20  8.620775  4.630171  0.639760  0.628797
 7.21  8.620786  4.630176  0.639790  0.627196
 7.22  8.620792  4.630176  0.639820  0.625597
 7.23  8.620798  4.630176  0.639850  0.624002
 7.24  8.620798  4.630176  0.639880  0.622410
 7.25  8.620804  4.630176  0.639910  0.620822
 7.26  8.620810  4.630176  0.639940  0.619236
 7.27  8.620816  4.630176  0.639970  0.617653
 7.28  8.620816  4.630176  0.640000  0.616074
 7.29  8.620822  4.630176  0.640020  0.614497
 7.30  8.620833  4.630180  0.640050  0.612924
 7.31  8.620839  4.630180  0.640080  0.611354
 7.32  8.620839  4.630180  0.640110  0.609786
 7.33  8.620845  4.630180  0.640140  0.608222
 7.34  8.620851  4.630180  0.640170  0.606661
 7.35  8.620857  4.630180  0.640190  0.605103
 7.36  8.620863  4.630180  0.640220  0.603547
 7.37  8.620869  4.630180  0.640250  0.601995
 7.38  8.620874  4.630222  0.640280  0.600446
 7.39  8.620880  4.630222  0.640300  0.598900
 7.40  8.620886  4.630222  0.640330  0.597357
 7.41  8.620892  4.630222  0.640360  0.595816
 7.42  8.620898  4.630222  0.640390  0.594279
 7.43  8.620898  4.630222  0.640410  0.592744
 7.44  8.620904  4.630222  0.640440  0.591213
 7.45  8.620910  4.630222  0.640470  0.589684
 7.46  8.620921  4.630227  0.640490  0.588159
 7.47  8.620927  4.630227  0.640520  0.586636
 7.48  8.620933  4.630227  0.640550  0.585116
 7.49  8.620939  4.630227  0.640570  0.583599
 7.50  8.620939  4.630227  0.640600  0.582085
 7.51  8.620945  4.630227  0.640630  0.580573
 7.52  8.620951  4.630227  0.640650  0.579065
 7.53  8.620958  4.630227  0.640680  0.577559
 7.54  8.620968  4.630231  0.640700  0.576057
 7.55  8.620974  4.630231  0.640730  0.574557
 7.56  8.620980  4.630231  0.640760  0.573059
 7.57  8.620986  4.630231  0.640780  0.571565
 7.58  8.620992  4.630231  0.640810  0.570074
 7.59  8.620992  4.630231  0.640830  0.568585
 7.60  8.620999  4.630231  0.640860  0.567099
 7.61  8.621005  4.630231  0.640880  0.565616
 7.62  8.621011  4.630269  0.640910  0.564135
 7.63  8.621021  4.630273  0.640930  0.562657
 7.64  8.621027  4.630273  0.640960  0.561182
 7.65  8.621033  4.630273  0.640990  0.559710
 7.66  8.621039  4.630273  0.641010  0.558241
 7.67  8.621046  4.630273  0.641040  0.556774
 7.68  8.621052  4.630273  0.641060  0.555310
 7.69  8.621058  4.630273  0.641090  0.553848
 7.70  8.621064  4.630273  0.641110  0.552389
 7.71  8.621068  4.630278  0.641130  0.550933
 7.72  8.621074  4.630278  0.641160  0.549480
 7.73  8.621080  4.630278  0.641180  0.548029
 7.74  8.621087  4.630278  0.641210  0.546581
 7.75  8.621093  4.630278  0.641230  0.545136
 7.76  8.621099  4.630278  0.641260  0.543693
 7.77  8.621105  4.630278  0.641280  0.542253
 7.78  8.621111  4.630278  0.641310  0.540815
 7.79  8.621121  4.630282  0.641330  0.539380
 7.80  8.621128  4.630282  0.641350  0.537948
 7.81  8.621134  4.630320  0.641380  0.536518
 7.82  8.621140  4.630320  0.641400  0.535091
 7.83  8.621146  4.630320  0.641420  0.533666
 7.84  8.621152  4.630320  0.641450  0.532244
 7.85  8.621158  4.630320  0.641470  0.530825
 7.86  8.621164  4.630320  0.641500  0.529408
 7.87  8.621175  4.630324  0.641520  0.527993
 7.88  8.621181  4.630324  0.641540  0.526582
 7.89  8.621187  4.630324  0.641570  0.525172
 7.90  8.621193  4.630324  0.641590  0.523766
 7.91  8.621199  4.630324  0.641610  0.522361
 7.92  8.621205  4.630324  0.641640  0.520959
 7.93  8.621211  4.630324  0.641660  0.519560
 7.94  8.621217  4.630324  0.641680  0.518163
 7.95  8.621228  4.630329  0.641710  0.516769
 7.96  8.621228  4.630366  0.641730  0.515377
 7.97  8.621234  4.630366  0.641750  0.513988
 7.98  8.621240  4.630366  0.641770  0.512601
 7.99  8.621246  4.630366  0.641800  0.511216
 8.00  8.621252  4.630366  0.641820  0.509834
 8.01  8.621258  4.630366  0.641840  0.508455
 8.02  8.621264  4.630366  0.641860  0.507078
 8.03  8.621275  4.630371  0.641890  0.505703
 8.04  8.621281  4.630371  0.641910  0.504330
 8.05  8.621287  4.630371  0.641930  0.502961
 8.06  8.621293  4.630371  0.641950  0.501593
 8.07  8.621299  4.630371  0.641980  0.500228
 8.08  8.621305  4.630371  0.642000  0.498865
 8.09  8.621311  4.630371  0.642020  0.497505
 8.10  8.621317  4.630371  0.642040  0.496147
 8.11  8.621328  4.630413  0.642060  0.494791
 8.12  8.621334  4.630413  0.642090  0.493438
 8.13  8.621346  4.630413  0.642110  0.492087
 8.14  8.621352  4.630413  0.642130  0.490738
 8.15  8.621358  4.630413  0.642150  0.489392
 8.16  8.621364  4.630413  0.642170  0.488048
 8.17  8.621371  4.630413  0.642190  0.486706
 8.18  8.621377  4.630413  0.642220  0.485367
 8.19  8.621387  4.630417  0.642240  0.484030
 8.20  8.621393  4.630417  0.642260  0.482695
 8.21  8.621399  4.630417  0.642280  0.481362
 8.22  8.621405  4.630417  0.642300  0.480032
 8.23  8.621411  4.630417  0.642320  0.478704
 8.24  8.621418  4.630455  0.642350  0.477379
 8.25  8.621424  4.630455  0.642370  0.476055
 8.26  8.621430  4.630455  0.642390  0.474734
 8.27  8.621436  4.630455  0.642410  0.473415
 8.28  8.621446  4.630459  0.642430  0.472099
 8.29  8.621452  4.630459  0.642450  0.470784
 8.30  8.621458  4.630459  0.642470  0.469472
 8.31  8.621465  4.630459  0.642490  0.468162
 8.32  8.621471  4.630459  0.642510  0.466854
 8.33  8.621477  4.630459  0.642530  0.465549
 8.34  8.621483  4.630459  0.642560  0.464246
 8.35  8.621489  4.630459  0.642580  0.462944
 8.36  8.621499  4.630464  0.642600  0.461645
 8.37  8.621506  4.630501  0.642620  0.460349
 8.38  8.621512  4.630501  0.642640  0.459054
 8.39  8.621518  4.630501  0.642660  0.457762
 8.40  8.621524  4.630501  0.642680  0.456471
 8.41  8.621530  4.630501  0.642700  0.455183
 8.42  8.621536  4.630501  0.642720  0.453897
 8.43  8.621542  4.630501  0.642740  0.452613
 8.44  8.621553  4.630506  0.642760  0.451332
 8.45  8.621559  4.630506  0.642780  0.450052
 8.46  8.621565  4.630506  0.642800  0.448775
 8.47  8.621571  4.630506  0.642820  0.447500
 8.48  8.621577  4.630506  0.642840  0.446226
 8.49  8.621583  4.630506  0.642860  0.444955
 8.50  8.621595  4.630543  0.642880  0.443686
 8.51  8.621601  4.630543  0.642900  0.442419
 8.52  8.621612  4.630548  0.642920  0.441154
 8.53  8.621618  4.630548  0.642940  0.439892
 8.54  8.621624  4.630548  0.642960  0.438631
 8.55  8.621630  4.630548  0.642980  0.437372
 8.56  8.621636  4.630548  0.643000  0.436116
 8.57  8.621642  4.630548  0.643020  0.434861
 8.58  8.621648  4.630548  0.643040  0.433609
 8.59  8.621654  4.630548  0.643060  0.432359
 8.60  8.621665  4.630552  0.643080  0.431110
 8.61  8.621671  4.630552  0.643100  0.429864
 8.62  8.621677  4.630590  0.643120  0.428620
 8.63  8.621683  4.630590  0.643140  0.427377
 8.64  8.621689  4.630590  0.643160  0.426137
 8.65  8.621695  4.630590  0.643180  0.424899
 8.66  8.621701  4.630590  0.643200  0.423663
 8.67  8.621707  4.630590  0.643220  0.422428
 8.68  8.621713  4.630590  0.643230  0.421196
 8.69  8.621724  4.630594  0.643250  0.419966
 8.70  8.621730  4.630594  0.643270  0.418738
 8.71  8.621736  4.630594  0.643290  0.417511
 8.72  8.621742  4.630594  0.643310  0.416287
 8.73  8.621754  4.630594  0.643330  0.415065
 8.74  8.621760  4.630632  0.643350  0.413844
 8.75  8.621767  4.630632  0.643370  0.412626
 8.76  8.621773  4.630632  0.643390  0.411409
 8.77  8.621783  4.630636  0.643410  0.410195
 8.78  8.621789  4.630636  0.643430  0.408982
 8.79  8.621795  4.630636  0.643440  0.407771
 8.80  8.621801  4.630636  0.643460  0.406563
 8.81  8.621807  4.630636  0.643480  0.405356
 8.82  8.621814  4.630636  0.643500  0.404151
 8.83  8.621820  4.630636  0.643520  0.402948
 8.84  8.621826  4.630636  0.643540  0.401747
 8.85  8.621832  4.630674  0.643560  0.400547
 8.86  8.621842  4.630678  0.643580  0.399350
 8.87  8.621848  4.630678  0.643590  0.398154
 8.88  8.621854  4.630678  0.643610  0.396961
 8.89  8.621861  4.630678  0.643630  0.395769
 8.90  8.621867  4.630678  0.643650  0.394579
 8.91  8.621873  4.630678  0.643670  0.393391
 8.92  8.621879  4.630678  0.643690  0.392205
 8.93  8.621885  4.630678  0.643700  0.391021
 8.94  8.621895  4.630682  0.643720  0.389839
 8.95  8.621908  4.630682  0.643740  0.388658
 8.96  8.621914  4.630682  0.643760  0.387479
 8.97  8.621920  4.630720  0.643780  0.386302
 8.98  8.621926  4.630720  0.643800  0.385127
 8.99  8.621932  4.630720  0.643810  0.383954
 9.00  8.621938  4.630720  0.643830  0.382783
 9.01  8.621944  4.630720  0.643850  0.381613
 9.02  8.621950  4.630720  0.643870  0.380445
 9.03  8.621961  4.630724  0.643890  0.379279
 9.04  8.621967  4.630724  0.643900  0.378115
 9.05  8.621973  4.630724  0.643920  0.376953
 9.06  8.621979  4.630724  0.643940  0.375792
 9.07  8.621985  4.630724  0.643960  0.374633
 9.08  8.621991  4.630724  0.643980  0.373476
 9.09  8.621997  4.630762  0.643990  0.372321
 9.10  8.622003  4.630762  0.644010  0.371168
 9.11  8.622014  4.630766  0.644030  0.370016
 9.12  8.622020  4.630766  0.644050  0.368866
 9.13  8.622026  4.630766  0.644070  0.367718
 9.14  8.622032  4.630766  0.644080  0.366571
 9.15  8.622038  4.630766  0.644100  0.365427
 9.16  8.622044  4.630766  0.644120  0.364284
 9.17  8.622050  4.630766  0.644140  0.363142
 9.18  8.622056  4.630766  0.644150  0.362003
 9.19  8.622073  4.630771  0.644170  0.360865
 9.20  8.622079  4.630808  0.644190  0.359729
 9.21  8.622085  4.630808  0.644210  0.358595
 9.22  8.622091  4.630808  0.644220  0.357462
 9.23  8.622097  4.630808  0.644240  0.356331
 9.24  8.622103  4.630808  0.644260  0.355202
 9.25  8.622109  4.630808  0.644280  0.354075
 9.26  8.622115  4.630808  0.644290  0.352949
 9.27  8.622121  4.630808  0.644310  0.351825
 9.28  8.622132  4.630813  0.644330  0.350702
 9.29  8.622138  4.630813  0.644350  0.349582
 9.30  8.622144  4.630813  0.644360  0.348462
 9.31  8.622150  4.630850  0.644380  0.347345
 9.32  8.622156  4.630850  0.644400  0.346229
 9.33  8.622162  4.630850  0.644420  0.345115
 9.34  8.622168  4.630850  0.644430  0.344003
 9.35  8.622174  4.630850  0.644450  0.342892
 9.36  8.622181  4.630850  0.644470  0.341783
 9.37  8.622191  4.630855  0.644480  0.340676
 9.38  8.622197  4.630855  0.644500  0.339570
 9.39  8.622203  4.630855  0.644520  0.338466
 9.40  8.622209  4.630855  0.644540  0.337363
 9.41  8.622221  4.630855  0.644550  0.336262
 9.42  8.622228  4.630892  0.644570  0.335163
 9.43  8.622234  4.630892  0.644590  0.334065
 9.44  8.622240  4.630892  0.644600  0.332969
 9.45  8.622250  4.630897  0.644620  0.331875
 9.46  8.622256  4.630897  0.644640  0.330782
 9.47  8.622262  4.630897  0.644660  0.329691
 9.48  8.622268  4.630897  0.644670  0.328601
 9.49  8.622274  4.630897  0.644690  0.327513
 9.50  8.622281  4.630897  0.644710  0.326427
 9.51  8.622287  4.630897  0.644720  0.325342
 9.52  8.622293  4.630897  0.644740  0.324258
 9.53  8.622299  4.630934  0.644760  0.323177
 9.54  8.622309  4.630939  0.644770  0.322097
 9.55  8.622315  4.630939  0.644790  0.321018
 9.56  8.622321  4.630939  0.644810  0.319941
 9.57  8.622328  4.630939  0.644820  0.318866
 9.58  8.622334  4.630939  0.644840  0.317792
 9.59  8.622340  4.630939  0.644860  0.316719
 9.60  8.622346  4.630939  0.644870  0.315649
 9.61  8.622352  4.630939  0.644890  0.314579
 9.62  8.622364  4.630939  0.644910  0.313512
 9.63  8.622374  4.630943  0.644920  0.312446
 9.64  8.622381  4.630981  0.644940  0.311381
 9.65  8.622387  4.630981  0.644960  0.310318
 9.66  8.622393  4.630981  0.644970  0.309256
 9.67  8.622399  4.630981  0.644990  0.308196
 9.68  8.622405  4.630981  0.645010  0.307138
 9.69  8.622411  4.630981  0.645020  0.306081
 9.70  8.622417  4.630981  0.645040  0.305025
 9.71  8.622423  4.630981  0.645060  0.303971
 9.72  8.622434  4.630985  0.645070  0.302919
 9.73  8.622440  4.630985  0.645090  0.301868
 9.74  8.622446  4.630985  0.645100  0.300818
 9.75  8.622452  4.631023  0.645120  0.299770
 9.76  8.622458  4.631023  0.645140  0.298724
 9.77  8.622464  4.631023  0.645150  0.297679
 9.78  8.622470  4.631023  0.645170  0.296635
 9.79  8.622476  4.631023  0.645190  0.295593
 9.80  8.622487  4.631027  0.645200  0.294552
 9.81  8.622493  4.631027  0.645220  0.293513
 9.82  8.622499  4.631027  0.645230  0.292476
 9.83  8.622505  4.631027  0.645250  0.291439
 9.84  8.622511  4.631027  0.645270  0.290405
 9.85  8.622517  4.631027  0.645280  0.289371
 9.86  8.622523  4.631027  0.645300  0.288340
 9.87  8.622529  4.631065  0.645310  0.287309
 9.88  8.622535  4.631065  0.645330  0.286280
 9.89  8.622546  4.631069  0.645350  0.285253
 9.90  8.622552  4.631069  0.645360  0.284227
 9.91  8.622558  4.631069  0.645380  0.283202
 9.92  8.622564  4.631069  0.645390  0.282179
 9.93  8.622570  4.631069  0.645410  0.281157
 9.94  8.622576  4.631069  0.645420  0.280137
 9.95  8.622582  4.631069  0.645440  0.279118
 9.96  8.622588  4.631069  0.645460  0.278100
 9.97  8.622594  4.631069  0.645470  0.277084
 9.98  8.622600  4.631107  0.645490  0.276069
 9.99  8.622611  4.631111  0.645500  0.275056
10.00  8.622617  4.631111  0.645520  0.274044
10.01  8.622623  4.631111  0.645540  0.273033
10.02  8.622629  4.631111  0.645550  0.272024
10.03  8.622635  4.631111  0.645570  0.271016
10.04  8.622641  4.631111  0.645580  0.270010
10.05  8.622647  4.631111  0.645600  0.269005
10.06  8.622653  4.631111  0.645610  0.268001
10.07  8.622659  4.631111  0.645630  0.266999
10.08  8.622670  4.631116  0.645640  0.265998
10.09  8.622676  4.631153  0.645660  0.264999
10.10  8.622682  4.631153  0.645680  0.264001
10.11  8.622688  4.631153  0.645690  0.263004
10.12  8.622694  4.631153  0.645710  0.262009
10.13  8.622700  4.631153  0.645720  0.261015
10.14  8.622706  4.631153  0.645740  0.260022
10.15  8.622712  4.631153  0.645750  0.259031
10.16  8.622718  4.631153  0.645770  0.258041
10.17  8.622729  4.631158  0.645780  0.257052
10.18  8.622735  4.631158  0.645800  0.256065
10.19  8.622741  4.631158  0.645810  0.255079
10.20  8.622747  4.631158  0.645830  0.254094
10.21  8.622753  4.631195  0.645840  0.253111
10.22  8.622759  4.631195  0.645860  0.252129
10.23  8.622765  4.631195  0.645870  0.251148
10.24  8.622771  4.631195  0.645890  0.250169
10.25  8.622777  4.631195  0.645900  0.249191
10.26  8.622784  4.631195  0.645920  0.248214
10.27  8.622794  4.631200  0.645930  0.247239
10.28  8.622800  4.631200  0.645950  0.246264
10.29  8.622806  4.631200  0.645960  0.245292
10.30  8.622812  4.631200  0.645980  0.244320
10.31  8.622818  4.631200  0.646000  0.243350
10.32  8.622824  4.631237  0.646010  0.242381
10.33  8.622830  4.631237  0.646030  0.241413
10.34  8.622836  4.631237  0.646040  0.240447
10.35  8.622843  4.631237  0.646060  0.239482
10.36  8.622849  4.631237  0.646070  0.238518
10.37  8.622859  4.631242  0.646080  0.237556
10.38  8.622865  4.631242  0.646100  0.236595
10.39  8.622871  4.631242  0.646110  0.235635
10.40  8.622877  4.631242  0.646130  0.234676
10.41  8.622883  4.631242  0.646140  0.233719
10.42  8.622889  4.631242  0.646160  0.232763
10.43  8.622896  4.631242  0.646170  0.231808
10.44  8.622902  4.631279  0.646190  0.230854
10.45  8.622908  4.631279  0.646200  0.229902
10.46  8.622918  4.631284  0.646220  0.228951
10.47  8.622924  4.631284  0.646230  0.228001
10.48  8.622930  4.631284  0.646250  0.227052
10.49  8.622936  4.631284  0.646260  0.226105
10.50  8.622942  4.631284  0.646280  0.225159
10.51  8.622942  4.631284  0.646290  0.224214
10.52  8.622948  4.631284  0.646310  0.223270
10.53  8.622955  4.631284  0.646320  0.222328
10.54  8.622961  4.631284  0.646340  0.221387
10.55  8.622967  4.631284  0.646350  0.220447
10.56  8.622977  4.631326  0.646370  0.219508
10.57  8.622983  4.631326  0.646380  0.218570
10.58  8.622989  4.631326  0.646390  0.217634
10.59  8.622995  4.631326  0.646410  0.216699
10.60  8.623001  4.631326  0.646420  0.215765
10.61  8.623008  4.631326  0.646440  0.214832
10.62  8.623014  4.631326  0.646450  0.213901
10.63  8.623020  4.631326  0.646470  0.212971
10.64  8.623026  4.631326  0.646480  0.212042
10.65  8.623032  4.631326  0.646500  0.211114
10.66  8.623042  4.631330  0.646510  0.210187
10.67  8.623048  4.631330  0.646520  0.209262
10.68  8.623054  4.631368  0.646540  0.208337
10.69  8.623054  4.631368  0.646550  0.207414
10.70  8.623060  4.631368  0.646570  0.206492
10.71  8.623067  4.631368  0.646580  0.205572
10.72  8.623073  4.631368  0.646600  0.204652
10.73  8.623079  4.631368  0.646610  0.203734
10.74  8.623085  4.631368  0.646620  0.202817
10.75  8.623091  4.631368  0.646640  0.201900
10.76  8.623101  4.631372  0.646650  0.200986
10.77  8.623107  4.631372  0.646670  0.200072
10.78  8.623113  4.631372  0.646680  0.199159
10.79  8.623119  4.631372  0.646700  0.198248
10.80  8.623126  4.631409  0.646710  0.197338
10.81  8.623132  4.631409  0.646720  0.196429
10.82  8.623138  4.631409  0.646740  0.195521
10.83  8.623138  4.631409  0.646750  0.194614
10.84  8.623144  4.631409  0.646770  0.193708
10.85  8.623150  4.631409  0.646780  0.192804
10.86  8.623156  4.631409  0.646790  0.191901
10.87  8.623166  4.631414  0.646810  0.190998
10.88  8.623172  4.631414  0.646820  0.190097
10.89  8.623178  4.631414  0.646840  0.189197
10.90  8.623185  4.631414  0.646850  0.188299
10.91  8.623191  4.631414  0.646860  0.187401
10.92  8.623197  4.631414  0.646880  0.186504
10.93  8.623203  4.631451  0.646890  0.185609
10.94  8.623209  4.631451  0.646910  0.184715
10.95  8.623209  4.631451  0.646920  0.183821
10.96  8.623215  4.631451  0.646930  0.182929
10.97  8.623225  4.631456  0.646950  0.182038
10.98  8.623231  4.631456  0.646960  0.181149
10.99  8.623237  4.631456  0.646980  0.180260
11.00  8.623244  4.631456  0.646990  0.179372
11.01  8.623250  4.631456  0.647000  0.178486
11.02  8.623256  4.631456  0.647020  0.177600
11.03  8.623262  4.631456  0.647030  0.176716
11.04  8.623268  4.631456  0.647050  0.175833
11.05  8.623274  4.631493  0.647060  0.174951
11.06  8.623274  4.631493  0.647070  0.174070
11.07  8.623284  4.631498  0.647090  0.173190
11.08  8.623290  4.631498  0.647100  0.172311
11.09  8.623296  4.631498  0.647110  0.171433
11.10  8.623303  4.631498  0.647130  0.170556
11.11  8.623309  4.631498  0.647140  0.169681
11.12  8.623315  4.631498  0.647160  0.168806
11.13  8.623321  4.631498  0.647170  0.167933
11.14  8.623327  4.631498  0.647180  0.167060
11.15  8.623327  4.631498  0.647200  0.166189
11.16  8.623333  4.631498  0.647210  0.165319
11.17  8.623339  4.631498  0.647220  0.164449
11.18  8.623349  4.631540  0.647240  0.163581
11.19  8.623355  4.631540  0.647250  0.162714
11.20  8.623362  4.631540  0.647260  0.161848
11.21  8.623368  4.631540  0.647280  0.160983
11.22  8.623374  4.631540  0.647290  0.160119
11.23  8.623380  4.631540  0.647300  0.159256
11.24  8.623380  4.631540  0.647320  0.158395
11.25  8.623386  4.631540  0.647330  0.157534
11.26  8.623392  4.631540  0.647350  0.156674
11.27  8.623398  4.631540  0.647360  0.155815
11.28  8.623404  4.631540  0.647370  0.154958
11.29  8.623414  4.631544  0.647390  0.154101
11.30  8.623421  4.631544  0.647400  0.153246
11.31  8.623427  4.631582  0.647410  0.152391
11.32  8.623427  4.631582  0.647430  0.151538
11.33  8.623433  4.631582  0.647440  0.150685
11.34  8.623439  4.631582  0.647450  0.149834
11.35  8.623445  4.631582  0.647470  0.148983
11.36  8.623451  4.631582  0.647480  0.148134
11.37  8.623457  4.631582  0.647490  0.147285
11.38  8.623463  4.631582  0.647510  0.146438
11.39  8.623469  4.631582  0.647520  0.145592
11.40  8.623473  4.631586  0.647530  0.144746
11.41  8.623479  4.631586  0.647550  0.143902
11.42  8.623486  4.631586  0.647560  0.143059
11.43  8.623492  4.631586  0.647570  0.142216
11.44  8.623498  4.631624  0.647590  0.141375
11.45  8.623504  4.631624  0.647600  0.140535
11.46  8.623510  4.631624  0.647610  0.139695
11.47  8.623516  4.631624  0.647620  0.138857
11.48  8.623516  4.631624  0.647640  0.138020
11.49  8.623522  4.631624  0.647650  0.137183
11.50  8.623528  4.631624  0.647660  0.136348
11.51  8.623534  4.631624  0.647680  0.135514
11.52  8.623544  4.631628  0.647690  0.134680
11.53  8.623551  4.631628  0.647700  0.133848
11.54  8.623557  4.631628  0.647720  0.133017
11.55  8.623557  4.631628  0.647730  0.132186
11.56  8.623563  4.631628  0.647740  0.131357
11.57  8.623569  4.631628  0.647760  0.130528
11.58  8.623575  4.631666  0.647770  0.129701
11.59  8.623581  4.631666  0.647780  0.128874
11.60  8.623587  4.631666  0.647800  0.128049
11.61  8.623587  4.631666  0.647810  0.127224
11.62  8.623593  4.631666  0.647820  0.126401
11.63  8.623603  4.631670  0.647830  0.125578
11.64  8.623610  4.631670  0.647850  0.124756
11.65  8.623616  4.631670  0.647860  0.123936
11.66  8.623622  4.631670  0.647870  0.123116
11.67  8.623628  4.631670  0.647890  0.122297
11.68  8.623628  4.631670  0.647900  0.121479
11.69  8.623634  4.631670  0.647910  0.120662
11.70  8.623640  4.631670  0.647920  0.119846
11.71  8.623646  4.631708  0.647940  0.119031
11.72  8.623652  4.631708  0.647950  0.118217
11.73  8.623658  4.631708  0.647960  0.117404
11.74  8.623658  4.631708  0.647980  0.116592
11.75  8.623668  4.631712  0.647990  0.115781
11.76  8.623675  4.631712  0.648000  0.114971
11.77  8.623681  4.631712  0.648010  0.114161
11.78  8.623687  4.631712  0.648030  0.113353
11.79  8.623693  4.631712  0.648040  0.112545
11.80  8.623693  4.631712  0.648050  0.111739
11.81  8.623699  4.631712  0.648070  0.110933
11.82  8.623705  4.631712  0.648080  0.110128
11.83  8.623711  4.631712  0.648090  0.109325
11.84  8.623717  4.631712  0.648100  0.108522
11.85  8.623723  4.631749  0.648120  0.107720
11.86  8.623723  4.631749  0.648130  0.106919
11.87  8.623733  4.631754  0.648140  0.106119
11.88  8.623740  4.631754  0.648150  0.105320
11.89  8.623746  4.631754  0.648170  0.104521
11.90  8.623752  4.631754  0.648180  0.103724
11.91  8.623758  4.631754  0.648190  0.102928
11.92  8.623758  4.631754  0.648210  0.102132
11.93  8.623764  4.631754  0.648220  0.101337
11.94  8.623770  4.631754  0.648230  0.100544
11.95  8.623776  4.631754  0.648240  0.099751
11.96  8.623782  4.631754  0.648260  0.098959
11.97  8.623782  4.631754  0.648270  0.098168
11.98  8.623788  4.631754  0.648280  0.097378
11.99  8.623798  4.631796  0.648290  0.096589
12.00  8.623805  4.631796  0.648310  0.095800
12.01  8.623811  4.631796  0.648320  0.095013
12.02  8.623817  4.631796  0.648330  0.094226
12.03  8.623817  4.631796  0.648340  0.093441
12.04  8.623823  4.631796  0.648360  0.092656
12.05  8.623829  4.631796  0.648370  0.091872
12.06  8.623835  4.631796  0.648380  0.091089
12.07  8.623841  4.631796  0.648390  0.090307
12.08  8.623841  4.631796  0.648410  0.089525
12.09  8.623847  4.631796  0.648420  0.088745
12.10  8.623853  4.631796  0.648430  0.087966
12.11  8.623859  4.631796  0.648440  0.087187
12.12  8.623869  4.631800  0.648460  0.086409
12.13  8.623869  4.631838  0.648470  0.085632
12.14  8.623876  4.631838  0.648480  0.084856
12.15  8.623882  4.631838  0.648490  0.084081
12.16  8.623888  4.631838  0.648500  0.083307
12.17  8.623894  4.631838  0.648520  0.082533
12.18  8.623894  4.631838  0.648530  0.081761
12.19  8.623900  4.631838  0.648540  0.080989
12.20  8.623906  4.631838  0.648550  0.080218
12.21  8.623912  4.631838  0.648570  0.079448
12.22  8.623918  4.631838  0.648580  0.078679
12.23  8.623918  4.631838  0.648590  0.077911
12.24  8.623924  4.631838  0.648600  0.077143
12.25  8.623934  4.631842  0.648620  0.076377
12.26  8.623941  4.631842  0.648630  0.075611
12.27  8.623947  4.631880  0.648640  0.074846
12.28  8.623947  4.631880  0.648650  0.074082
12.29  8.623953  4.631880  0.648660  0.073319
12.30  8.623959  4.631880  0.648680  0.072557
12.31  8.623965  4.631880  0.648690  0.071795
12.32  8.623971  4.631880  0.648700  0.071035
12.33  8.623971  4.631880  0.648710  0.070275
12.34  8.623977  4.631880  0.648730  0.069516
12.35  8.623983  4.631880  0.648740  0.068757
12.36  8.623989  4.631880  0.648750  0.068000
12.37  8.623995  4.631880  0.648760  0.067244
12.38  8.623999  4.631884  0.648770  0.066488
12.39  8.624005  4.631884  0.648790  0.065733
12.40  8.624012  4.631884  0.648800  0.064979
12.41  8.624018  4.631884  0.648810  0.064226
12.42  8.624018  4.631922  0.648820  0.063473
12.43  8.624024  4.631922  0.648830  0.062722
12.44  8.624030  4.631922  0.648850  0.061971
12.45  8.624036  4.631922  0.648860  0.061221
12.46  8.624042  4.631922  0.648870  0.060472
12.47  8.624042  4.631922  0.648880  0.059724
12.48  8.624048  4.631922  0.648890  0.058976
12.49  8.624054  4.631922  0.648910  0.058230
12.50  8.624060  4.631922  0.648920  0.057484
12.51  8.624064  4.631926  0.648930  0.056739
12.52  8.624070  4.631926  0.648940  0.055994
12.53  8.624076  4.631926  0.648950  0.055251
12.54  8.624083  4.631926  0.648970  0.054508
12.55  8.624089  4.631926  0.648980  0.053766
12.56  8.624089  4.631926  0.648990  0.053025
12.57  8.624095  4.631963  0.649000  0.052285
12.58  8.624101  4.631963  0.649010  0.051546
12.59  8.624107  4.631963  0.649030  0.050807
12.60  8.624107  4.631963  0.649040  0.050069
12.61  8.624113  4.631963  0.649050  0.049332
12.62  8.624119  4.631963  0.649060  0.048596
12.63  8.624125  4.631963  0.649070  0.047860
12.64  8.624129  4.631968  0.649090  0.047126
12.65  8.624135  4.631968  0.649100  0.046392
12.66  8.624141  4.631968  0.649110  0.045658
12.67  8.624147  4.631968  0.649120  0.044926
12.68  8.624147  4.631968  0.649130  0.044195
12.69  8.624154  4.631968  0.649150  0.043464
12.70  8.624160  4.631968  0.649160  0.042734
12.71  8.624166  4.631968  0.649170  0.042004
12.72  8.624172  4.632005  0.649180  0.041276
12.73  8.624172  4.632005  0.649190  0.040548
12.74  8.624178  4.632005  0.649200  0.039821
12.75  8.624184  4.632005  0.649220  0.039095
12.76  8.624190  4.632005  0.649230  0.038370
12.77  8.624190  4.632005  0.649240  0.037645
12.78  8.624200  4.632010  0.649250  0.036921
12.79  8.624206  4.632010  0.649260  0.036198
12.80  8.624212  4.632010  0.649270  0.035476
12.81  8.624212  4.632010  0.649290  0.034754
12.82  8.624218  4.632010  0.649300  0.034034
12.83  8.624225  4.632010  0.649310  0.033314
12.84  8.624231  4.632010  0.649320  0.032594
12.85  8.624231  4.632010  0.649330  0.031876
12.86  8.624237  4.632010  0.649340  0.031158
12.87  8.624243  4.632047  0.649360  0.030441
12.88  8.624249  4.632047  0.649370  0.029725
12.89  8.624249  4.632047  0.649380  0.029009
12.90  8.624255  4.632047  0.649390  0.028295
12.91  8.624261  4.632047  0.649400  0.027581
12.92  8.624271  4.632052  0.649410  0.026867
12.93  8.624271  4.632052  0.649430  0.026155
12.94  8.624277  4.632052  0.649440  0.025443
12.95  8.624283  4.632052  0.649450  0.024732
12.96  8.624289  4.632052  0.649460  0.024022
12.97  8.624289  4.632052  0.649470  0.023312
12.98  8.624295  4.632052  0.649480  0.022603
12.99  8.624302  4.632052  0.649500  0.021895
13.00  8.624308  4.632052  0.649510  0.021188
13.01  8.624308  4.632052  0.649520  0.020481
13.02  8.624314  4.632052  0.649530  0.019775
13.03  8.624320  4.632089  0.649540  0.019070
13.04  8.624320  4.632089  0.649550  0.018366
13.05  8.624326  4.632089  0.649560  0.017662
13.06  8.624336  4.632094  0.649580  0.016959
13.07  8.624342  4.632094  0.649590  0.016257
13.08  8.624342  4.632094  0.649600  0.015556
13.09  8.624348  4.632094  0.649610  0.014855
13.10  8.624354  4.632094  0.649620  0.014155
13.11  8.624360  4.632094  0.649630  0.013455
13.12  8.624360  4.632094  0.649640  0.012757
13.13  8.624366  4.632094  0.649660  0.012059
13.14  8.624373  4.632094  0.649670  0.011362
13.15  8.624379  4.632094  0.649680  0.010665
13.16  8.624379  4.632094  0.649690  0.009970
13.17  8.624385  4.632094  0.649700  0.009275
13.18  8.624391  4.632094  0.649710  0.008580
13.19  8.624391  4.632131  0.649720  0.007887
13.20  8.624397  4.632131  0.649740  0.007194
13.21  8.624403  4.632131  0.649750  0.006502
13.22  8.624413  4.632136  0.649760  0.005810
13.23  8.624413  4.632136  0.649770  0.005119
13.24  8.624419  4.632136  0.649780  0.004429
13.25  8.624425  4.632136  0.649790  0.003740
13.26  8.624425  4.632136  0.649800  0.003051
13.27  8.624431  4.632136  0.649810  0.002363
13.28  8.624437  4.632136  0.649830  0.001676
13.29  8.624443  4.632136  0.649840  0.000989
13.30  8.624443  4.632136  0.649850  0.000304
13.31  8.624450  4.632136  0.649860 -1.000000
13.32  8.624456  4.632136  0.649870 -1.000000
13.33  8.624456  4.632136  0.649880 -1.000000
13.34  8.624462  4.632136  0.649890 -1.000000
13.35  8.624468  4.632173  0.649910 -1.000000
13.36  8.624474  4.632173  0.649920 -1.000000
13.37  8.624474  4.632173  0.649930 -1.000000
13.38  8.624484  4.632177  0.649940 -1.000000
13.39  8.624490  4.632177  0.649950 -1.000000
13.40  8.624490  4.632177  0.649960 -1.000000
13.41  8.624496  4.632177  0.649970 -1.000000
13.42  8.624502  4.632177  0.649980 -1.000000
13.43  8.624508  4.632177  0.649990 -1.000000
13.44  8.624508  4.632177  0.650010 -1.000000
13.45  8.624514  4.632177  0.650020 -1.000000
13.46  8.624520  4.632177  0.650030 -1.000000
13.47  8.624520  4.632177  0.650040 -1.000000
13.48  8.624526  4.632177  0.650050 -1.000000
13.49  8.624533  4.632177  0.650060 -1.000000
13.50  8.624539  4.632177  0.650070 -1.000000
13.51  8.624539  4.632177  0.650080 -1.000000
13.52  8.624545  4.632215  0.650100 -1.000000
13.53  8.624551  4.632215  0.650110 -1.000000
13.54  8.624555  4.632219  0.650120 -1.000000
13.55  8.624561  4.632219  0.650130 -1.000000
13.56  8.624567  4.632219  0.650140 -1.000000
13.57  8.624573  4.632219  0.650150 -1.000000
13.58  8.624573  4.632219  0.650160 -1.000000
13.59  8.624579  4.632219  0.650170 -1.000000
13.60  8.624585  4.632219  0.650180 -1.000000
13.61  8.624585  4.632219  0.650190 -1.000000
13.62  8.624591  4.632219  0.650210 -1.000000
13.63  8.624597  4.632219  0.650220 -1.000000
13.64  8.624603  4.632219  0.650230 -1.000000
13.65  8.624603  4.632219  0.650240 -1.000000
13.66  8.624610  4.632219  0.650250 -1.000000
13.67  8.624616  4.632219  0.650260 -1.000000
13.68  8.624616  4.632257  0.650270 -1.000000
13.69  8.624622  4.632257  0.650280 -1.000000
13.70  8.624632  4.632261  0.650290 -1.000000
13.71  8.624632  4.632261  0.650310 -1.000000
13.72  8.624638  4.632261  0.650320 -1.000000
13.73  8.624644  4.632261  0.650330 -1.000000
13.74  8.624650  4.632261  0.650340 -1.000000
13.75  8.624650  4.632261  0.650350 -1.000000
13.76  8.624656  4.632261  0.650360 -1.000000
13.77  8.624662  4.632261  0.650370 -1.000000
13.78  8.624662  4.632261  0.650380 -1.000000
13.79  8.624668  4.632261  0.650390 -1.000000
13.80  8.624674  4.632261  0.650400 -1.000000
13.81  8.624674  4.632261  0.650420 -1.000000
13.82  8.624680  4.632261  0.650430 -1.000000
13.83  8.624686  4.632261  0.650440 -1.000000
13.84  8.624693  4.632261  0.650450 -1.000000
13.85  8.624693  4.632299  0.650460 -1.000000
13.86  8.624699  4.632299  0.650470 -1.000000
13.87  8.624709  4.632303  0.650480 -1.000000
13.88  8.624709  4.632303  0.650490 -1.000000
13.89  8.624715  4.632303  0.650500 -1.000000
13.90  8.624721  4.632303  0.650510 -1.000000
13.91  8.624721  4.632303  0.650520 -1.000000
13.92  8.624727  4.632303  0.650540 -1.000000
13.93  8.624733  4.632303  0.650550 -1.000000
13.94  8.624733  4.632303  0.650560 -1.000000
13.95  8.624739  4.632303  0.650570 -1.000000
13.96  8.624745  4.632303  0.650580 -1.000000
13.97  8.624751  4.632303  0.650590 -1.000000
13.98  8.624751  4.632303  0.650600 -1.000000
13.99  8.624757  4.632303  0.650610 -1.000000
14.00  8.624763  4.632303  0.650620 -1.000000
14.01  8.624763  4.632303  0.650630 -1.000000
14.02  8.624769  4.632341  0.650640 -1.000000
14.03  8.624776  4.632341  0.650650 -1.000000
14.04  8.624780  4.632345  0.650670 -1.000000
14.05  8.624786  4.632345  0.650680 -1.000000
14.06  8.624792  4.632345  0.650690 -1.000000
14.07  8.624792  4.632345  0.650700 -1.000000
14.08  8.624798  4.632345  0.650710 -1.000000
14.09  8.624804  4.632345  0.650720 -1.000000
14.10  8.624804  4.632345  0.650730 -1.000000
14.11  8.624810  4.632345  0.650740 -1.000000
14.12  8.624816  4.632345  0.650750 -1.000000
14.13  8.624822  4.632345  0.650760 -1.000000
14.14  8.624822  4.632345  0.650770 -1.000000
14.15  8.624828  4.632345  0.650780 -1.000000
14.16  8.624834  4.632345  0.650790 -1.000000
14.17  8.624834  4.632345  0.650810 -1.000000
14.18  8.624840  4.632345  0.650820 -1.000000
14.19  8.624846  4.632382  0.650830 -1.000000
14.20  8.624846  4.632382  0.650840 -1.000000
14.21  8.624852  4.632382  0.650850 -1.000000
14.22  8.624863  4.632387  0.650860 -1.000000
14.23  8.624863  4.632387  0.650870 -1.000000
14.24  8.624869  4.632387  0.650880 -1.000000
14.25  8.624875  4.632387  0.650890 -1.000000
14.26  8.624875  4.632387  0.650900 -1.000000
14.27  8.624881  4.632387  0.650910 -1.000000
14.28  8.624887  4.632387  0.650920 -1.000000
14.29  8.624887  4.632387  0.650930 -1.000000
14.30  8.624893  4.632387  0.650940 -1.000000
14.31  8.624899  4.632387  0.650950 -1.000000
14.32  8.624905  4.632387  0.650970 -1.000000
14.33  8.624905  4.632387  0.650980 -1.000000
14.34  8.624911  4.632387  0.650990 -1.000000
14.35  8.624917  4.632387  0.651000 -1.000000
14.36  8.624917  4.632424  0.651010 -1.000000
14.37  8.624923  4.632424  0.651020 -1.000000
14.38  8.624929  4.632424  0.651030 -1.000000
14.39  8.624929  4.632424  0.651040 -1.000000
14.40  8.624935  4.632424  0.651050 -1.000000
14.41  8.624946  4.632429  0.651060 -1.000000
14.42  8.624946  4.632429  0.651070 -1.000000
14.43  8.624952  4.632429  0.651080 -1.000000
14.44  8.624958  4.632429  0.651090 -1.000000
14.45  8.624958  4.632429  0.651100 -1.000000
14.46  8.624964  4.632429  0.651110 -1.000000
14.47  8.624970  4.632429  0.651120 -1.000000
14.48  8.624970  4.632429  0.651130 -1.000000
14.49  8.624976  4.632429  0.651150 -1.000000
14.50  8.624982  4.632429  0.651160 -1.000000
14.51  8.624982  4.632429  0.651170 -1.000000
14.52  8.624988  4.632429  0.651180 -1.000000
14.53  8.624994  4.632466  0.651190 -1.000000
14.54  8.624994  4.632466  0.651200 -1.000000
14.55  8.625000  4.632466  0.651210 -1.000000
14.56  8.625006  4.632466  0.651220 -1.000000
14.57  8.625006  4.632466  0.651230 -1.000000
14.58  8.625012  4.632466  0.651240 -1.000000
14.59  8.625018  4.632466  0.651250 -1.000000
14.60  8.625018  4.632466  0.651260 -1.000000
14.61  8.625029  4.632471  0.651270 -1.000000
14.62  8.625035  4.632471  0.651280 -1.000000
14.63  8.625035  4.632471  0.651290 -1.000000
14.64  8.625041  4.632471  0.651300 -1.000000
14.65  8.625047  4.632471  0.651310 -1.000000
14.66  8.625047  4.632471  0.651320 -1.000000
14.67  8.625053  4.632471  0.651330 -1.000000
14.68  8.625059  4.632471  0.651340 -1.000000
14.69  8.625059  4.632471  0.651350 -1.000000
14.70  8.625065  4.632508  0.651370 -1.000000
14.71  8.625071  4.632508  0.651380 -1.000000
14.72  8.625071  4.632508  0.651390 -1.000000
14.73  8.625077  4.632508  0.651400 -1.000000
14.74  8.625083  4.632508  0.651410 -1.000000
14.75  8.625083  4.632508  0.651420 -1.000000
14.76  8.625089  4.632508  0.651430 -1.000000
14.77  8.625095  4.632508  0.651440 -1.000000
14.78  8.625095  4.632508  0.651450 -1.000000
14.79  8.625101  4.632508  0.651460 -1.000000
14.80  8.625107  4.632508  0.651470 -1.000000
14.81  8.625112  4.632513  0.651480 -1.000000
14.82  8.625118  4.632513  0.651490 -1.000000
14.83  8.625124  4.632513  0.651500 -1.000000
14.84  8.625124  4.632513  0.651510 -1.000000
14.85  8.625130  4.632513  0.651520 -1.000000
14.86  8.625130  4.632513  0.651530 -1.000000
14.87  8.625136  4.632513  0.651540 -1.000000
14.88  8.625142  4.632550  0.651550 -1.000000
14.89  8.625142  4.632550  0.651560 -1.000000
14.90  8.625148  4.632550  0.651570 -1.000000
14.91  8.625154  4.632550  0.651580 -1.000000
14.92  8.625154  4.632550  0.651590 -1.000000
14.93  8.625160  4.632550  0.651600 -1.000000
14.94  8.625166  4.632550  0.651610 -1.000000
14.95  8.625166  4.632550  0.651620 -1.000000
14.96  8.625172  4.632550  0.651630 -1.000000
14.97  8.625178  4.632550  0.651640 -1.000000
14.98  8.625178  4.632550  0.651650 -1.000000
14.99  8.625184  4.632550  0.651660 -1.000000
15.00  8.625190  4.632550  0.651680 -1.000000
