 t       A(O)      A(F)      fg       z
 0.01 -8.000000 -8.000000  0.005000  8.393552
 0.02 -8.000000 -8.000000  0.014765  8.290032
 0.03  6.415268  2.607837  0.024176  8.189313
 0.04  6.968765  3.262273  0.033255  8.091276
 0.05  7.276466  3.591764  0.042022  7.995809
 0.06  7.472774  3.745574  0.050493  7.902805
 0.07  7.613016  3.824313  0.058677  7.812163
 0.08  7.721248  3.871612  0.066586  7.723790
 0.09  7.809327  3.902502  0.074229  7.637596
 0.10  7.883072  3.922865  0.081614  7.553496
 0.11  7.946355  3.938660  0.088750  7.471409
 0.12  8.001732  3.957225  0.095646  7.391260
 0.13  8.050817  3.979288  0.102310  7.312977
 0.14  8.094926  4.003503  0.108740  7.236490
 0.15  8.134299  4.028225  0.114960  7.161734
 0.16  8.168953  4.052031  0.120950  7.088648
 0.17  8.200824  4.076151  0.126730  7.017173
 0.18  8.230627  4.100314  0.132310  6.947253
 0.19  8.258596  4.124289  0.137680  6.878833
 0.20  8.284856  4.147820  0.142860  6.811864
 0.21  8.309495  4.170664  0.147850  6.746296
 0.22  8.332728  4.192923  0.152660  6.682083
 0.23  8.354809  4.214661  0.157280  6.619182
 0.24  8.375988  4.235578  0.161740  6.557548
 0.25  8.396401  4.255604  0.166040  6.497143
 0.26  8.415643  4.274851  0.170180  6.437926
 0.27  8.433633  4.293341  0.174170  6.379862
 0.28  8.450513  4.311126  0.178020  6.322914
 0.29  8.466407  4.328283  0.181720  6.267049
 0.30  8.481436  4.344841  0.185290  6.212234
 0.31  8.495720  4.360886  0.188720  6.158438
 0.32  8.509253  4.376369  0.192020  6.105630
 0.33  8.522188  4.391406  0.195190  6.053783
 0.34  8.534502  4.405939  0.198240  6.002867
 0.35  8.546327  4.420086  0.201160  5.952857
 0.36  8.557615  4.433778  0.203970  5.903728
 0.37  8.568504  4.447128  0.206660  5.855454
 0.38  8.578930  4.460075  0.209240  5.808011
 0.39  8.589017  4.472721  0.211710  5.761378
 0.40  8.598748  4.485042  0.214070  5.715532
 0.41  8.608110  4.497028  0.216330  5.670453
 0.42  8.617223  4.508871  0.218490  5.626119
 0.43  8.626149  4.520577  0.220540  5.582511
 0.44  8.634904  4.531973  0.222500  5.539611
 0.45  8.643478  4.543077  0.224370  5.497400
 0.46  8.651857  4.553896  0.226140  5.455861
 0.47  8.660069  4.564436  0.227820  5.414976
 0.48  8.668110  4.574755  0.229410  5.374729
 0.49  8.675992  4.584851  0.230920  5.335105
 0.50  8.683716  4.594690  0.232350  5.296087
 0.51  8.691291  4.604326  0.233690  5.257662
 0.52  8.698729  4.613769  0.234960  5.219815
 0.53  8.706019  4.622983  0.236150  5.182532
 0.54  8.713181  4.632058  0.237260  5.145800
 0.55  8.720210  4.640925  0.238300  5.109606
 0.56  8.727109  4.649625  0.239280  5.073937
 0.57  8.733888  4.658202  0.240180  5.038782
 0.58  8.740547  4.666588  0.241020  5.004128
 0.59  8.747096  4.674799  0.241790  4.969964
 0.60  8.753528  4.682899  0.242490  4.936279
 0.61  8.759849  4.690859  0.243140  4.903062
 0.62  8.766073  4.698660  0.243720  4.870304
 0.63  8.772200  4.706332  0.244250  4.837993
 0.64  8.778189  4.713882  0.244720  4.806120
 0.65  8.784147  4.721315  0.245140  4.774677
 0.66  8.789946  4.728630  0.245500  4.743653
 0.67  8.795678  4.735835  0.245810  4.713039
 0.68  8.801349  4.742938  0.246080  4.682828
 0.69  8.806907  4.749900  0.246290  4.653010
 0.70  8.812368  4.756796  0.246460  4.623577
 0.71  8.817769  4.763566  0.246580  4.594522
 0.72  8.823070  4.770266  0.246650  4.565837
 0.73  8.828315  4.776848  0.246690  4.537514
 0.74  8.833467  4.783368  0.246680  4.509546
 0.75  8.838567  4.789775  0.246630  4.481926
 0.76  8.843575  4.796120  0.246540  4.454646
 0.77  8.848537  4.802362  0.246410  4.427702
 0.78  8.853374  4.808547  0.246250  4.401084
 0.79  8.858201  4.814629  0.246050  4.374789
 0.80  8.862947  4.820660  0.245820  4.348808
 0.81  8.867610  4.826590  0.245560  4.323137
 0.82  8.872234  4.832453  0.245260  4.297769
 0.83  8.876778  4.838242  0.244930  4.272698
 0.84  8.881248  4.843941  0.244570  4.247919
 0.85  8.885679  4.849574  0.244180  4.223428
 0.86  8.890071  4.855121  0.243760  4.199217
 0.87  8.894394  4.860606  0.243320  4.175282
 0.88  8.898643  4.865982  0.242840  4.151619
 0.89  8.902857  4.871300  0.242340  4.128222
 0.90  8.907037  4.876540  0.241820  4.105086
 0.91  8.911152  4.881704  0.241270  4.082207
 0.92  8.915198  4.886768  0.240700  4.059581
 0.93  8.919217  4.891785  0.240100  4.037202
 0.94  8.923169  4.896706  0.239480  4.015066
 0.95  8.927092  4.901559  0.238840  3.993170
 0.96  8.930955  4.906345  0.238180  3.971509
 0.97  8.934785  4.911040  0.237490  3.950078
 0.98  8.938587  4.915693  0.236790  3.928875
 0.99  8.942332  4.920243  0.236070  3.907896
 1.00  8.946021  4.924753  0.235330  3.887135
 1.01  8.949586  4.929078  0.240930  3.866591
 1.02  8.948359  4.933299  0.245890  3.846259
 1.03  8.941790  4.927240  0.250570  3.826135
 1.04  8.934919  4.921382  0.255090  3.806217
 1.05  8.928258  4.915773  0.259490  3.786501
 1.06  8.921821  4.910349  0.263790  3.766984
 1.07  8.915588  4.905115  0.268000  3.747662
 1.08  8.909536  4.900059  0.272130  3.728532
 1.09  8.903644  4.895169  0.276200  3.709592
 1.10  8.897888  4.890430  0.280190  3.690838
 1.11  8.892339  4.885826  0.284130  3.672267
 1.12  8.886904  4.881361  0.288010  3.653877
 1.13  8.881622  4.876996  0.291830  3.635664
 1.14  8.876464  4.872755  0.295600  3.617627
 1.15  8.871434  4.868620  0.299320  3.599762
 1.16  8.866537  4.864593  0.303000  3.582066
 1.17  8.861737  4.860696  0.306620  3.564538
 1.18  8.857047  4.856896  0.310200  3.547173
 1.19  8.852462  4.853186  0.313740  3.529971
 1.20  8.848025  4.849549  0.317230  3.512929
 1.21  8.843626  4.846006  0.320690  3.496044
 1.22  8.839383  4.842564  0.324100  3.479314
 1.23  8.835187  4.839178  0.327470  3.462736
 1.24  8.831111  4.835868  0.330800  3.446309
 1.25  8.827120  4.832636  0.334100  3.430030
 1.26  8.823178  4.829436  0.337360  3.413897
 1.27  8.819364  4.826316  0.340580  3.397908
 1.28  8.815608  4.823259  0.343770  3.382061
 1.29  8.811906  4.820237  0.346920  3.366354
 1.30  8.808300  4.817274  0.350040  3.350785
 1.31  8.804748  4.814344  0.353120  3.335352
 1.32  8.801300  4.811455  0.356170  3.320053
 1.33  8.797914  4.808629  0.359190  3.304886
 1.34  8.794545  4.805837  0.362180  3.289850
 1.35  8.791285  4.803089  0.365130  3.274942
 1.36  8.788088  4.800378  0.368060  3.260161
 1.37  8.784915  4.797733  0.370950  3.245505
 1.38  8.781853  4.795104  0.373810  3.230972
 1.39  8.778814  4.792513  0.376640  3.216561
 1.40  8.775851  4.789969  0.379450  3.202270
 1.41  8.772912  4.787439  0.382220  3.188098
 1.42  8.770034  4.784979  0.384970  3.174043
 1.43  8.767213  4.782534  0.387690  3.160103
 1.44  8.764441  4.780135  0.390380  3.146277
 1.45  8.761719  4.777754  0.393040  3.132563
 1.46  8.759045  4.775417  0.395680  3.118960
 1.47  8.756418  4.773127  0.398290  3.105466
 1.48  8.753835  4.770853  0.400870  3.092080
 1.49  8.751293  4.768628  0.403430  3.078802
 1.50  8.748801  4.766425  0.405960  3.065628
 1.51  8.746346  4.764240  0.408470  3.052558
 1.52  8.743934  4.762100  0.410950  3.039591
 1.53  8.741560  4.759984  0.413410  3.026725
 1.54  8.739226  4.757886  0.415850  3.013960
 1.55  8.736931  4.755840  0.418260  3.001293
 1.56  8.734677  4.753790  0.420640  2.988723
 1.57  8.732455  4.751788  0.423010  2.976250
 1.58  8.730269  4.749806  0.425350  2.963872
 1.59  8.728117  4.747873  0.427670  2.951588
 1.60  8.726003  4.745938  0.429960  2.939397
 1.61  8.723922  4.744057  0.432240  2.927298
 1.62  8.721875  4.742168  0.434490  2.915289
 1.63  8.719858  4.740331  0.436720  2.903370
 1.64  8.717872  4.738486  0.438930  2.891539
 1.65  8.715922  4.736698  0.441120  2.879796
 1.66  8.714002  4.734907  0.443290  2.868139
 1.67  8.712104  4.733165  0.445440  2.856567
 1.68  8.710244  4.731421  0.447570  2.845080
 1.69  8.708415  4.729735  0.449680  2.833676
 1.70  8.706604  4.728038  0.451770  2.822354
 1.71  8.704827  4.726370  0.453840  2.811114
 1.72  8.703077  4.724726  0.455890  2.799954
 1.73  8.701357  4.723111  0.457930  2.788874
 1.74  8.699660  4.721491  0.459940  2.777872
 1.75  8.697988  4.719927  0.461940  2.766948
 1.76  8.696341  4.718357  0.463920  2.756101
 1.77  8.694718  4.716818  0.465880  2.745330
 1.78  8.693126  4.715304  0.467820  2.734634
 1.79  8.691549  4.713786  0.469750  2.724012
 1.80  8.689998  4.712293  0.471660  2.713464
 1.81  8.688472  4.710832  0.473550  2.702988
 1.82  8.686973  4.709397  0.475430  2.692584
 1.83  8.685490  4.707959  0.477280  2.682252
 1.84  8.684028  4.706547  0.479130  2.671989
 1.85  8.682593  4.705135  0.480950  2.661796
 1.86  8.681180  4.703783  0.482760  2.651671
 1.87  8.679784  4.702427  0.484560  2.641615
 1.88  8.678410  4.701067  0.486330  2.631625
 1.89  8.677054  4.699735  0.488090  2.621703
 1.90  8.675725  4.698435  0.489840  2.611846
 1.91  8.674414  4.697132  0.491570  2.602054
 1.92  8.673121  4.695858  0.493280  2.592326
 1.93  8.671846  4.694613  0.494980  2.582662
 1.94  8.670589  4.693364  0.496660  2.573061
 1.95  8.669355  4.692149  0.498330  2.563523
 1.96  8.668139  4.690931  0.499980  2.554046
 1.97  8.666942  4.689743  0.501620  2.544630
 1.98  8.665759  4.688551  0.503250  2.535275
 1.99  8.664595  4.687389  0.504860  2.525980
 2.00  8.663444  4.686225  0.506450  2.516743
 2.01  8.662317  4.685095  0.508030  2.507566
 2.02  8.661204  4.683962  0.509600  2.498446
 2.03  8.660104  4.682860  0.511150  2.489384
 2.04  8.659025  4.681789  0.512690  2.480378
 2.05  8.657960  4.680715  0.514220  2.471429
 2.06  8.656903  4.679638  0.515730  2.462535
 2.07  8.655871  4.678597  0.517230  2.453696
 2.08  8.654849  4.677550  0.518710  2.444912
 2.09  8.653847  4.676538  0.520180  2.436182
 2.10  8.652859  4.675524  0.521640  2.427506
 2.11  8.651885  4.674541  0.523080  2.418882
 2.12  8.650922  4.673557  0.524510  2.410311
 2.13  8.649977  4.672575  0.525930  2.401792
 2.14  8.649038  4.671620  0.527330  2.393324
 2.15  8.648114  4.670664  0.528720  2.384907
 2.16  8.647210  4.669744  0.530090  2.376540
 2.17  8.646309  4.668822  0.531450  2.368223
 2.18  8.645424  4.667899  0.532800  2.359956
 2.19  8.644549  4.667008  0.534130  2.351738
 2.20  8.643680  4.666111  0.535450  2.343568
 2.21  8.642834  4.665221  0.536750  2.335446
 2.22  8.641989  4.664360  0.538040  2.327371
 2.23  8.641160  4.663497  0.539320  2.319344
 2.24  8.640340  4.662667  0.540580  2.311364
 2.25  8.639530  4.661805  0.541830  2.303429
 2.26  8.638731  4.660973  0.543070  2.295541
 2.27  8.637941  4.660178  0.544290  2.287697
 2.28  8.637161  4.659381  0.545510  2.279899
 2.29  8.636392  4.658584  0.546700  2.272145
 2.30  8.635629  4.657780  0.547890  2.264436
 2.31  8.634881  4.657015  0.549060  2.256770
 2.32  8.634137  4.656249  0.550220  2.249147
 2.33  8.633404  4.655481  0.551370  2.241567
 2.34  8.632680  4.654717  0.552510  2.234030
 2.35  8.631963  4.653982  0.553630  2.226535
 2.36  8.631250  4.653246  0.554740  2.219082
 2.37  8.630548  4.652509  0.555840  2.211670
 2.38  8.629856  4.651811  0.556920  2.204299
 2.39  8.629169  4.651107  0.558000  2.196968
 2.40  8.628493  4.650407  0.559060  2.189678
 2.41  8.627816  4.649701  0.560110  2.182428
 2.42  8.627155  4.649034  0.561150  2.175217
 2.43  8.626500  4.648331  0.562170  2.168045
 2.44  8.625844  4.647658  0.563190  2.160913
 2.45  8.625199  4.646988  0.564190  2.153819
 2.46  8.624564  4.646354  0.565180  2.146763
 2.47  8.623935  4.645718  0.566170  2.139744
 2.48  8.623311  4.645046  0.567140  2.132764
 2.49  8.622692  4.644409  0.568090  2.125820
 2.50  8.622078  4.643807  0.569040  2.118914
 2.51  8.621469  4.643168  0.569980  2.112044
 2.52  8.620866  4.642565  0.570900  2.105210
 2.53  8.620278  4.641965  0.571820  2.098412
 2.54  8.619686  4.641361  0.572730  2.091650
 2.55  8.619105  4.640755  0.573620  2.084923
 2.56  8.618523  4.640148  0.574510  2.078231
 2.57  8.617956  4.639582  0.575380  2.071573
 2.58  8.617391  4.639011  0.576250  2.064950
 2.59  8.616836  4.638443  0.577110  2.058362
 2.60  8.616288  4.637871  0.577960  2.051807
 2.61  8.615744  4.637301  0.578810  2.045285
 2.62  8.615205  4.636769  0.579640  2.038797
 2.63  8.614673  4.636231  0.580470  2.032342
 2.64  8.614152  4.635660  0.581290  2.025920
 2.65  8.613630  4.635162  0.582100  2.019530
 2.66  8.613119  4.634627  0.582900  2.013172
 2.67  8.612614  4.634091  0.583700  2.006846
 2.68  8.612115  4.633591  0.584480  2.000552
 2.69  8.611622  4.633091  0.585260  1.994289
 2.70  8.611127  4.632590  0.586030  1.988058
 2.71  8.610645  4.632089  0.586800  1.981857
 2.72  8.610173  4.631592  0.587560  1.975687
 2.73  8.609696  4.631127  0.588310  1.969547
 2.74  8.609231  4.630625  0.589050  1.963438
 2.75  8.608770  4.630163  0.589780  1.957358
 2.76  8.608317  4.629697  0.590510  1.951308
 2.77  8.607863  4.629230  0.591230  1.945288
 2.78  8.607419  4.628767  0.591950  1.939297
 2.79  8.606981  4.628304  0.592650  1.933334
 2.80  8.606545  4.627873  0.593360  1.927401
 2.81  8.606112  4.627409  0.594050  1.921496
 2.82  8.605681  4.626978  0.594740  1.915619
 2.83  8.605267  4.626550  0.595420  1.909771
 2.84  8.604852  4.626123  0.596090  1.903950
 2.85  8.604437  4.625694  0.596760  1.898157
 2.86  8.604034  4.625304  0.597420  1.892391
 2.87  8.603626  4.624870  0.598070  1.886653
 2.88  8.603228  4.624479  0.598720  1.880941
 2.89  8.602837  4.624049  0.599370  1.875256
 2.90  8.602452  4.623657  0.600000  1.869598
 2.91  8.602066  4.623264  0.600630  1.863966
 2.92  8.601690  4.622876  0.601260  1.858361
 2.93  8.601317  4.622482  0.601880  1.852781
 2.94  8.600943  4.622089  0.602490  1.847228
 2.95  8.600575  4.621733  0.603090  1.841699
 2.96  8.600213  4.621339  0.603700  1.836197
 2.97  8.599851  4.620983  0.604290  1.830719
 2.98  8.599499  4.620630  0.604880  1.825267
 2.99  8.599149  4.620235  0.605460  1.819839
 3.00  8.598798  4.619878  0.606040  1.814436
 3.01  8.598459  4.619525  0.606620  1.809057
 3.02  8.598120  4.619206  0.607180  1.803703
 3.03  8.597787  4.618852  0.607740  1.798373
 3.04  8.597454  4.618494  0.608300  1.793067
 3.05  8.597126  4.618178  0.608850  1.787784
 3.06  8.596800  4.617819  0.609400  1.782525
 3.07  8.596484  4.617503  0.609940  1.777290
 3.08  8.596164  4.617182  0.610480  1.772077
 3.09  8.595854  4.616827  0.611010  1.766888
 3.10  8.595544  4.616510  0.611540  1.761722
 3.11  8.595236  4.616189  0.612060  1.756578
 3.12  8.594932  4.615910  0.612570  1.751457
 3.13  8.594634  4.615592  0.613090  1.746358
 3.14  8.594343  4.615275  0.613590  1.741282
 3.15  8.594051  4.614957  0.614090  1.736228
 3.16  8.593755  4.614673  0.614590  1.731195
 3.17  8.593469  4.614354  0.615090  1.726185
 3.18  8.593190  4.614075  0.615570  1.721196
 3.19  8.592911  4.613795  0.616060  1.716228
 3.20  8.592631  4.613514  0.616540  1.711282
 3.21  8.592358  4.613234  0.617010  1.706357
 3.22  8.592091  4.612953  0.617480  1.701453
 3.23  8.591823  4.612673  0.617950  1.696570
 3.24  8.591556  4.612392  0.618410  1.691707
 3.25  8.591295  4.612111  0.618870  1.686866
 3.26  8.591034  4.611830  0.619320  1.682044
 3.27  8.590779  4.611587  0.619770  1.677243
 3.28  8.590530  4.611306  0.620220  1.672462
 3.29  8.590279  4.611067  0.620660  1.667701
 3.30  8.590031  4.610785  0.621100  1.662960
 3.31  8.589788  4.610542  0.621530  1.658239
 3.32  8.589546  4.610299  0.621960  1.653537
 3.33  8.589314  4.610061  0.622380  1.648855
 3.34  8.589077  4.609778  0.622810  1.644192
 3.35  8.588841  4.609535  0.623220  1.639548
 3.36  8.588611  4.609291  0.623640  1.634923
 3.37  8.588385  4.609091  0.624050  1.630318
 3.38  8.588155  4.608847  0.624460  1.625731
 3.39  8.587935  4.608607  0.624860  1.621163
 3.40  8.587718  4.608363  0.625260  1.616613
 3.41  8.587494  4.608158  0.625660  1.612082
 3.42  8.587281  4.607918  0.626050  1.607569
 3.43  8.587069  4.607713  0.626440  1.603074
 3.44  8.586862  4.607473  0.626820  1.598598
 3.45  8.586651  4.607267  0.627200  1.594139
 3.46  8.586450  4.607027  0.627580  1.589698
 3.47  8.586245  4.606821  0.627960  1.585275
 3.48  8.586045  4.606620  0.628330  1.580870
 3.49  8.585850  4.606419  0.628700  1.576482
 3.50  8.585652  4.606213  0.629060  1.572111
 3.51  8.585457  4.606011  0.629420  1.567758
 3.52  8.585265  4.605805  0.629780  1.563422
 3.53  8.585077  4.605604  0.630140  1.559103
 3.54  8.584888  4.605402  0.630490  1.554800
 3.55  8.584707  4.605200  0.630840  1.550515
 3.56  8.584521  4.604993  0.631180  1.546246
 3.57  8.584339  4.604831  0.631530  1.541994
 3.58  8.584164  4.604629  0.631870  1.537759
 3.59  8.583984  4.604462  0.632200  1.533539
 3.60  8.583808  4.604259  0.632540  1.529336
 3.61  8.583640  4.604097  0.632870  1.525150
 3.62  8.583471  4.603894  0.633200  1.520979
 3.63  8.583301  4.603731  0.633520  1.516824
 3.64  8.583128  4.603524  0.633840  1.512685
 3.65  8.582965  4.603361  0.634160  1.508562
 3.66  8.582803  4.603198  0.634480  1.504455
 3.67  8.582640  4.603035  0.634790  1.500363
 3.68  8.582484  4.602872  0.635100  1.496287
 3.69  8.582328  4.602708  0.635410  1.492226
 3.70  8.582172  4.602545  0.635720  1.488180
 3.71  8.582022  4.602382  0.636020  1.484150
 3.72  8.581865  4.602218  0.636320  1.480135
 3.73  8.581716  4.602055  0.636620  1.476134
 3.74  8.581572  4.601891  0.636910  1.472149
 3.75  8.581423  4.601727  0.637200  1.468178
 3.76  8.581279  4.601564  0.637490  1.464222
 3.77  8.581136  4.601440  0.637780  1.460281
 3.78  8.580992  4.601276  0.638060  1.456354
 3.79  8.580856  4.601112  0.638350  1.452442
 3.80  8.580712  4.600988  0.638620  1.448544
 3.81  8.580575  4.600824  0.638900  1.444661
 3.82  8.580445  4.600660  0.639180  1.440791
 3.83  8.580308  4.600536  0.639450  1.436936
 3.84  8.580177  4.600412  0.639720  1.433095
 3.85  8.580047  4.600248  0.639990  1.429267
 3.86  8.579921  4.600128  0.640250  1.425454
 3.87  8.579790  4.599963  0.640510  1.421654
 3.88  8.579666  4.599839  0.640770  1.417868
 3.89  8.579536  4.599715  0.641030  1.414096
 3.90  8.579412  4.599590  0.641290  1.410337
 3.91  8.579288  4.599426  0.641540  1.406592
 3.92  8.579175  4.599306  0.641790  1.402860
 3.93  8.579051  4.599181  0.642040  1.399141
 3.94  8.578933  4.599057  0.642290  1.395435
 3.95  8.578816  4.598932  0.642530  1.391743
 3.96  8.578705  4.598807  0.642770  1.388064
 3.97  8.578592  4.598687  0.643010  1.384397
 3.98  8.578474  4.598562  0.643250  1.380744
 3.99  8.578363  4.598438  0.643490  1.377103
 4.00  8.578252  4.598313  0.643720  1.373475
 4.01  8.578146  4.598193  0.643950  1.369860
 4.02  8.578041  4.598108  0.644180  1.366257
 4.03  8.577930  4.597983  0.644410  1.362667
 4.04  8.577830  4.597863  0.644640  1.359090
 4.05  8.577726  4.597738  0.644860  1.355524
 4.06  8.577622  4.597653  0.645080  1.351972
 4.07  8.577521  4.597532  0.645300  1.348431
 4.08  8.577424  4.597407  0.645520  1.344902
 4.09  8.577319  4.597323  0.645740  1.341386
 4.10  8.577226  4.597202  0.645950  1.337882
 4.11  8.577128  4.597117  0.646160  1.334389
 4.12  8.577034  4.596996  0.646380  1.330909
 4.13  8.576936  4.596912  0.646580  1.327440
 4.14  8.576838  4.596786  0.646790  1.323983
 4.15  8.576751  4.596706  0.647000  1.320538
 4.16  8.576660  4.596581  0.647200  1.317104
 4.17  8.576573  4.596500  0.647400  1.313682
 4.18  8.576482  4.596415  0.647600  1.310272
 4.19  8.576395  4.596294  0.647800  1.306873
 4.20  8.576304  4.596209  0.648000  1.303485
 4.21  8.576212  4.596124  0.648190  1.300109
 4.22  8.576132  4.596003  0.648380  1.296744
 4.23  8.576047  4.595918  0.648570  1.293390
 4.24  8.575967  4.595837  0.648760  1.290047
 4.25  8.575882  4.595752  0.648950  1.286715
 4.26  8.575802  4.595672  0.649140  1.283394
 4.27  8.575717  4.595546  0.649320  1.280085
 4.28  8.575643  4.595465  0.649510  1.276786
 4.29  8.575558  4.595380  0.649690  1.273498
 4.30  8.575485  4.595299  0.649870  1.270220
 4.31  8.575407  4.595214  0.650050  1.266954
 4.32  8.575333  4.595133  0.650220  1.263698
 4.33  8.575259  4.595052  0.650400  1.260452
 4.34  8.575181  4.594967  0.650570  1.257217
 4.35  8.575107  4.594886  0.650740  1.253993
 4.36  8.575036  4.594801  0.650910  1.250779
 4.37  8.574962  4.594720  0.651080  1.247575
 4.38  8.574890  4.594635  0.651250  1.244382
 4.39  8.574823  4.594594  0.651420  1.241199
 4.40  8.574756  4.594514  0.651580  1.238026
 4.41  8.574684  4.594428  0.651750  1.234863
 4.42  8.574617  4.594347  0.651910  1.231711
 4.43  8.574546  4.594262  0.652070  1.228568
 4.44  8.574485  4.594181  0.652230  1.225435
 4.45  8.574418  4.594140  0.652390  1.222312
 4.46  8.574353  4.594055  0.652540  1.219200
 4.47  8.574286  4.593974  0.652700  1.216097
 4.48  8.574221  4.593929  0.652850  1.213003
 4.49  8.574161  4.593848  0.653010  1.209920
 4.50  8.574100  4.593767  0.653160  1.206846
 4.51  8.574035  4.593722  0.653310  1.203781
 4.52  8.573981  4.593641  0.653460  1.200727
 4.53  8.573921  4.593560  0.653610  1.197682
 4.54  8.573856  4.593515  0.653750  1.194646
 4.55  8.573802  4.593434  0.653900  1.191619
 4.56  8.573748  4.593393  0.654040  1.188602
 4.57  8.573683  4.593308  0.654190  1.185595
 4.58  8.573629  4.593267  0.654330  1.182596
 4.59  8.573576  4.593186  0.654470  1.179607
 4.60  8.573517  4.593141  0.654610  1.176627
 4.61  8.573464  4.593060  0.654750  1.173656
 4.62  8.573416  4.593019  0.654880  1.170695
 4.63  8.573362  4.592938  0.655020  1.167742
 4.64  8.573304  4.592893  0.655160  1.164798
 4.65  8.573257  4.592812  0.655290  1.161863
 4.66  8.573210  4.592771  0.655420  1.158937
 4.67  8.573152  4.592726  0.655550  1.156020
 4.68  8.573104  4.592645  0.655690  1.153112
 4.69  8.573057  4.592604  0.655810  1.150212
 4.70  8.573010  4.592563  0.655940  1.147322
 4.71  8.572958  4.592478  0.656070  1.144439
 4.72  8.572911  4.592437  0.656200  1.141566
 4.73  8.572864  4.592396  0.656320  1.138701
 4.74  8.572824  4.592315  0.656450  1.135845
 4.75  8.572772  4.592270  0.656570  1.132997
 4.76  8.572732  4.592229  0.656690  1.130157
 4.77  8.572684  4.592189  0.656820  1.127326
 4.78  8.572644  4.592107  0.656940  1.124504
 4.79  8.572599  4.592062  0.657060  1.121689
 4.80  8.572552  4.592021  0.657180  1.118883
 4.81  8.572511  4.591981  0.657290  1.116086
 4.82  8.572471  4.591940  0.657410  1.113296
 4.83  8.572430  4.591899  0.657530  1.110515
 4.84  8.572385  4.591814  0.657640  1.107741
 4.85  8.572352  4.591773  0.657760  1.104976
 4.86  8.572311  4.591732  0.657870  1.102219
 4.87  8.572271  4.591691  0.657980  1.099470
 4.88  8.572230  4.591651  0.658090  1.096729
 4.89  8.572192  4.591606  0.658200  1.093995
 4.90  8.572151  4.591565  0.658310  1.091270
 4.91  8.572118  4.591524  0.658420  1.088553
 4.92  8.572084  4.591483  0.658530  1.085843
 4.93  8.572043  4.591443  0.658640  1.083141
 4.94  8.572010  4.591402  0.658740  1.080447
 4.95  8.571971  4.591357  0.658850  1.077760
 4.96  8.571938  4.591316  0.658950  1.075082
 4.97  8.571904  4.591275  0.659060  1.072410
 4.98  8.571870  4.591234  0.659160  1.069747
 4.99  8.571836  4.591194  0.659260  1.067091
 5.00  8.571802  4.591153  0.659370  1.064442
 5.01  8.571771  4.591108  0.659470  1.061801
 5.02  8.571737  4.591067  0.659570  1.059168
 5.03  8.571703  4.591026  0.659670  1.056542
 5.04  8.571676  4.590985  0.659760  1.053923
 5.05  8.571643  4.590945  0.659860  1.051311
 5.06  8.571616  4.590904  0.659960  1.048707
 5.07  8.571582  4.590863  0.660050  1.046110
 5.08  8.571555  4.590863  0.660150  1.043521
 5.09  8.571523  4.590818  0.660250  1.040938
 5.10  8.571489  4.590777  0.660340  1.038363
 5.11  8.571462  4.590736  0.660430  1.035795
 5.12  8.571435  4.590695  0.660530  1.033234
 5.13  8.571408  4.590654  0.660620  1.030680
 5.14  8.571381  4.590654  0.660710  1.028133
 5.15  8.571354  4.590614  0.660800  1.025593
 5.16  8.571327  4.590573  0.660890  1.023060
 5.17  8.571300  4.590532  0.660980  1.020534
 5.18  8.571275  4.590487  0.661070  1.018015
 5.19  8.571248  4.590487  0.661160  1.015503
 5.20  8.571221  4.590446  0.661240  1.012997
 5.21  8.571194  4.590405  0.661330  1.010499
 5.22  8.571174  4.590364  0.661420  1.008007
 5.23  8.571147  4.590364  0.661500  1.005522
 5.24  8.571126  4.590323  0.661590  1.003043
 5.25  8.571099  4.590282  0.661670  1.000572
 5.26  8.571079  4.590282  0.661750  0.998107
 5.27  8.571052  4.590242  0.661840  0.995648
 5.28  8.571032  4.590201  0.661920  0.993197
 5.29  8.571011  4.590160  0.662000  0.990751
 5.30  8.570987  4.590156  0.662080  0.988313
 5.31  8.570960  4.590115  0.662160  0.985881
 5.32  8.570939  4.590074  0.662240  0.983455
 5.33  8.570919  4.590074  0.662320  0.981036
 5.34  8.570899  4.590033  0.662400  0.978623
 5.35  8.570878  4.590033  0.662480  0.976216
 5.36  8.570858  4.589992  0.662560  0.973816
 5.37  8.570838  4.589951  0.662630  0.971422
 5.38  8.570817  4.589951  0.662710  0.969035
 5.39  8.570797  4.589910  0.662790  0.966654
 5.40  8.570783  4.589869  0.662860  0.964279
 5.41  8.570763  4.589869  0.662940  0.961910
 5.42  8.570743  4.589828  0.663010  0.959548
 5.43  8.570722  4.589828  0.663090  0.957191
 5.44  8.570709  4.589788  0.663160  0.954841
 5.45  8.570689  4.589788  0.663230  0.952497
 5.46  8.570675  4.589747  0.663300  0.950159
 5.47  8.570655  4.589706  0.663380  0.947827
 5.48  8.570634  4.589706  0.663450  0.945501
 5.49  8.570621  4.589665  0.663520  0.943181
 5.50  8.570607  4.589665  0.663590  0.940867
 5.51  8.570583  4.589619  0.663660  0.938559
 5.52  8.570569  4.589619  0.663730  0.936257
 5.53  8.570549  4.589579  0.663800  0.933961
 5.54  8.570535  4.589579  0.663870  0.931671
 5.55  8.570522  4.589538  0.663930  0.929386
 5.56  8.570508  4.589538  0.664000  0.927107
 5.57  8.570494  4.589497  0.664070  0.924835
 5.58  8.570474  4.589497  0.664140  0.922567
 5.59  8.570461  4.589456  0.664200  0.920306
 5.60  8.570447  4.589456  0.664270  0.918051
 5.61  8.570433  4.589415  0.664330  0.915801
 5.62  8.570420  4.589415  0.664400  0.913556
 5.63  8.570406  4.589374  0.664460  0.911318
 5.64  8.570393  4.589374  0.664530  0.909085
 5.65  8.570379  4.589374  0.664590  0.906857
 5.66  8.570366  4.589333  0.664650  0.904636
 5.67  8.570352  4.589333  0.664720  0.902419
 5.68  8.570345  4.589292  0.664780  0.900209
 5.69  8.570332  4.589292  0.664840  0.898003
 5.70  8.570318  4.589251  0.664900  0.895804
 5.71  8.570305  4.589251  0.664960  0.893609
 5.72  8.570298  4.589251  0.665030  0.891420
 5.73  8.570284  4.589210  0.665090  0.889237
 5.74  8.570271  4.589210  0.665150  0.887059
 5.75  8.570264  4.589169  0.665210  0.884886
 5.76  8.570250  4.589169  0.665260  0.882719
 5.77  8.570244  4.589169  0.665320  0.880557
 5.78  8.570230  4.589128  0.665380  0.878400
 5.79  8.570216  4.589128  0.665440  0.876249
 5.80  8.570210  4.589087  0.665500  0.874103
 5.81  8.570196  4.589087  0.665560  0.871962
 5.82  8.570189  4.589087  0.665610  0.869826
 5.83  8.570182  4.589046  0.665670  0.867695
 5.84  8.570169  4.589046  0.665730  0.865570
 5.85  8.570162  4.589046  0.665780  0.863450
 5.86  8.570155  4.589005  0.665840  0.861334
 5.87  8.570142  4.589005  0.665890  0.859224
 5.88  8.570135  4.589005  0.665950  0.857119
 5.89  8.570133  4.588969  0.666000  0.855020
 5.90  8.570119  4.588969  0.666060  0.852925
 5.91  8.570112  4.588969  0.666110  0.850835
 5.92  8.570105  4.588928  0.666160  0.848750
 5.93  8.570099  4.588928  0.666220  0.846670
 5.94  8.570092  4.588928  0.666270  0.844595
 5.95  8.570085  4.588887  0.666320  0.842525
 5.96  8.570071  4.588887  0.666370  0.840460
 5.97  8.570065  4.588887  0.666430  0.838400
 5.98  8.570058  4.588887  0.666480  0.836345
 5.99  8.570051  4.588846  0.666530  0.834295
 6.00  8.570044  4.588846  0.666580  0.832249
 6.01  8.570038  4.588846  0.666630  0.830208
 6.02  8.570031  4.588805  0.666680  0.828172
 6.03  8.570024  4.588805  0.666730  0.826141
 6.04  8.570017  4.588805  0.666780  0.824115
 6.05  8.570010  4.588805  0.666830  0.822093
 6.06  8.570010  4.588764  0.666880  0.820076
 6.07  8.570004  4.588764  0.666930  0.818064
 6.08  8.569997  4.588764  0.666980  0.816056
 6.09  8.569990  4.588764  0.667030  0.814053
 6.10  8.569983  4.588723  0.667070  0.812055
 6.11  8.569976  4.588723  0.667120  0.810062
 6.12  8.569976  4.588723  0.667170  0.808073
 6.13  8.569970  4.588723  0.667220  0.806088
 6.14  8.569963  4.588682  0.667260  0.804108
 6.15  8.569956  4.588682  0.667310  0.802133
 6.16  8.569960  4.588686  0.667360  0.800162
 6.17  8.569954  4.588686  0.667400  0.798196
 6.18  8.569947  4.588645  0.667450  0.796234
 6.19  8.569947  4.588645  0.667490  0.794277
 6.20  8.569940  4.588645  0.667540  0.792324
 6.21  8.569933  4.588645  0.667580  0.790376
 6.22  8.569933  4.588645  0.667630  0.788432
 6.23  8.569927  4.588604  0.667670  0.786493
 6.24  8.569920  4.588604  0.667720  0.784557
 6.25  8.569920  4.588604  0.667760  0.782627
 6.26  8.569913  4.588604  0.667800  0.780700
 6.27  8.569913  4.588604  0.667850  0.778778
 6.28  8.569906  4.588563  0.667890  0.776861
 6.29  8.569906  4.588563  0.667930  0.774947
 6.30  8.569899  4.588563  0.667980  0.773038
 6.31  8.569899  4.588563  0.668020  0.771134
 6.32  8.569893  4.588563  0.668060  0.769233
 6.33  8.569893  4.588522  0.668100  0.767337
 6.34  8.569897  4.588526  0.668140  0.765445
 6.35  8.569890  4.588526  0.668190  0.763557
 6.36  8.569890  4.588526  0.668230  0.761673
 6.37  8.569883  4.588526  0.668270  0.759794
 6.38  8.569883  4.588526  0.668310  0.757918
 6.39  8.569883  4.588485  0.668350  0.756047
 6.40  8.569877  4.588485  0.668390  0.754180
 6.41  8.569877  4.588485  0.668430  0.752317
 6.42  8.569877  4.588485  0.668470  0.750459
 6.43  8.569870  4.588485  0.668510  0.748604
 6.44  8.569870  4.588485  0.668550  0.746753
 6.45  8.569870  4.588444  0.668590  0.744907
 6.46  8.569863  4.588444  0.668630  0.743064
 6.47  8.569863  4.588444  0.668670  0.741226
 6.48  8.569863  4.588444  0.668710  0.739391
 6.49  8.569863  4.588444  0.668740  0.737560
 6.50  8.569861  4.588449  0.668780  0.735734
 6.51  8.569861  4.588408  0.668820  0.733911
 6.52  8.569861  4.588408  0.668860  0.732093
 6.53  8.569861  4.588408  0.668900  0.730278
 6.54  8.569861  4.588408  0.668930  0.728467
 6.55  8.569854  4.588408  0.668970  0.726660
 6.56  8.569854  4.588408  0.669010  0.724857
 6.57  8.569854  4.588408  0.669040  0.723058
 6.58  8.569854  4.588408  0.669080  0.721263
 6.59  8.569854  4.588367  0.669120  0.719472
 6.60  8.569854  4.588367  0.669150  0.717684
 6.61  8.569847  4.588367  0.669190  0.715900
 6.62  8.569847  4.588367  0.669230  0.714120
 6.63  8.569847  4.588367  0.669260  0.712344
 6.64  8.569851  4.588371  0.669300  0.710572
 6.65  8.569851  4.588371  0.669330  0.708803
 6.66  8.569851  4.588371  0.669370  0.707038
 6.67  8.569851  4.588371  0.669400  0.705277
 6.68  8.569851  4.588330  0.669440  0.703520
 6.69  8.569851  4.588330  0.669470  0.701766
 6.70  8.569851  4.588330  0.669510  0.700016
 6.71  8.569851  4.588330  0.669540  0.698270
 6.72  8.569851  4.588330  0.669570  0.696527
 6.73  8.569851  4.588330  0.669610  0.694788
 6.74  8.569851  4.588330  0.669640  0.693053
 6.75  8.569851  4.588330  0.669680  0.691321
 6.76  8.569851  4.588330  0.669710  0.689593
 6.77  8.569856  4.588293  0.669740  0.687868
 6.78  8.569856  4.588293  0.669770  0.686147
 6.79  8.569856  4.588293  0.669810  0.684430
 6.80  8.569856  4.588293  0.669840  0.682716
 6.81  8.569856  4.588293  0.669870  0.681006
 6.82  8.569856  4.588293  0.669910  0.679299
 6.83  8.569856  4.588293  0.669940  0.677596
 6.84  8.569856  4.588293  0.669970  0.675896
 6.85  8.569856  4.588293  0.670000  0.674200
 6.86  8.569856  4.588293  0.670030  0.672507
 6.87  8.569856  4.588293  0.670060  0.670818
 6.88  8.569863  4.588293  0.670100  0.669132
 6.89  8.569863  4.588252  0.670130  0.667450
 6.90  8.569867  4.588257  0.670160  0.665771
 6.91  8.569867  4.588257  0.670190  0.664095
 6.92  8.569867  4.588257  0.670220  0.662423
 6.93  8.569867  4.588257  0.670250  0.660755
 6.94  8.569867  4.588257  0.670280  0.659089
 6.95  8.569867  4.588257  0.670310  0.657428
 6.96  8.569874  4.588257  0.670340  0.655769
 6.97  8.569874  4.588257  0.670370  0.654114
 6.98  8.569874  4.588257  0.670400  0.652462
 6.99  8.569874  4.588257  0.670430  0.650814
 7.00  8.569874  4.588257  0.670460  0.649168
 7.01  8.569874  4.588257  0.670490  0.647526
 7.02  8.569885  4.588261  0.670520  0.645888
 7.03  8.569885  4.588220  0.670550  0.644253
 7.04  8.569885  4.588220  0.670580  0.642621
 7.05  8.569885  4.588220  0.670610  0.640992
 7.06  8.569885  4.588220  0.670640  0.639366
 7.07  8.569892  4.588220  0.670660  0.637744
 7.08  8.569892  4.588220  0.670690  0.636125
 7.09  8.569892  4.588220  0.670720  0.634509
 7.10  8.569892  4.588220  0.670750  0.632896
 7.11  8.569899  4.588220  0.670780  0.631287
 7.12  8.569899  4.588220  0.670810  0.629681
 7.13  8.569899  4.588220  0.670830  0.628077
 7.14  8.569903  4.588224  0.670860  0.626477
 7.15  8.569910  4.588224  0.670890  0.624881
 7.16  8.569910  4.588224  0.670920  0.623287
 7.17  8.569910  4.588224  0.670950  0.621696
 7.18  8.569910  4.588224  0.670970  0.620109
 7.19  8.569916  4.588224  0.671000  0.618525
 7.20  8.569916  4.588224  0.671030  0.616943
 7.21  8.569916  4.588224  0.671050  0.615365
 7.22  8.569923  4.588183  0.671080  0.613790
 7.23  8.569923  4.588183  0.671110  0.612218
 7.24  8.569923  4.588183  0.671140  0.610649
 7.25  8.569923  4.588183  0.671160  0.609083
 7.26  8.569934  4.588188  0.671190  0.607520
 7.27  8.569934  4.588188  0.671210  0.605961
 7.28  8.569934  4.588188  0.671240  0.604404
 7.29  8.569941  4.588188  0.671270  0.602850
 7.30  8.569941  4.588188  0.671290  0.601299
 7.31  8.569941  4.588188  0.671320  0.599751
 7.32  8.569948  4.588188  0.671350  0.598206
 7.33  8.569948  4.588188  0.671370  0.596664
 7.34  8.569955  4.588188  0.671400  0.595125
 7.35  8.569955  4.588188  0.671420  0.593589
 7.36  8.569955  4.588188  0.671450  0.592056
 7.37  8.569962  4.588188  0.671470  0.590526
 7.38  8.569966  4.588192  0.671500  0.588999
 7.39  8.569966  4.588192  0.671520  0.587474
 7.40  8.569973  4.588192  0.671550  0.585953
 7.41  8.569973  4.588192  0.671570  0.584434
 7.42  8.569980  4.588192  0.671600  0.582918
 7.43  8.569980  4.588192  0.671620  0.581406
 7.44  8.569980  4.588192  0.671650  0.579896
 7.45  8.569986  4.588192  0.671670  0.578388
 7.46  8.569986  4.588192  0.671700  0.576884
 7.47  8.569993  4.588192  0.671720  0.575383
 7.48  8.569993  4.588192  0.671750  0.573884
 7.49  8.569998  4.588196  0.671770  0.572388
 7.50  8.570004  4.588196  0.671800  0.570895
 7.51  8.570004  4.588196  0.671820  0.569405
 7.52  8.570011  4.588196  0.671840  0.567917
 7.53  8.570011  4.588196  0.671870  0.566432
 7.54  8.570018  4.588196  0.671890  0.564950
 7.55  8.570018  4.588196  0.671920  0.563471
 7.56  8.570025  4.588196  0.671940  0.561995
 7.57  8.570025  4.588196  0.671960  0.560521
 7.58  8.570025  4.588196  0.671990  0.559050
 7.59  8.570031  4.588196  0.672010  0.557581
 7.60  8.570031  4.588196  0.672030  0.556116
 7.61  8.570043  4.588201  0.672060  0.554653
 7.62  8.570043  4.588201  0.672080  0.553193
 7.63  8.570049  4.588201  0.672100  0.551735
 7.64  8.570049  4.588201  0.672130  0.550280
 7.65  8.570056  4.588201  0.672150  0.548828
 7.66  8.570056  4.588201  0.672170  0.547379
 7.67  8.570063  4.588160  0.672200  0.545932
 7.68  8.570063  4.588160  0.672220  0.544487
 7.69  8.570070  4.588160  0.672240  0.543046
 7.70  8.570070  4.588160  0.672260  0.541607
 7.71  8.570077  4.588160  0.672290  0.540170
 7.72  8.570081  4.588164  0.672310  0.538737
 7.73  8.570088  4.588164  0.672330  0.537305
 7.74  8.570088  4.588164  0.672350  0.535877
 7.75  8.570095  4.588164  0.672380  0.534451
 7.76  8.570095  4.588164  0.672400  0.533027
 7.77  8.570101  4.588164  0.672420  0.531606
 7.78  8.570101  4.588164  0.672440  0.530188
 7.79  8.570108  4.588164  0.672470  0.528772
 7.80  8.570108  4.588164  0.672490  0.527359
 7.81  8.570115  4.588164  0.672510  0.525948
 7.82  8.570115  4.588164  0.672530  0.524540
 7.83  8.570126  4.588168  0.672550  0.523134
 7.84  8.570126  4.588168  0.672570  0.521731
 7.85  8.570133  4.588168  0.672600  0.520331
 7.86  8.570133  4.588168  0.672620  0.518932
 7.87  8.570140  4.588168  0.672640  0.517537
 7.88  8.570140  4.588168  0.672660  0.516144
 7.89  8.570146  4.588210  0.672680  0.514753
 7.90  8.570153  4.588210  0.672700  0.513365
 7.91  8.570153  4.588210  0.672720  0.511979
 7.92  8.570160  4.588210  0.672750  0.510595
 7.93  8.570160  4.588210  0.672770  0.509214
 7.94  8.570171  4.588214  0.672790  0.507836
 7.95  8.570171  4.588214  0.672810  0.506460
 7.96  8.570178  4.588214  0.672830  0.505086
 7.97  8.570178  4.588214  0.672850  0.503715
 7.98  8.570185  4.588214  0.672870  0.502346
 7.99  8.570185  4.588214  0.672890  0.500980
 8.00  8.570191  4.588214  0.672910  0.499615
 8.01  8.570198  4.588214  0.672930  0.498254
 8.02  8.570198  4.588214  0.672950  0.496894
 8.03  8.570205  4.588214  0.672970  0.495537
 8.04  8.570205  4.588214  0.672990  0.494183
 8.05  8.570216  4.588218  0.673020  0.492831
 8.06  8.570216  4.588218  0.673040  0.491481
 8.07  8.570223  4.588218  0.673060  0.490133
 8.08  8.570230  4.588218  0.673080  0.488788
 8.09  8.570230  4.588218  0.673100  0.487445
 8.10  8.570237  4.588218  0.673120  0.486104
 8.11  8.570237  4.588218  0.673140  0.484766
 8.12  8.570243  4.588218  0.673160  0.483430
 8.13  8.570250  4.588218  0.673180  0.482096
 8.14  8.570250  4.588218  0.673200  0.480765
 8.15  8.570257  4.588218  0.673220  0.479436
 8.16  8.570261  4.588223  0.673240  0.478109
 8.17  8.570268  4.588223  0.673260  0.476784
 8.18  8.570268  4.588223  0.673280  0.475462
 8.19  8.570275  4.588223  0.673290  0.474142
 8.20  8.570282  4.588223  0.673310  0.472824
 8.21  8.570282  4.588223  0.673330  0.471508
 8.22  8.570288  4.588223  0.673350  0.470195
 8.23  8.570288  4.588223  0.673370  0.468883
 8.24  8.570295  4.588223  0.673390  0.467575
 8.25  8.570302  4.588223  0.673410  0.466268
 8.26  8.570302  4.588223  0.673430  0.464963
 8.27  8.570313  4.588227  0.673450  0.463661
 8.28  8.570313  4.588227  0.673470  0.462361
 8.29  8.570320  4.588227  0.673490  0.461063
 8.30  8.570327  4.588227  0.673510  0.459767
 8.31  8.570327  4.588227  0.673530  0.458473
 8.32  8.570334  4.588227  0.673550  0.457182
 8.33  8.570334  4.588227  0.673560  0.455893
 8.34  8.570340  4.588227  0.673580  0.454605
 8.35  8.570347  4.588227  0.673600  0.453320
 8.36  8.570347  4.588227  0.673620  0.452038
 8.37  8.570354  4.588227  0.673640  0.450757
 8.38  8.570361  4.588227  0.673660  0.449478
 8.39  8.570365  4.588231  0.673680  0.448202
 8.40  8.570372  4.588231  0.673700  0.446927
 8.41  8.570372  4.588231  0.673710  0.445655
 8.42  8.570379  4.588231  0.673730  0.444385
 8.43  8.570385  4.588231  0.673750  0.443117
 8.44  8.570385  4.588231  0.673770  0.441851
 8.45  8.570392  4.588231  0.673790  0.440587
 8.46  8.570392  4.588231  0.673810  0.439325
 8.47  8.570399  4.588231  0.673820  0.438066
 8.48  8.570406  4.588273  0.673840  0.436808
 8.49  8.570406  4.588273  0.673860  0.435552
 8.50  8.570417  4.588277  0.673880  0.434299
 8.51  8.570424  4.588277  0.673900  0.433047
 8.52  8.570424  4.588277  0.673920  0.431798
 8.53  8.570430  4.588277  0.673930  0.430550
 8.54  8.570430  4.588277  0.673950  0.429305
 8.55  8.570437  4.588277  0.673970  0.428061
 8.56  8.570444  4.588277  0.673990  0.426820
 8.57  8.570444  4.588277  0.674010  0.425581
 8.58  8.570451  4.588277  0.674020  0.424343
 8.59  8.570458  4.588277  0.674040  0.423108
 8.60  8.570458  4.588277  0.674060  0.421875
 8.61  8.570469  4.588281  0.674080  0.420643
 8.62  8.570476  4.588281  0.674090  0.419414
 8.63  8.570476  4.588281  0.674110  0.418187
 8.64  8.570482  4.588281  0.674130  0.416961
 8.65  8.570482  4.588281  0.674150  0.415738
 8.66  8.570489  4.588281  0.674160  0.414516
 8.67  8.570496  4.588281  0.674180  0.413297
 8.68  8.570496  4.588281  0.674200  0.412079
 8.69  8.570503  4.588281  0.674220  0.410863
 8.70  8.570509  4.588281  0.674230  0.409650
 8.71  8.570509  4.588281  0.674250  0.408438
 8.72  8.570521  4.588286  0.674270  0.407228
 8.73  8.570527  4.588286  0.674290  0.406020
 8.74  8.570527  4.588286  0.674300  0.404814
 8.75  8.570534  4.588286  0.674320  0.403610
 8.76  8.570534  4.588286  0.674340  0.402408
 8.77  8.570541  4.588286  0.674360  0.401208
 8.78  8.570548  4.588286  0.674370  0.400009
 8.79  8.570548  4.588286  0.674390  0.398813
 8.80  8.570555  4.588286  0.674410  0.397618
 8.81  8.570561  4.588286  0.674420  0.396425
 8.82  8.570561  4.588286  0.674440  0.395235
 8.83  8.570568  4.588327  0.674460  0.394046
 8.84  8.570579  4.588331  0.674480  0.392858
 8.85  8.570579  4.588331  0.674490  0.391673
 8.86  8.570586  4.588331  0.674510  0.390490
 8.87  8.570593  4.588331  0.674530  0.389308
 8.88  8.570593  4.588331  0.674540  0.388128
 8.89  8.570600  4.588331  0.674560  0.386951
 8.90  8.570600  4.588331  0.674580  0.385774
 8.91  8.570606  4.588331  0.674590  0.384600
 8.92  8.570613  4.588331  0.674610  0.383428
 8.93  8.570613  4.588331  0.674630  0.382257
 8.94  8.570620  4.588331  0.674640  0.381088
 8.95  8.570631  4.588335  0.674660  0.379921
 8.96  8.570631  4.588335  0.674680  0.378756
 8.97  8.570638  4.588335  0.674690  0.377593
 8.98  8.570645  4.588335  0.674710  0.376431
 8.99  8.570645  4.588335  0.674730  0.375272
 9.00  8.570651  4.588335  0.674740  0.374114
 9.01  8.570658  4.588335  0.674760  0.372957
 9.02  8.570658  4.588335  0.674780  0.371803
 9.03  8.570665  4.588335  0.674790  0.370650
 9.04  8.570672  4.588335  0.674810  0.369499
 9.05  8.570672  4.588335  0.674820  0.368350
 9.06  8.570679  4.588335  0.674840  0.367203
 9.07  8.570683  4.588340  0.674860  0.366057
 9.08  8.570690  4.588340  0.674870  0.364913
 9.09  8.570696  4.588340  0.674890  0.363771
 9.10  8.570696  4.588340  0.674910  0.362630
 9.11  8.570703  4.588340  0.674920  0.361492
 9.12  8.570710  4.588340  0.674940  0.360355
 9.13  8.570710  4.588381  0.674950  0.359219
 9.14  8.570717  4.588381  0.674970  0.358086
 9.15  8.570724  4.588381  0.674990  0.356954
 9.16  8.570724  4.588381  0.675000  0.355824
 9.17  8.570730  4.588381  0.675020  0.354696
 9.18  8.570737  4.588381  0.675030  0.353569
 9.19  8.570742  4.588385  0.675050  0.352444
 9.20  8.570748  4.588385  0.675070  0.351320
 9.21  8.570755  4.588385  0.675080  0.350199
 9.22  8.570755  4.588385  0.675100  0.349079
 9.23  8.570762  4.588385  0.675110  0.347960
 9.24  8.570769  4.588385  0.675130  0.346844
 9.25  8.570769  4.588385  0.675140  0.345729
 9.26  8.570775  4.588385  0.675160  0.344615
 9.27  8.570782  4.588385  0.675180  0.343504
 9.28  8.570782  4.588385  0.675190  0.342394
 9.29  8.570789  4.588385  0.675210  0.341285
 9.30  8.570789  4.588385  0.675220  0.340179
 9.31  8.570800  4.588390  0.675240  0.339074
 9.32  8.570807  4.588390  0.675250  0.337970
 9.33  8.570807  4.588390  0.675270  0.336868
 9.34  8.570814  4.588390  0.675290  0.335768
 9.35  8.570820  4.588390  0.675300  0.334670
 9.36  8.570820  4.588390  0.675320  0.333573
 9.37  8.570827  4.588390  0.675330  0.332477
 9.38  8.570834  4.588390  0.675350  0.331384
 9.39  8.570834  4.588390  0.675360  0.330292
 9.40  8.570841  4.588431  0.675380  0.329201
 9.41  8.570848  4.588431  0.675390  0.328112
 9.42  8.570848  4.588431  0.675410  0.327025
 9.43  8.570859  4.588435  0.675420  0.325939
 9.44  8.570865  4.588435  0.675440  0.324855
 9.45  8.570865  4.588435  0.675460  0.323772
 9.46  8.570872  4.588435  0.675470  0.322691
 9.47  8.570879  4.588435  0.675490  0.321612
 9.48  8.570879  4.588435  0.675500  0.320534
 9.49  8.570886  4.588435  0.675520  0.319458
 9.50  8.570893  4.588435  0.675530  0.318383
 9.51  8.570893  4.588435  0.675550  0.317310
 9.52  8.570899  4.588435  0.675560  0.316238
 9.53  8.570906  4.588435  0.675580  0.315168
 9.54  8.570906  4.588435  0.675590  0.314100
 9.55  8.570917  4.588439  0.675610  0.313033
 9.56  8.570924  4.588439  0.675620  0.311967
 9.57  8.570924  4.588439  0.675640  0.310903
 9.58  8.570931  4.588439  0.675650  0.309841
 9.59  8.570938  4.588439  0.675670  0.308780
 9.60  8.570938  4.588439  0.675680  0.307721
 9.61  8.570944  4.588439  0.675700  0.306663
 9.62  8.570951  4.588439  0.675710  0.305606
 9.63  8.570951  4.588439  0.675730  0.304552
 9.64  8.570958  4.588439  0.675740  0.303498
 9.65  8.570958  4.588439  0.675760  0.302447
 9.66  8.570965  4.588481  0.675770  0.301396
 9.67  8.570976  4.588485  0.675790  0.300347
 9.68  8.570976  4.588485  0.675800  0.299300
 9.69  8.570983  4.588485  0.675820  0.298254
 9.70  8.570989  4.588485  0.675830  0.297210
 9.71  8.570989  4.588485  0.675850  0.296167
 9.72  8.570996  4.588485  0.675860  0.295126
 9.73  8.571003  4.588485  0.675880  0.294086
 9.74  8.571003  4.588485  0.675890  0.293047
 9.75  8.571010  4.588485  0.675900  0.292010
 9.76  8.571016  4.588485  0.675920  0.290975
 9.77  8.571016  4.588485  0.675930  0.289940
 9.78  8.571023  4.588485  0.675950  0.288908
 9.79  8.571030  4.588485  0.675960  0.287877
 9.80  8.571034  4.588489  0.675980  0.286847
 9.81  8.571041  4.588489  0.675990  0.285819
 9.82  8.571041  4.588489  0.676010  0.284792
 9.83  8.571048  4.588489  0.676020  0.283766
 9.84  8.571055  4.588489  0.676040  0.282742
 9.85  8.571055  4.588489  0.676050  0.281720
 9.86  8.571062  4.588489  0.676060  0.280698
 9.87  8.571068  4.588489  0.676080  0.279679
 9.88  8.571068  4.588489  0.676090  0.278660
 9.89  8.571075  4.588489  0.676110  0.277643
 9.90  8.571082  4.588489  0.676120  0.276628
 9.91  8.571082  4.588530  0.676140  0.275614
 9.92  8.571093  4.588535  0.676150  0.274601
 9.93  8.571100  4.588535  0.676160  0.273590
 9.94  8.571100  4.588535  0.676180  0.272580
 9.95  8.571107  4.588535  0.676190  0.271571
 9.96  8.571107  4.588535  0.676210  0.270564
 9.97  8.571113  4.588535  0.676220  0.269559
 9.98  8.571120  4.588535  0.676240  0.268554
 9.99  8.571120  4.588535  0.676250  0.267551
10.00  8.571127  4.588535  0.676260  0.266550
10.01  8.571134  4.588535  0.676280  0.265549
10.02  8.571134  4.588535  0.676290  0.264550
10.03  8.571140  4.588535  0.676310  0.263553
10.04  8.571147  4.588535  0.676320  0.262557
10.05  8.571147  4.588535  0.676330  0.261562
10.06  8.571158  4.588539  0.676350  0.260569
10.07  8.571158  4.588539  0.676360  0.259576
10.08  8.571165  4.588539  0.676380  0.258586
10.09  8.571172  4.588539  0.676390  0.257596
10.10  8.571172  4.588539  0.676400  0.256608
10.11  8.571179  4.588539  0.676420  0.255622
10.12  8.571185  4.588539  0.676430  0.254636
10.13  8.571185  4.588539  0.676450  0.253652
10.14  8.571192  4.588539  0.676460  0.252669
10.15  8.571192  4.588539  0.676470  0.251688
10.16  8.571199  4.588539  0.676490  0.250708
10.17  8.571206  4.588580  0.676500  0.249729
10.18  8.571206  4.588580  0.676520  0.248752
10.19  8.571217  4.588585  0.676530  0.247776
10.20  8.571224  4.588585  0.676540  0.246801
10.21  8.571224  4.588585  0.676560  0.245827
10.22  8.571230  4.588585  0.676570  0.244855
10.23  8.571230  4.588585  0.676580  0.243884
10.24  8.571237  4.588585  0.676600  0.242915
10.25  8.571244  4.588585  0.676610  0.241946
10.26  8.571244  4.588585  0.676630  0.240979
10.27  8.571251  4.588585  0.676640  0.240013
10.28  8.571257  4.588585  0.676650  0.239049
10.29  8.571257  4.588585  0.676670  0.238086
10.30  8.571264  4.588585  0.676680  0.237124
10.31  8.571264  4.588585  0.676690  0.236163
10.32  8.571275  4.588589  0.676710  0.235204
10.33  8.571282  4.588589  0.676720  0.234246
10.34  8.571282  4.588589  0.676730  0.233289
10.35  8.571289  4.588589  0.676750  0.232334
10.36  8.571289  4.588589  0.676760  0.231379
10.37  8.571296  4.588589  0.676770  0.230426
10.38  8.571302  4.588589  0.676790  0.229474
10.39  8.571302  4.588589  0.676800  0.228524
10.40  8.571309  4.588589  0.676810  0.227575
10.41  8.571316  4.588589  0.676830  0.226627
10.42  8.571316  4.588589  0.676840  0.225680
10.43  8.571323  4.588589  0.676850  0.224734
10.44  8.571323  4.588630  0.676870  0.223790
10.45  8.571330  4.588630  0.676880  0.222847
10.46  8.571341  4.588634  0.676890  0.221905
10.47  8.571341  4.588634  0.676910  0.220964
10.48  8.571347  4.588634  0.676920  0.220025
10.49  8.571347  4.588634  0.676930  0.219087
10.50  8.571354  4.588634  0.676950  0.218150
10.51  8.571361  4.588634  0.676960  0.217214
10.52  8.571361  4.588634  0.676970  0.216279
10.53  8.571368  4.588634  0.676990  0.215346
10.54  8.571368  4.588634  0.677000  0.214414
10.55  8.571375  4.588634  0.677010  0.213483
10.56  8.571381  4.588634  0.677030  0.212553
10.57  8.571381  4.588634  0.677040  0.211625
10.58  8.571388  4.588634  0.677050  0.210697
10.59  8.571388  4.588634  0.677070  0.209771
10.60  8.571399  4.588639  0.677080  0.208846
10.61  8.571406  4.588639  0.677090  0.207923
10.62  8.571406  4.588639  0.677110  0.207000
10.63  8.571413  4.588639  0.677120  0.206079
10.64  8.571413  4.588639  0.677130  0.205158
10.65  8.571420  4.588639  0.677140  0.204239
10.66  8.571426  4.588639  0.677160  0.203322
10.67  8.571426  4.588639  0.677170  0.202405
10.68  8.571433  4.588639  0.677180  0.201489
10.69  8.571433  4.588639  0.677200  0.200575
10.70  8.571440  4.588639  0.677210  0.199662
10.71  8.571447  4.588680  0.677220  0.198750
10.72  8.571447  4.588680  0.677240  0.197839
10.73  8.571453  4.588680  0.677250  0.196929
10.74  8.571458  4.588684  0.677260  0.196021
10.75  8.571465  4.588684  0.677270  0.195113
10.76  8.571471  4.588684  0.677290  0.194207
10.77  8.571471  4.588684  0.677300  0.193302
10.78  8.571478  4.588684  0.677310  0.192398
10.79  8.571478  4.588684  0.677330  0.191495
10.80  8.571485  4.588684  0.677340  0.190594
10.81  8.571492  4.588684  0.677350  0.189693
10.82  8.571492  4.588684  0.677360  0.188794
10.83  8.571498  4.588684  0.677380  0.187895
10.84  8.571498  4.588684  0.677390  0.186998
10.85  8.571505  4.588684  0.677400  0.186102
10.86  8.571505  4.588684  0.677410  0.185207
10.87  8.571512  4.588684  0.677430  0.184313
10.88  8.571519  4.588684  0.677440  0.183421
10.89  8.571523  4.588688  0.677450  0.182529
10.90  8.571530  4.588688  0.677470  0.181639
10.91  8.571530  4.588688  0.677480  0.180749
10.92  8.571537  4.588688  0.677490  0.179861
10.93  8.571543  4.588688  0.677500  0.178974
10.94  8.571543  4.588688  0.677520  0.178088
10.95  8.571550  4.588688  0.677530  0.177203
10.96  8.571550  4.588688  0.677540  0.176319
10.97  8.571557  4.588688  0.677550  0.175436
10.98  8.571557  4.588688  0.677570  0.174555
10.99  8.571564  4.588730  0.677580  0.173674
11.00  8.571570  4.588730  0.677590  0.172795
11.01  8.571570  4.588730  0.677600  0.171916
11.02  8.571577  4.588730  0.677620  0.171039
11.03  8.571577  4.588730  0.677630  0.170163
11.04  8.571588  4.588734  0.677640  0.169288
11.05  8.571588  4.588734  0.677650  0.168414
11.06  8.571595  4.588734  0.677670  0.167541
11.07  8.571602  4.588734  0.677680  0.166669
11.08  8.571602  4.588734  0.677690  0.165798
11.09  8.571609  4.588734  0.677700  0.164928
11.10  8.571609  4.588734  0.677720  0.164059
11.11  8.571615  4.588734  0.677730  0.163192
11.12  8.571615  4.588734  0.677740  0.162325
11.13  8.571622  4.588734  0.677750  0.161460
11.14  8.571629  4.588734  0.677770  0.160595
11.15  8.571629  4.588734  0.677780  0.159732
11.16  8.571636  4.588734  0.677790  0.158869
11.17  8.571636  4.588734  0.677800  0.158008
11.18  8.571642  4.588734  0.677820  0.157148
11.19  8.571647  4.588738  0.677830  0.156288
11.20  8.571654  4.588738  0.677840  0.155430
11.21  8.571660  4.588738  0.677850  0.154573
11.22  8.571660  4.588738  0.677860  0.153717
11.23  8.571667  4.588738  0.677880  0.152862
11.24  8.571667  4.588738  0.677890  0.152008
11.25  8.571674  4.588738  0.677900  0.151155
11.26  8.571674  4.588738  0.677910  0.150303
11.27  8.571681  4.588779  0.677930  0.149452
11.28  8.571681  4.588779  0.677940  0.148602
11.29  8.571687  4.588779  0.677950  0.147753
11.30  8.571694  4.588779  0.677960  0.146905
11.31  8.571694  4.588779  0.677970  0.146058
11.32  8.571701  4.588779  0.677990  0.145212
11.33  8.571701  4.588779  0.678000  0.144367
11.34  8.571708  4.588779  0.678010  0.143523
11.35  8.571712  4.588784  0.678020  0.142680
11.36  8.571719  4.588784  0.678030  0.141838
11.37  8.571719  4.588784  0.678050  0.140998
11.38  8.571726  4.588784  0.678060  0.140158
11.39  8.571732  4.588784  0.678070  0.139319
11.40  8.571732  4.588784  0.678080  0.138481
11.41  8.571739  4.588784  0.678090  0.137644
11.42  8.571739  4.588784  0.678110  0.136808
11.43  8.571746  4.588784  0.678120  0.135973
11.44  8.571746  4.588784  0.678130  0.135139
11.45  8.571753  4.588784  0.678140  0.134306
11.46  8.571753  4.588784  0.678150  0.133475
11.47  8.571759  4.588784  0.678170  0.132644
11.48  8.571759  4.588784  0.678180  0.131814
11.49  8.571766  4.588784  0.678190  0.130985
11.50  8.571773  4.588784  0.678200  0.130157
11.51  8.571777  4.588788  0.678210  0.129330
11.52  8.571784  4.588788  0.678230  0.128503
11.53  8.571784  4.588788  0.678240  0.127678
11.54  8.571791  4.588788  0.678250  0.126854
11.55  8.571791  4.588788  0.678260  0.126031
11.56  8.571798  4.588788  0.678270  0.125209
11.57  8.571798  4.588829  0.678290  0.124388
11.58  8.571804  4.588829  0.678300  0.123567
11.59  8.571804  4.588829  0.678310  0.122748
11.60  8.571811  4.588829  0.678320  0.121930
11.61  8.571818  4.588829  0.678330  0.121112
11.62  8.571818  4.588829  0.678340  0.120296
11.63  8.571825  4.588829  0.678360  0.119480
11.64  8.571825  4.588829  0.678370  0.118666
11.65  8.571831  4.588829  0.678380  0.117852
11.66  8.571831  4.588829  0.678390  0.117039
11.67  8.571838  4.588829  0.678400  0.116228
11.68  8.571843  4.588833  0.678420  0.115417
11.69  8.571849  4.588833  0.678430  0.114607
11.70  8.571849  4.588833  0.678440  0.113798
11.71  8.571856  4.588833  0.678450  0.112990
11.72  8.571856  4.588833  0.678460  0.112183
11.73  8.571863  4.588833  0.678470  0.111377
11.74  8.571870  4.588833  0.678490  0.110572
11.75  8.571870  4.588833  0.678500  0.109767
11.76  8.571876  4.588833  0.678510  0.108964
11.77  8.571876  4.588833  0.678520  0.108161
11.78  8.571883  4.588833  0.678530  0.107360
11.79  8.571883  4.588833  0.678540  0.106559
11.80  8.571890  4.588833  0.678560  0.105760
11.81  8.571890  4.588833  0.678570  0.104961
11.82  8.571897  4.588833  0.678580  0.104163
11.83  8.571897  4.588833  0.678590  0.103366
11.84  8.571903  4.588833  0.678600  0.102570
11.85  8.571908  4.588838  0.678610  0.101775
11.86  8.571915  4.588838  0.678620  0.100981
11.87  8.571915  4.588838  0.678640  0.100187
11.88  8.571921  4.588879  0.678650  0.099395
11.89  8.571921  4.588879  0.678660  0.098604
11.90  8.571928  4.588879  0.678670  0.097813
11.91  8.571935  4.588879  0.678680  0.097023
11.92  8.571935  4.588879  0.678690  0.096234
11.93  8.571942  4.588879  0.678710  0.095446
11.94  8.571942  4.588879  0.678720  0.094659
11.95  8.571948  4.588879  0.678730  0.093873
11.96  8.571948  4.588879  0.678740  0.093088
11.97  8.571955  4.588879  0.678750  0.092304
11.98  8.571955  4.588879  0.678760  0.091520
11.99  8.571962  4.588879  0.678770  0.090737
12.00  8.571962  4.588879  0.678790  0.089956
12.01  8.571969  4.588879  0.678800  0.089175
12.02  8.571969  4.588879  0.678810  0.088395
12.03  8.571980  4.588883  0.678820  0.087616
12.04  8.571980  4.588883  0.678830  0.086838
12.05  8.571987  4.588883  0.678840  0.086060
12.06  8.571987  4.588883  0.678850  0.085284
12.07  8.571993  4.588883  0.678860  0.084508
12.08  8.571993  4.588883  0.678880  0.083733
12.09  8.572000  4.588883  0.678890  0.082959
12.10  8.572000  4.588883  0.678900  0.082186
12.11  8.572007  4.588883  0.678910  0.081414
12.12  8.572007  4.588883  0.678920  0.080643
12.13  8.572014  4.588883  0.678930  0.079872
12.14  8.572014  4.588883  0.678940  0.079103
12.15  8.572020  4.588883  0.678960  0.078334
12.16  8.572027  4.588883  0.678970  0.077566
12.17  8.572027  4.588883  0.678980  0.076799
12.18  8.572034  4.588883  0.678990  0.076033
12.19  8.572034  4.588883  0.679000  0.075268
12.20  8.572041  4.588924  0.679010  0.074503
12.21  8.572045  4.588929  0.679020  0.073739
12.22  8.572052  4.588929  0.679030  0.072977
12.23  8.572052  4.588929  0.679050  0.072215
12.24  8.572059  4.588929  0.679060  0.071453
12.25  8.572059  4.588929  0.679070  0.070693
12.26  8.572065  4.588929  0.679080  0.069934
12.27  8.572065  4.588929  0.679090  0.069175
12.28  8.572072  4.588929  0.679100  0.068417
12.29  8.572072  4.588929  0.679110  0.067660
12.30  8.572079  4.588929  0.679120  0.066904
12.31  8.572079  4.588929  0.679130  0.066149
12.32  8.572086  4.588929  0.679150  0.065394
12.33  8.572086  4.588929  0.679160  0.064641
12.34  8.572092  4.588929  0.679170  0.063888
12.35  8.572092  4.588929  0.679180  0.063136
12.36  8.572099  4.588929  0.679190  0.062385
12.37  8.572099  4.588929  0.679200  0.061634
12.38  8.572106  4.588929  0.679210  0.060885
12.39  8.572106  4.588929  0.679220  0.060136
12.40  8.572117  4.588933  0.679230  0.059388
12.41  8.572117  4.588933  0.679240  0.058641
12.42  8.572124  4.588933  0.679260  0.057894
12.43  8.572124  4.588933  0.679270  0.057149
12.44  8.572130  4.588933  0.679280  0.056404
12.45  8.572130  4.588933  0.679290  0.055660
12.46  8.572137  4.588933  0.679300  0.054917
12.47  8.572137  4.588933  0.679310  0.054175
12.48  8.572144  4.588933  0.679320  0.053433
12.49  8.572144  4.588933  0.679330  0.052693
12.50  8.572151  4.588933  0.679340  0.051953
12.51  8.572151  4.588933  0.679350  0.051214
12.52  8.572158  4.588933  0.679370  0.050475
12.53  8.572158  4.588974  0.679380  0.049738
12.54  8.572164  4.588974  0.679390  0.049001
12.55  8.572164  4.588974  0.679400  0.048265
12.56  8.572171  4.588974  0.679410  0.047530
12.57  8.572171  4.588974  0.679420  0.046796
12.58  8.572178  4.588974  0.679430  0.046062
12.59  8.572178  4.588974  0.679440  0.045329
12.60  8.572189  4.588978  0.679450  0.044597
12.61  8.572189  4.588978  0.679460  0.043866
12.62  8.572196  4.588978  0.679470  0.043136
12.63  8.572196  4.588978  0.679490  0.042406
12.64  8.572202  4.588978  0.679500  0.041677
12.65  8.572202  4.588978  0.679510  0.040949
12.66  8.572209  4.588978  0.679520  0.040222
12.67  8.572209  4.588978  0.679530  0.039495
12.68  8.572216  4.588978  0.679540  0.038769
12.69  8.572216  4.588978  0.679550  0.038044
12.70  8.572223  4.588978  0.679560  0.037320
12.71  8.572223  4.588978  0.679570  0.036597
12.72  8.572229  4.588978  0.679580  0.035874
12.73  8.572229  4.588978  0.679590  0.035152
12.74  8.572236  4.588978  0.679600  0.034431
12.75  8.572236  4.588978  0.679620  0.033710
12.76  8.572243  4.588978  0.679630  0.032991
12.77  8.572243  4.588978  0.679640  0.032272
12.78  8.572250  4.588978  0.679650  0.031553
12.79  8.572250  4.588978  0.679660  0.030836
12.80  8.572256  4.588978  0.679670  0.030119
12.81  8.572261  4.588983  0.679680  0.029403
12.82  8.572261  4.588983  0.679690  0.028688
12.83  8.572268  4.588983  0.679700  0.027974
12.84  8.572268  4.588983  0.679710  0.027260
12.85  8.572274  4.588983  0.679720  0.026547
12.86  8.572274  4.588983  0.679730  0.025835
12.87  8.572281  4.589024  0.679740  0.025124
12.88  8.572281  4.589024  0.679750  0.024413
12.89  8.572288  4.589024  0.679770  0.023703
12.90  8.572288  4.589024  0.679780  0.022994
12.91  8.572295  4.589024  0.679790  0.022285
12.92  8.572295  4.589024  0.679800  0.021578
12.93  8.572301  4.589024  0.679810  0.020871
12.94  8.572301  4.589024  0.679820  0.020164
12.95  8.572308  4.589024  0.679830  0.019459
12.96  8.572308  4.589024  0.679840  0.018754
12.97  8.572315  4.589024  0.679850  0.018050
12.98  8.572315  4.589024  0.679860  0.017346
12.99  8.572322  4.589024  0.679870  0.016644
13.00  8.572322  4.589024  0.679880  0.015942
13.01  8.572328  4.589024  0.679890  0.015241
13.02  8.572328  4.589024  0.679900  0.014540
13.03  8.572340  4.589028  0.679910  0.013841
13.04  8.572340  4.589028  0.679920  0.013142
13.05  8.572346  4.589028  0.679930  0.012443
13.06  8.572346  4.589028  0.679950  0.011746
13.07  8.572353  4.589028  0.679960  0.011049
13.08  8.572353  4.589028  0.679970  0.010353
13.09  8.572353  4.589028  0.679980  0.009657
13.10  8.572360  4.589028  0.679990  0.008963
13.11  8.572360  4.589028  0.680000  0.008269
13.12  8.572367  4.589028  0.680010  0.007575
13.13  8.572367  4.589028  0.680020  0.006883
13.14  8.572373  4.589028  0.680030  0.006191
13.15  8.572373  4.589028  0.680040  0.005500
13.16  8.572380  4.589028  0.680050  0.004809
13.17  8.572380  4.589028  0.680060  0.004120
13.18  8.572387  4.589028  0.680070  0.003430
13.19  8.572387  4.589028  0.680080  0.002742
13.20  8.572394  4.589028  0.680090  0.002054
13.21  8.572394  4.589028  0.680100  0.001368
13.22  8.572400  4.589069  0.680110  0.000681
13.23  8.572400  4.589069  0.680120 -1.000000
13.24  8.572407  4.589069  0.680130 -1.000000
13.25  8.572407  4.589069  0.680140 -1.000000
13.26  8.572418  4.589074  0.680150 -1.000000
13.27  8.572418  4.589074  0.680170 -1.000000
13.28  8.572418  4.589074  0.680180 -1.000000
13.29  8.572425  4.589074  0.680190 -1.000000
13.30  8.572425  4.589074  0.680200 -1.000000
13.31  8.572432  4.589074  0.680210 -1.000000
13.32  8.572432  4.589074  0.680220 -1.000000
13.33  8.572438  4.589074  0.680230 -1.000000
13.34  8.572438  4.589074  0.680240 -1.000000
13.35  8.572445  4.589074  0.680250 -1.000000
13.36  8.572445  4.589074  0.680260 -1.000000
13.37  8.572452  4.589074  0.680270 -1.000000
13.38  8.572452  4.589074  0.680280 -1.000000
13.39  8.572459  4.589074  0.680290 -1.000000
13.40  8.572459  4.589074  0.680300 -1.000000
13.41  8.572465  4.589074  0.680310 -1.000000
13.42  8.572465  4.589074  0.680320 -1.000000
13.43  8.572472  4.589074  0.680330 -1.000000
13.44  8.572472  4.589074  0.680340 -1.000000
13.45  8.572472  4.589074  0.680350 -1.000000
13.46  8.572479  4.589074  0.680360 -1.000000
13.47  8.572479  4.589074  0.680370 -1.000000
13.48  8.572486  4.589074  0.680380 -1.000000
13.49  8.572490  4.589078  0.680390 -1.000000
13.50  8.572497  4.589078  0.680400 -1.000000
13.51  8.572497  4.589078  0.680410 -1.000000
13.52  8.572504  4.589078  0.680420 -1.000000
13.53  8.572504  4.589078  0.680430 -1.000000
13.54  8.572510  4.589078  0.680440 -1.000000
13.55  8.572510  4.589078  0.680450 -1.000000
13.56  8.572517  4.589078  0.680460 -1.000000
13.57  8.572517  4.589078  0.680470 -1.000000
13.58  8.572517  4.589119  0.680480 -1.000000
13.59  8.572524  4.589119  0.680490 -1.000000
13.60  8.572524  4.589119  0.680500 -1.000000
13.61  8.572531  4.589119  0.680510 -1.000000
13.62  8.572531  4.589119  0.680530 -1.000000
13.63  8.572537  4.589119  0.680540 -1.000000
13.64  8.572537  4.589119  0.680550 -1.000000
13.65  8.572544  4.589119  0.680560 -1.000000
13.66  8.572544  4.589119  0.680570 -1.000000
13.67  8.572551  4.589119  0.680580 -1.000000
13.68  8.572551  4.589119  0.680590 -1.000000
13.69  8.572558  4.589119  0.680600 -1.000000
13.70  8.572558  4.589119  0.680610 -1.000000
13.71  8.572564  4.589119  0.680620 -1.000000
13.72  8.572564  4.589119  0.680630 -1.000000
13.73  8.572564  4.589119  0.680640 -1.000000
13.74  8.572576  4.589123  0.680650 -1.000000
13.75  8.572576  4.589123  0.680660 -1.000000
13.76  8.572582  4.589123  0.680670 -1.000000
13.77  8.572582  4.589123  0.680680 -1.000000
13.78  8.572589  4.589123  0.680690 -1.000000
13.79  8.572589  4.589123  0.680700 -1.000000
13.80  8.572596  4.589123  0.680710 -1.000000
13.81  8.572596  4.589123  0.680720 -1.000000
13.82  8.572603  4.589123  0.680730 -1.000000
13.83  8.572603  4.589123  0.680740 -1.000000
13.84  8.572603  4.589123  0.680750 -1.000000
13.85  8.572609  4.589123  0.680760 -1.000000
13.86  8.572609  4.589123  0.680770 -1.000000
13.87  8.572616  4.589123  0.680780 -1.000000
13.88  8.572616  4.589123  0.680790 -1.000000
13.89  8.572623  4.589123  0.680800 -1.000000
13.90  8.572623  4.589123  0.680810 -1.000000
13.91  8.572630  4.589123  0.680820 -1.000000
13.92  8.572630  4.589123  0.680830 -1.000000
13.93  8.572636  4.589123  0.680840 -1.000000
13.94  8.572636  4.589123  0.680850 -1.000000
13.95  8.572636  4.589164  0.680860 -1.000000
13.96  8.572643  4.589164  0.680870 -1.000000
13.97  8.572643  4.589164  0.680880 -1.000000
13.98  8.572650  4.589164  0.680890 -1.000000
13.99  8.572650  4.589164  0.680900 -1.000000
14.00  8.572657  4.589164  0.680910 -1.000000
14.01  8.572657  4.589164  0.680920 -1.000000
14.02  8.572668  4.589169  0.680930 -1.000000
14.03  8.572668  4.589169  0.680940 -1.000000
14.04  8.572674  4.589169  0.680950 -1.000000
14.05  8.572674  4.589169  0.680960 -1.000000
14.06  8.572674  4.589169  0.680970 -1.000000
14.07  8.572681  4.589169  0.680980 -1.000000
14.08  8.572681  4.589169  0.680990 -1.000000
14.09  8.572688  4.589169  0.681000 -1.000000
14.10  8.572688  4.589169  0.681010 -1.000000
14.11  8.572695  4.589169  0.681020 -1.000000
14.12  8.572695  4.589169  0.681030 -1.000000
14.13  8.572701  4.589169  0.681040 -1.000000
14.14  8.572701  4.589169  0.681050 -1.000000
14.15  8.572708  4.589169  0.681060 -1.000000
14.16  8.572708  4.589169  0.681070 -1.000000
14.17  8.572708  4.589169  0.681080 -1.000000
14.18  8.572715  4.589169  0.681090 -1.000000
14.19  8.572715  4.589169  0.681100 -1.000000
14.20  8.572722  4.589169  0.681110 -1.000000
14.21  8.572722  4.589169  0.681120 -1.000000
14.22  8.572728  4.589169  0.681130 -1.000000
14.23  8.572728  4.589169  0.681140 -1.000000
14.24  8.572735  4.589169  0.681150 -1.000000
14.25  8.572735  4.589169  0.681160 -1.000000
14.26  8.572735  4.589169  0.681160 -1.000000
14.27  8.572742  4.589169  0.681170 -1.000000
14.28  8.572742  4.589169  0.681180 -1.000000
14.29  8.572749  4.589169  0.681190 -1.000000
14.30  8.572753  4.589173  0.681200 -1.000000
14.31  8.572760  4.589173  0.681210 -1.000000
14.32  8.572760  4.589214  0.681220 -1.000000
14.33  8.572767  4.589214  0.681230 -1.000000
14.34  8.572767  4.589214  0.681240 -1.000000
14.35  8.572767  4.589214  0.681250 -1.000000
14.36  8.572773  4.589214  0.681260 -1.000000
14.37  8.572773  4.589214  0.681270 -1.000000
14.38  8.572780  4.589214  0.681280 -1.000000
14.39  8.572780  4.589214  0.681290 -1.000000
14.40  8.572787  4.589214  0.681300 -1.000000
14.41  8.572787  4.589214  0.681310 -1.000000
14.42  8.572794  4.589214  0.681320 -1.000000
14.43  8.572794  4.589214  0.681330 -1.000000
14.44  8.572794  4.589214  0.681340 -1.000000
14.45  8.572800  4.589214  0.681350 -1.000000
14.46  8.572800  4.589214  0.681360 -1.000000
14.47  8.572807  4.589214  0.681370 -1.000000
14.48  8.572807  4.589214  0.681380 -1.000000
14.49  8.572814  4.589214  0.681390 -1.000000
14.50  8.572814  4.589214  0.681400 -1.000000
14.51  8.572821  4.589214  0.681410 -1.000000
14.52  8.572821  4.589214  0.681420 -1.000000
14.53  8.572821  4.589214  0.681430 -1.000000
14.54  8.572827  4.589214  0.681440 -1.000000
14.55  8.572827  4.589214  0.681450 -1.000000
14.56  8.572834  4.589214  0.681460 -1.000000
14.57  8.572834  4.589214  0.681470 -1.000000
14.58  8.572841  4.589214  0.681480 -1.000000
14.59  8.572841  4.589214  0.681490 -1.000000
14.60  8.572841  4.589214  0.681500 -1.000000
14.61  8.572852  4.589218  0.681510 -1.000000
14.62  8.572852  4.589218  0.681510 -1.000000
14.63  8.572859  4.589218  0.681520 -1.000000
14.64  8.572859  4.589218  0.681530 -1.000000
14.65  8.572865  4.589218  0.681540 -1.000000
14.66  8.572865  4.589218  0.681550 -1.000000
14.67  8.572865  4.589218  0.681560 -1.000000
14.68  8.572872  4.589218  0.681570 -1.000000
14.69  8.572872  4.589218  0.681580 -1.000000
14.70  8.572879  4.589259  0.681590 -1.000000
14.71  8.572879  4.589259  0.681600 -1.000000
14.72  8.572886  4.589259  0.681610 -1.000000
14.73  8.572886  4.589259  0.681620 -1.000000
14.74  8.572892  4.589259  0.681630 -1.000000
14.75  8.572892  4.589259  0.681640 -1.000000
14.76  8.572892  4.589259  0.681650 -1.000000
14.77  8.572899  4.589259  0.681660 -1.000000
14.78  8.572899  4.589259  0.681670 -1.000000
14.79  8.572906  4.589259  0.681680 -1.000000
14.80  8.572906  4.589259  0.681690 -1.000000
14.81  8.572913  4.589259  0.681700 -1.000000
14.82  8.572913  4.589259  0.681710 -1.000000
14.83  8.572913  4.589259  0.681720 -1.000000
14.84  8.572919  4.589259  0.681730 -1.000000
14.85  8.572919  4.589259  0.681730 -1.000000
14.86  8.572926  4.589259  0.681740 -1.000000
14.87  8.572926  4.589259  0.681750 -1.000000
14.88  8.572933  4.589259  0.681760 -1.000000
14.89  8.572933  4.589259  0.681770 -1.000000
14.90  8.572933  4.589259  0.681780 -1.000000
14.91  8.572940  4.589259  0.681790 -1.000000
14.92  8.572940  4.589259  0.681800 -1.000000
14.93  8.572946  4.589259  0.681810 -1.000000
14.94  8.572946  4.589259  0.681820 -1.000000
14.95  8.572953  4.589259  0.681830 -1.000000
14.96  8.572953  4.589259  0.681840 -1.000000
14.97  8.572953  4.589259  0.681850 -1.000000
14.98  8.572964  4.589264  0.681860 -1.000000
14.99  8.572964  4.589264  0.681870 -1.000000
15.00  8.572971  4.589264  0.681880 -1.000000
