 t       A(O)      A(F)      fg       z
 0.01 -8.000000 -8.000000  0.005000  7.906889
 0.02 -8.000000 -8.000000  0.014789  7.816144
 0.03  6.550666  2.453377  0.024274  7.727672
 0.04  7.086789  2.935790  0.033479  7.641383
 0.05  7.388150  3.223319  0.042424  7.557192
 0.06  7.582266  3.420689  0.051121  7.475017
 0.07  7.721712  3.566010  0.059578  7.394784
 0.08  7.830269  3.679755  0.067802  7.316418
 0.09  7.918496  3.772363  0.075802  7.239853
 0.10  7.991441  3.848870  0.083585  7.165022
 0.11  8.053568  3.915862  0.091158  7.091863
 0.12  8.107699  3.975354  0.098525  7.020318
 0.13  8.153320  4.026865  0.105690  6.950329
 0.14  8.193658  4.073113  0.112650  6.881844
 0.15  8.230606  4.115519  0.119410  6.814811
 0.16  8.264774  4.154681  0.125980  6.749182
 0.17  8.296352  4.190822  0.132370  6.684910
 0.18  8.325645  4.224249  0.138570  6.621951
 0.19  8.353302  4.255076  0.144590  6.560262
 0.20  8.379885  4.282315  0.150460  6.499803
 0.21  8.404794  4.306648  0.156170  6.440534
 0.22  8.427969  4.329209  0.161720  6.382419
 0.23  8.449525  4.350158  0.167120  6.325423
 0.24  8.469783  4.369874  0.172380  6.269510
 0.25  8.488793  4.388409  0.177490  6.214649
 0.26  8.506742  4.405947  0.182460  6.160808
 0.27  8.523782  4.422629  0.187290  6.107958
 0.28  8.539978  4.438508  0.191990  6.056068
 0.29  8.555443  4.453694  0.196560  6.005111
 0.30  8.570209  4.468219  0.200990  5.955062
 0.31  8.584350  4.482150  0.205300  5.905894
 0.32  8.597937  4.495586  0.209490  5.857582
 0.33  8.611207  4.509310  0.213550  5.810103
 0.34  8.624174  4.523111  0.217480  5.763435
 0.35  8.636769  4.536507  0.221300  5.717554
 0.36  8.649017  4.549527  0.225000  5.672441
 0.37  8.660954  4.562191  0.228590  5.628074
 0.38  8.672599  4.574554  0.232060  5.584435
 0.39  8.683959  4.586572  0.235420  5.541504
 0.40  8.695051  4.598260  0.238680  5.499262
 0.41  8.705883  4.609713  0.241830  5.457693
 0.42  8.716472  4.620866  0.244870  5.416780
 0.43  8.726820  4.631805  0.247820  5.376505
 0.44  8.736948  4.642469  0.250660  5.336853
 0.45  8.746850  4.652903  0.253410  5.297809
 0.46  8.756551  4.663126  0.256060  5.259358
 0.47  8.766050  4.673138  0.258620  5.221486
 0.48  8.775359  4.682949  0.261090  5.184178
 0.49  8.784490  4.692575  0.263470  5.147422
 0.50  8.793414  4.701982  0.265760  5.111204
 0.51  8.802183  4.711217  0.267960  5.075512
 0.52  8.810803  4.720286  0.270080  5.040334
 0.53  8.819241  4.729225  0.272120  5.005658
 0.54  8.827537  4.738034  0.274080  4.971472
 0.55  8.835706  4.746640  0.275960  4.937766
 0.56  8.843706  4.755126  0.277770  4.904529
 0.57  8.851584  4.763475  0.279500  4.871750
 0.58  8.859343  4.771661  0.281150  4.839420
 0.59  8.866953  4.779720  0.282730  4.807528
 0.60  8.874449  4.787623  0.284250  4.776066
 0.61  8.881844  4.795412  0.285690  4.745023
 0.62  8.889098  4.803081  0.287060  4.714392
 0.63  8.896258  4.810644  0.288370  4.684162
 0.64  8.903285  4.818069  0.289620  4.654327
 0.65  8.910220  4.825390  0.290800  4.624878
 0.66  8.917066  4.832587  0.291920  4.595806
 0.67  8.923794  4.839711  0.292980  4.567104
 0.68  8.930438  4.846717  0.293980  4.538765
 0.69  8.937002  4.853608  0.294930  4.510782
 0.70  8.943457  4.860435  0.295810  4.483146
 0.71  8.949801  4.867148  0.296650  4.455852
 0.72  8.956106  4.873783  0.297420  4.428892
 0.73  8.962306  4.880333  0.298150  4.402261
 0.74  8.968412  4.886809  0.298830  4.375951
 0.75  8.974503  4.893182  0.299450  4.349956
 0.76  8.980505  4.899551  0.300030  4.324271
 0.77  8.986437  4.905820  0.300560  4.298890
 0.78  8.992284  4.912022  0.301050  4.273806
 0.79  8.998066  4.918172  0.301490  4.249015
 0.80  9.003789  4.924213  0.301880  4.224510
 0.81  9.009432  4.930213  0.302240  4.200287
 0.82  9.015015  4.936105  0.302550  4.176341
 0.83  9.020518  4.941955  0.302820  4.152665
 0.84  9.025968  4.947726  0.303060  4.129257
 0.85  9.031366  4.953418  0.303250  4.106109
 0.86  9.036689  4.959053  0.303410  4.083219
 0.87  9.041964  4.964615  0.303520  4.060581
 0.88  9.047161  4.970117  0.303600  4.038191
 0.89  9.052341  4.975554  0.303650  4.016045
 0.90  9.057428  4.980921  0.303660  3.994138
 0.91  9.062490  4.986234  0.303630  3.972467
 0.92  9.067489  4.991486  0.303580  3.951026
 0.93  9.072419  4.996686  0.303490  3.929813
 0.94  9.077331  5.001822  0.303360  3.908824
 0.95  9.082184  5.006901  0.303210  3.888054
 0.96  9.086972  5.011932  0.303030  3.867500
 0.97  9.091743  5.016904  0.302810  3.847158
 0.98  9.096455  5.021817  0.302570  3.827026
 0.99  9.101108  5.026690  0.302300  3.807098
 1.00  9.105748  5.031508  0.302000  3.787373
 1.01  9.110230  5.036192  0.308380  3.767847
 1.02  9.108891  5.041329  0.313530  3.748517
 1.03  9.103161  5.036794  0.318320  3.729378
 1.04  9.097419  5.031660  0.322900  3.710430
 1.05  9.091845  5.026713  0.327350  3.691668
 1.06  9.086422  5.021911  0.331670  3.673089
 1.07  9.081143  5.017265  0.335900  3.654691
 1.08  9.076013  5.012749  0.340040  3.636470
 1.09  9.071012  5.008364  0.344110  3.618425
 1.10  9.066122  5.004114  0.348110  3.600552
 1.11  9.061341  4.999946  0.352040  3.582849
 1.12  9.056681  4.995889  0.355910  3.565313
 1.13  9.052141  4.991941  0.359730  3.547942
 1.14  9.047696  4.988063  0.363490  3.530733
 1.15  9.043358  4.984303  0.367210  3.513683
 1.16  9.039094  4.980636  0.370870  3.496791
 1.17  9.034931  4.977063  0.374480  3.480054
 1.18  9.030883  4.973560  0.378050  3.463470
 1.19  9.026886  4.970132  0.381570  3.447036
 1.20  9.022976  4.966789  0.385050  3.430751
 1.21  9.019178  4.963511  0.388490  3.414611
 1.22  9.015415  4.960298  0.391880  3.398616
 1.23  9.011740  4.957133  0.395240  3.382763
 1.24  9.008156  4.954036  0.398560  3.367050
 1.25  9.004638  4.951007  0.401840  3.351474
 1.26  9.001160  4.948009  0.405080  3.336035
 1.27  8.997778  4.945063  0.408290  3.320730
 1.28  8.994461  4.942164  0.411460  3.305558
 1.29  8.991183  4.939314  0.414590  3.290515
 1.30  8.987978  4.936498  0.417690  3.275602
 1.31  8.984846  4.933716  0.420760  3.260815
 1.32  8.981757  4.930984  0.423790  3.246154
 1.33  8.978716  4.928289  0.426790  3.231616
 1.34  8.975748  4.925645  0.429760  3.217199
 1.35  8.972825  4.923013  0.432690  3.202903
 1.36  8.969948  4.920434  0.435600  3.188726
 1.37  8.967122  4.917893  0.438470  3.174665
 1.38  8.964374  4.915386  0.441310  3.160720
 1.39  8.961645  4.912893  0.444130  3.146889
 1.40  8.958966  4.910456  0.446910  3.133170
 1.41  8.956337  4.908053  0.449670  3.119562
 1.42  8.953729  4.905666  0.452390  3.106064
 1.43  8.951203  4.903336  0.455090  3.092673
 1.44  8.948699  4.901022  0.457760  3.079390
 1.45  8.946219  4.898745  0.460400  3.066211
 1.46  8.943797  4.896489  0.463020  3.053137
 1.47  8.941425  4.894287  0.465610  3.040165
 1.48  8.939073  4.892077  0.468170  3.027295
 1.49  8.936781  4.889932  0.470710  3.014525
 1.50  8.934515  4.887805  0.473220  3.001854
 1.51  8.932271  4.885691  0.475710  2.989280
 1.52  8.930084  4.883617  0.478170  2.976803
 1.53  8.927924  4.881584  0.480610  2.964420
 1.54  8.925791  4.879570  0.483030  2.952132
 1.55  8.923681  4.877570  0.485420  2.939937
 1.56  8.921631  4.875612  0.487780  2.927834
 1.57  8.919610  4.873674  0.490130  2.915821
 1.58  8.917617  4.871756  0.492450  2.903898
 1.59  8.915650  4.869876  0.494750  2.892063
 1.60  8.913707  4.868012  0.497020  2.880316
 1.61  8.911799  4.866174  0.499280  2.868655
 1.62  8.909916  4.864352  0.501510  2.857080
 1.63  8.908064  4.862574  0.503720  2.845589
 1.64  8.906238  4.860813  0.505920  2.834181
 1.65  8.904444  4.859051  0.508090  2.822856
 1.66  8.902643  4.857329  0.510240  2.811612
 1.67  8.900907  4.855653  0.512370  2.800449
 1.68  8.899199  4.853972  0.514480  2.789365
 1.69  8.897490  4.852313  0.516570  2.778360
 1.70  8.895813  4.850677  0.518640  2.767432
 1.71  8.894199  4.849059  0.520700  2.756582
 1.72  8.892546  4.847484  0.522730  2.745807
 1.73  8.890959  4.845909  0.524750  2.735108
 1.74  8.889373  4.844357  0.526740  2.724483
 1.75  8.887850  4.842825  0.528720  2.713931
 1.76  8.886289  4.841312  0.530680  2.703453
 1.77  8.884796  4.839823  0.532630  2.693045
 1.78  8.883299  4.838355  0.534550  2.682709
 1.79  8.881832  4.836906  0.536460  2.672444
 1.80  8.880405  4.835463  0.538350  2.662247
 1.81  8.878969  4.834059  0.540220  2.652120
 1.82  8.877569  4.832657  0.542080  2.642060
 1.83  8.876166  4.831275  0.543920  2.632068
 1.84  8.874833  4.829919  0.545740  2.622142
 1.85  8.873462  4.828559  0.547550  2.612282
 1.86  8.872157  4.827245  0.549340  2.602488
 1.87  8.870854  4.825932  0.551120  2.592757
 1.88  8.869548  4.824641  0.552880  2.583090
 1.89  8.868274  4.823371  0.554620  2.573487
 1.90  8.867037  4.822103  0.556350  2.563946
 1.91  8.865798  4.820857  0.558060  2.554466
 1.92  8.864591  4.819633  0.559750  2.545048
 1.93  8.863386  4.818436  0.561440  2.535690
 1.94  8.862178  4.817236  0.563100  2.526392
 1.95  8.861040  4.816058  0.564750  2.517153
 1.96  8.859867  4.814883  0.566390  2.507972
 1.97  8.858729  4.813730  0.568010  2.498850
 1.98  8.857624  4.812600  0.569610  2.489785
 1.99  8.856517  4.811493  0.571200  2.480777
 2.00  8.855412  4.810389  0.572780  2.471825
 2.01  8.854341  4.809282  0.574330  2.462929
 2.02  8.853310  4.808229  0.575880  2.454088
 2.03  8.852272  4.807169  0.577410  2.445302
 2.04  8.851236  4.806111  0.578920  2.436569
 2.05  8.850198  4.805077  0.580420  2.427890
 2.06  8.849196  4.804068  0.581910  2.419264
 2.07  8.848233  4.803060  0.583380  2.410691
 2.08  8.847268  4.802077  0.584840  2.402169
 2.09  8.846302  4.801092  0.586280  2.393699
 2.10  8.845334  4.800131  0.587700  2.385280
 2.11  8.844406  4.799173  0.589120  2.376911
 2.12  8.843471  4.798235  0.590510  2.368592
 2.13  8.842578  4.797300  0.591900  2.360322
 2.14  8.841682  4.796389  0.593260  2.352102
 2.15  8.840786  4.795477  0.594620  2.343930
 2.16  8.839930  4.794568  0.595960  2.335806
 2.17  8.839034  4.793710  0.597280  2.327729
 2.18  8.838171  4.792820  0.598600  2.319700
 2.19  8.837349  4.791960  0.599890  2.311717
 2.20  8.836530  4.791129  0.601180  2.303781
 2.21  8.835705  4.790265  0.602450  2.295890
 2.22  8.834883  4.789459  0.603710  2.288045
 2.23  8.834094  4.788619  0.604950  2.280245
 2.24  8.833270  4.787810  0.606190  2.272489
 2.25  8.832522  4.787026  0.607410  2.264778
 2.26  8.831738  4.786246  0.608610  2.257110
 2.27  8.830987  4.785460  0.609810  2.249485
 2.28  8.830201  4.784677  0.610990  2.241903
 2.29  8.829487  4.783916  0.612160  2.234364
 2.30  8.828738  4.783186  0.613320  2.226867
 2.31  8.828026  4.782427  0.614460  2.219412
 2.32  8.827313  4.781694  0.615590  2.211998
 2.33  8.826604  4.780992  0.616710  2.204625
 2.34  8.825889  4.780257  0.617820  2.197293
 2.35  8.825178  4.779553  0.618920  2.190001
 2.36  8.824501  4.778871  0.620000  2.182749
 2.37  8.823827  4.778165  0.621070  2.175537
 2.38  8.823152  4.777486  0.622130  2.168364
 2.39  8.822476  4.776833  0.623180  2.161229
 2.40  8.821839  4.776152  0.624210  2.154133
 2.41  8.821206  4.775502  0.625240  2.147076
 2.42  8.820567  4.774847  0.626250  2.140056
 2.43  8.819932  4.774195  0.627250  2.133073
 2.44  8.819292  4.773566  0.628240  2.126128
 2.45  8.818655  4.772941  0.629220  2.119220
 2.46  8.818058  4.772315  0.630190  2.112348
 2.47  8.817459  4.771688  0.631150  2.105513
 2.48  8.816860  4.771088  0.632100  2.098713
 2.49  8.816261  4.770488  0.633030  2.091949
 2.50  8.815660  4.769887  0.633960  2.085221
 2.51  8.815059  4.769285  0.634880  2.078527
 2.52  8.814502  4.768715  0.635780  2.071868
 2.53  8.813939  4.768140  0.636680  2.065244
 2.54  8.813381  4.767568  0.637570  2.058654
 2.55  8.812817  4.766992  0.638440  2.052097
 2.56  8.812257  4.766447  0.639310  2.045574
 2.57  8.811697  4.765874  0.640170  2.039085
 2.58  8.811176  4.765329  0.641020  2.032628
 2.59  8.810615  4.764811  0.641860  2.026204
 2.60  8.810093  4.764264  0.642690  2.019813
 2.61  8.809575  4.763750  0.643520  2.013454
 2.62  8.809052  4.763230  0.644340  2.007127
 2.63  8.808574  4.762715  0.645150  2.000831
 2.64  8.808050  4.762194  0.645950  1.994567
 2.65  8.807571  4.761678  0.646740  1.988334
 2.66  8.807051  4.761189  0.647530  1.982132
 2.67  8.806566  4.760696  0.648310  1.975961
 2.68  8.806085  4.760206  0.649080  1.969820
 2.69  8.805604  4.759716  0.649840  1.963709
 2.70  8.805168  4.759259  0.650600  1.957628
 2.71  8.804686  4.758797  0.651350  1.951577
 2.72  8.804204  4.758334  0.652090  1.945555
 2.73  8.803762  4.757871  0.652830  1.939563
 2.74  8.803324  4.757412  0.653550  1.933599
 2.75  8.802882  4.756948  0.654280  1.927664
 2.76  8.802443  4.756518  0.654990  1.921758
 2.77  8.802004  4.756086  0.655700  1.915880
 2.78  8.801565  4.755626  0.656400  1.910030
 2.79  8.801162  4.755218  0.657090  1.904208
 2.80  8.800722  4.754786  0.657780  1.898414
 2.81  8.800323  4.754353  0.658460  1.892647
 2.82  8.799882  4.753949  0.659130  1.886907
 2.83  8.799487  4.753549  0.659800  1.881194
 2.84  8.799087  4.753144  0.660460  1.875508
 2.85  8.798687  4.752739  0.661120  1.869849
 2.86  8.798286  4.752333  0.661760  1.864216
 2.87  8.797931  4.751932  0.662410  1.858610
 2.88  8.797530  4.751555  0.663040  1.853029
 2.89  8.797174  4.751153  0.663670  1.847474
 2.90  8.796777  4.750780  0.664300  1.841945
 2.91  8.796417  4.750402  0.664920  1.836441
 2.92  8.796060  4.750029  0.665530  1.830962
 2.93  8.795662  4.749684  0.666140  1.825508
 2.94  8.795305  4.749310  0.666740  1.820080
 2.95  8.794990  4.748965  0.667330  1.814676
 2.96  8.794633  4.748590  0.667920  1.809296
 2.97  8.794275  4.748245  0.668510  1.803941
 2.98  8.793917  4.747899  0.669080  1.798609
 2.99  8.793601  4.747553  0.669660  1.793302
 3.00  8.793243  4.747207  0.670220  1.788018
 3.01  8.792931  4.746865  0.670790  1.782758
 3.02  8.792614  4.746547  0.671340  1.777522
 3.03  8.792255  4.746200  0.671900  1.772308
 3.04  8.791943  4.745887  0.672440  1.767118
 3.05  8.791625  4.745569  0.672980  1.761951
 3.06  8.791312  4.745256  0.673520  1.756806
 3.07  8.790999  4.744942  0.674050  1.751684
 3.08  8.790681  4.744623  0.674570  1.746585
 3.09  8.790410  4.744309  0.675100  1.741507
 3.10  8.790096  4.744024  0.675610  1.736452
 3.11  8.789824  4.743710  0.676120  1.731419
 3.12  8.789506  4.743420  0.676630  1.726407
 3.13  8.789234  4.743105  0.677130  1.721417
 3.14  8.788919  4.742820  0.677620  1.716449
 3.15  8.788647  4.742534  0.678120  1.711502
 3.16  8.788374  4.742248  0.678600  1.706576
 3.17  8.788106  4.741967  0.679080  1.701671
 3.18  8.787833  4.741681  0.679560  1.696787
 3.19  8.787518  4.741424  0.680030  1.691923
 3.20  8.787287  4.741138  0.680500  1.687080
 3.21  8.787014  4.740851  0.680970  1.682258
 3.22  8.786745  4.740599  0.681430  1.677456
 3.23  8.786472  4.740342  0.681880  1.672674
 3.24  8.786202  4.740059  0.682330  1.667912
 3.25  8.785971  4.739802  0.682780  1.663170
 3.26  8.785697  4.739545  0.683220  1.658448
 3.27  8.785470  4.739292  0.683660  1.653746
 3.28  8.785201  4.739038  0.684100  1.649062
 3.29  8.784969  4.738811  0.684530  1.644399
 3.30  8.784742  4.738557  0.684950  1.639754
 3.31  8.784514  4.738304  0.685380  1.635129
 3.32  8.784240  4.738075  0.685790  1.630522
 3.33  8.784012  4.737822  0.686210  1.625934
 3.34  8.783784  4.737598  0.686620  1.621365
 3.35  8.783557  4.737374  0.687030  1.616815
 3.36  8.783329  4.737150  0.687430  1.612283
 3.37  8.783101  4.736926  0.687830  1.607769
 3.38  8.782915  4.736701  0.688230  1.603274
 3.39  8.782687  4.736477  0.688620  1.598796
 3.40  8.782459  4.736252  0.689010  1.594337
 3.41  8.782231  4.736028  0.689400  1.589895
 3.42  8.782045  4.735803  0.689780  1.585472
 3.43  8.781816  4.735609  0.690160  1.581065
 3.44  8.781631  4.735384  0.690530  1.576677
 3.45  8.781402  4.735189  0.690900  1.572305
 3.46  8.781216  4.734964  0.691270  1.567951
 3.47  8.780992  4.734773  0.691640  1.563614
 3.48  8.780806  4.734578  0.692000  1.559294
 3.49  8.780620  4.734353  0.692360  1.554991
 3.50  8.780438  4.734162  0.692710  1.550705
 3.51  8.780252  4.733967  0.693060  1.546436
 3.52  8.780027  4.733776  0.693410  1.542183
 3.53  8.779841  4.733581  0.693760  1.537946
 3.54  8.779654  4.733385  0.694100  1.533727
 3.55  8.779472  4.733225  0.694440  1.529523
 3.56  8.779290  4.733034  0.694780  1.525335
 3.57  8.779147  4.732838  0.695110  1.521164
 3.58  8.778965  4.732677  0.695440  1.517009
 3.59  8.778778  4.732481  0.695770  1.512869
 3.60  8.778596  4.732320  0.696090  1.508745
 3.61  8.778414  4.732129  0.696410  1.504637
 3.62  8.778270  4.731963  0.696730  1.500545
 3.63  8.778087  4.731772  0.697050  1.496468
 3.64  8.777948  4.731610  0.697360  1.492406
 3.65  8.777766  4.731449  0.697670  1.488360
 3.66  8.777626  4.731288  0.697980  1.484329
 3.67  8.777439  4.731122  0.698280  1.480313
 3.68  8.777283  4.730960  0.698580  1.476312
 3.69  8.777130  4.730799  0.698880  1.472326
 3.70  8.776973  4.730637  0.699180  1.468354
 3.71  8.776821  4.730476  0.699470  1.464398
 3.72  8.776668  4.730314  0.699770  1.460456
 3.73  8.776520  4.730183  0.700050  1.456529
 3.74  8.776372  4.730021  0.700340  1.452616
 3.75  8.776223  4.729859  0.700620  1.448717
 3.76  8.776079  4.729728  0.700900  1.444833
 3.77  8.775935  4.729566  0.701180  1.440963
 3.78  8.775796  4.729435  0.701460  1.437107
 3.79  8.775651  4.729273  0.701730  1.433265
 3.80  8.775516  4.729146  0.702000  1.429437
 3.81  8.775381  4.729014  0.702270  1.425623
 3.82  8.775245  4.728852  0.702540  1.421823
 3.83  8.775109  4.728721  0.702800  1.418036
 3.84  8.774974  4.728589  0.703060  1.414263
 3.85  8.774847  4.728462  0.703320  1.410504
 3.86  8.774716  4.728330  0.703580  1.406758
 3.87  8.774584  4.728168  0.703830  1.403025
 3.88  8.774462  4.728041  0.704080  1.399306
 3.89  8.774335  4.727909  0.704330  1.395600
 3.90  8.774208  4.727808  0.704580  1.391907
 3.91  8.774089  4.727681  0.704830  1.388227
 3.92  8.773967  4.727549  0.705070  1.384560
 3.93  8.773844  4.727417  0.705310  1.380906
 3.94  8.773726  4.727289  0.705550  1.377265
 3.95  8.773607  4.727188  0.705790  1.373636
 3.96  8.773493  4.727061  0.706020  1.370020
 3.97  8.773374  4.726929  0.706250  1.366417
 3.98  8.773265  4.726832  0.706480  1.362827
 3.99  8.773151  4.726700  0.706710  1.359248
 4.00  8.773041  4.726603  0.706940  1.355683
 4.01  8.772927  4.726471  0.707160  1.352129
 4.02  8.772821  4.726374  0.707380  1.348588
 4.03  8.772711  4.726246  0.707600  1.345059
 4.04  8.772606  4.726145  0.707820  1.341542
 4.05  8.772500  4.726048  0.708040  1.338037
 4.06  8.772395  4.725916  0.708250  1.334544
 4.07  8.772294  4.725819  0.708470  1.331063
 4.08  8.772193  4.725722  0.708680  1.327594
 4.09  8.772087  4.725620  0.708880  1.324137
 4.10  8.771990  4.725492  0.709090  1.320691
 4.11  8.771889  4.725395  0.709300  1.317257
 4.12  8.771797  4.725298  0.709500  1.313834
 4.13  8.771695  4.725196  0.709700  1.310423
 4.14  8.771598  4.725099  0.709900  1.307024
 4.15  8.771506  4.725002  0.710100  1.303636
 4.16  8.771413  4.724905  0.710290  1.300259
 4.17  8.771321  4.724808  0.710490  1.296893
 4.18  8.771228  4.724706  0.710680  1.293539
 4.19  8.771136  4.724609  0.710870  1.290195
 4.20  8.771047  4.724542  0.711060  1.286863
 4.21  8.770959  4.724445  0.711250  1.283542
 4.22  8.770875  4.724348  0.711430  1.280232
 4.23  8.770787  4.724251  0.711620  1.276932
 4.24  8.770703  4.724184  0.711800  1.273644
 4.25  8.770615  4.724082  0.711980  1.270366
 4.26  8.770531  4.723985  0.712160  1.267099
 4.27  8.770447  4.723919  0.712340  1.263842
 4.28  8.770363  4.723821  0.712520  1.260596
 4.29  8.770284  4.723724  0.712690  1.257361
 4.30  8.770204  4.723657  0.712860  1.254136
 4.31  8.770125  4.723560  0.713030  1.250922
 4.32  8.770045  4.723493  0.713200  1.247717
 4.33  8.769970  4.723396  0.713370  1.244524
 4.34  8.769891  4.723329  0.713540  1.241340
 4.35  8.769816  4.723263  0.713700  1.238167
 4.36  8.769740  4.723165  0.713870  1.235004
 4.37  8.769665  4.723099  0.714030  1.231850
 4.38  8.769590  4.723032  0.714190  1.228707
 4.39  8.769519  4.722935  0.714350  1.225574
 4.40  8.769449  4.722873  0.714510  1.222451
 4.41  8.769378  4.722806  0.714670  1.219338
 4.42  8.769307  4.722709  0.714820  1.216234
 4.43  8.769236  4.722642  0.714980  1.213141
 4.44  8.769165  4.722575  0.715130  1.210057
 4.45  8.769099  4.722509  0.715280  1.206982
 4.46  8.769028  4.722442  0.715430  1.203917
 4.47  8.768962  4.722375  0.715580  1.200862
 4.48  8.768900  4.722282  0.715730  1.197817
 4.49  8.768833  4.722216  0.715870  1.194781
 4.50  8.768767  4.722149  0.716020  1.191754
 4.51  8.768705  4.722082  0.716160  1.188736
 4.52  8.768638  4.722016  0.716310  1.185728
 4.53  8.768581  4.721953  0.716450  1.182729
 4.54  8.768519  4.721887  0.716590  1.179740
 4.55  8.768457  4.721820  0.716730  1.176760
 4.56  8.768395  4.721784  0.716870  1.173788
 4.57  8.768337  4.721722  0.717000  1.170826
 4.58  8.768279  4.721656  0.717140  1.167873
 4.59  8.768217  4.721589  0.717270  1.164929
 4.60  8.768160  4.721522  0.717410  1.161993
 4.61  8.768106  4.721460  0.717540  1.159067
 4.62  8.768049  4.721393  0.717670  1.156150
 4.63  8.767991  4.721357  0.717800  1.153241
 4.64  8.767938  4.721295  0.717930  1.150341
 4.65  8.767885  4.721228  0.718060  1.147450
 4.66  8.767827  4.721162  0.718190  1.144567
 4.67  8.767778  4.721130  0.718310  1.141694
 4.68  8.767725  4.721064  0.718440  1.138828
 4.69  8.767667  4.720997  0.718560  1.135971
 4.70  8.767618  4.720966  0.718680  1.133123
 4.71  8.767569  4.720899  0.718810  1.130283
 4.72  8.767516  4.720832  0.718930  1.127452
 4.73  8.767467  4.720801  0.719050  1.124629
 4.74  8.767418  4.720734  0.719170  1.121814
 4.75  8.767370  4.720703  0.719280  1.119008
 4.76  8.767321  4.720636  0.719400  1.116210
 4.77  8.767272  4.720600  0.719520  1.113420
 4.78  8.767227  4.720538  0.719630  1.110638
 4.79  8.767178  4.720502  0.719750  1.107864
 4.80  8.767134  4.720440  0.719860  1.105099
 4.81  8.767090  4.720404  0.719970  1.102341
 4.82  8.767045  4.720342  0.720080  1.099592
 4.83  8.766996  4.720306  0.720190  1.096850
 4.84  8.766956  4.720244  0.720300  1.094117
 4.85  8.766912  4.720208  0.720410  1.091391
 4.86  8.766872  4.720177  0.720520  1.088673
 4.87  8.766827  4.720110  0.720630  1.085963
 4.88  8.766783  4.720074  0.720730  1.083261
 4.89  8.766743  4.720012  0.720840  1.080567
 4.90  8.766703  4.719980  0.720940  1.077880
 4.91  8.766658  4.719945  0.721050  1.075201
 4.92  8.766623  4.719913  0.721150  1.072529
 4.93  8.766578  4.719846  0.721250  1.069865
 4.94  8.766543  4.719815  0.721350  1.067209
 4.95  8.766502  4.719779  0.721450  1.064560
 4.96  8.766467  4.719748  0.721550  1.061919
 4.97  8.766427  4.719681  0.721650  1.059285
 4.98  8.766391  4.719650  0.721750  1.056658
 4.99  8.766351  4.719614  0.721840  1.054039
 5.00  8.766316  4.719583  0.721940  1.051427
 5.01  8.766280  4.719520  0.722040  1.048823
 5.02  8.766244  4.719485  0.722130  1.046226
 5.03  8.766209  4.719453  0.722230  1.043636
 5.04  8.766173  4.719418  0.722320  1.041053
 5.05  8.766137  4.719386  0.722410  1.038477
 5.06  8.766106  4.719355  0.722500  1.035909
 5.07  8.766071  4.719319  0.722590  1.033347
 5.08  8.766039  4.719288  0.722690  1.030793
 5.09  8.766004  4.719252  0.722770  1.028246
 5.10  8.765973  4.719190  0.722860  1.025706
 5.11  8.765941  4.719159  0.722950  1.023172
 5.12  8.765906  4.719123  0.723040  1.020646
 5.13  8.765875  4.719091  0.723130  1.018127
 5.14  8.765848  4.719060  0.723210  1.015614
 5.15  8.765812  4.719024  0.723300  1.013108
 5.16  8.765786  4.718993  0.723380  1.010610
 5.17  8.765754  4.718962  0.723470  1.008117
 5.18  8.765723  4.718926  0.723550  1.005632
 5.19  8.765696  4.718895  0.723640  1.003153
 5.20  8.765670  4.718863  0.723720  1.000682
 5.21  8.765634  4.718828  0.723800  0.998216
 5.22  8.765607  4.718828  0.723880  0.995758
 5.23  8.765580  4.718796  0.723960  0.993306
 5.24  8.765554  4.718760  0.724040  0.990860
 5.25  8.765527  4.718729  0.724120  0.988421
 5.26  8.765500  4.718698  0.724200  0.985989
 5.27  8.765469  4.718662  0.724280  0.983563
 5.28  8.765447  4.718631  0.724360  0.981143
 5.29  8.765420  4.718599  0.724430  0.978730
 5.30  8.765398  4.718568  0.724510  0.976323
 5.31  8.765366  4.718564  0.724580  0.973923
 5.32  8.765344  4.718532  0.724660  0.971529
 5.33  8.765317  4.718501  0.724730  0.969141
 5.34  8.765291  4.718465  0.724810  0.966760
 5.35  8.765268  4.718434  0.724880  0.964384
 5.36  8.765246  4.718402  0.724950  0.962015
 5.37  8.765224  4.718402  0.725030  0.959653
 5.38  8.765197  4.718367  0.725100  0.957296
 5.39  8.765175  4.718335  0.725170  0.954945
 5.40  8.765152  4.718304  0.725240  0.952601
 5.41  8.765130  4.718304  0.725310  0.950263
 5.42  8.765103  4.718268  0.725380  0.947931
 5.43  8.765081  4.718237  0.725450  0.945604
 5.44  8.765063  4.718205  0.725520  0.943284
 5.45  8.765041  4.718205  0.725580  0.940970
 5.46  8.765018  4.718174  0.725650  0.938662
 5.47  8.764996  4.718138  0.725720  0.936359
 5.48  8.764974  4.718107  0.725780  0.934063
 5.49  8.764956  4.718107  0.725850  0.931772
 5.50  8.764938  4.718075  0.725920  0.929488
 5.51  8.764911  4.718040  0.725980  0.927209
 5.52  8.764893  4.718040  0.726050  0.924936
 5.53  8.764876  4.718008  0.726110  0.922668
 5.54  8.764858  4.717977  0.726170  0.920407
 5.55  8.764840  4.717977  0.726240  0.918151
 5.56  8.764817  4.717941  0.726300  0.915901
 5.57  8.764800  4.717910  0.726360  0.913656
 5.58  8.764782  4.717910  0.726420  0.911417
 5.59  8.764764  4.717878  0.726490  0.909184
 5.60  8.764746  4.717878  0.726550  0.906956
 5.61  8.764728  4.717847  0.726610  0.904734
 5.62  8.764706  4.717811  0.726670  0.902518
 5.63  8.764692  4.717811  0.726730  0.900307
 5.64  8.764675  4.717780  0.726790  0.898101
 5.65  8.764657  4.717780  0.726840  0.895901
 5.66  8.764643  4.717748  0.726900  0.893707
 5.67  8.764625  4.717717  0.726960  0.891518
 5.68  8.764608  4.717712  0.727020  0.889334
 5.69  8.764590  4.717681  0.727080  0.887156
 5.70  8.764576  4.717681  0.727130  0.884983
 5.71  8.764558  4.717650  0.727190  0.882815
 5.72  8.764545  4.717650  0.727250  0.880653
 5.73  8.764532  4.717618  0.727300  0.878496
 5.74  8.764514  4.717614  0.727360  0.876344
 5.75  8.764496  4.717582  0.727410  0.874198
 5.76  8.764482  4.717582  0.727470  0.872057
 5.77  8.764469  4.717551  0.727520  0.869921
 5.78  8.764456  4.717551  0.727570  0.867790
 5.79  8.764442  4.717520  0.727630  0.865664
 5.80  8.764429  4.717520  0.727680  0.863544
 5.81  8.764415  4.717488  0.727730  0.861428
 5.82  8.764398  4.717484  0.727790  0.859318
 5.83  8.764384  4.717452  0.727840  0.857213
 5.84  8.764371  4.717452  0.727890  0.855113
 5.85  8.764362  4.717421  0.727940  0.853018
 5.86  8.764348  4.717421  0.727990  0.850928
 5.87  8.764335  4.717390  0.728040  0.848843
 5.88  8.764322  4.717390  0.728090  0.846763
 5.89  8.764313  4.717358  0.728140  0.844688
 5.90  8.764299  4.717358  0.728190  0.842617
 5.91  8.764286  4.717354  0.728240  0.840552
 5.92  8.764272  4.717322  0.728290  0.838492
 5.93  8.764259  4.717322  0.728340  0.836436
 5.94  8.764250  4.717291  0.728390  0.834386
 5.95  8.764241  4.717291  0.728440  0.832340
 5.96  8.764228  4.717291  0.728480  0.830299
 5.97  8.764219  4.717259  0.728530  0.828263
 5.98  8.764205  4.717259  0.728580  0.826231
 5.99  8.764196  4.717228  0.728630  0.824205
 6.00  8.764187  4.717228  0.728670  0.822183
 6.01  8.764174  4.717228  0.728720  0.820166
 6.02  8.764161  4.717192  0.728760  0.818153
 6.03  8.764152  4.717192  0.728810  0.816145
 6.04  8.764143  4.717161  0.728860  0.814142
 6.05  8.764134  4.717161  0.728900  0.812144
 6.06  8.764125  4.717161  0.728950  0.810150
 6.07  8.764116  4.717129  0.728990  0.808161
 6.08  8.764102  4.717129  0.729030  0.806176
 6.09  8.764094  4.717129  0.729080  0.804196
 6.10  8.764085  4.717098  0.729120  0.802221
 6.11  8.764076  4.717098  0.729170  0.800250
 6.12  8.764071  4.717098  0.729210  0.798283
 6.13  8.764062  4.717066  0.729250  0.796321
 6.14  8.764053  4.717066  0.729290  0.794364
 6.15  8.764044  4.717066  0.729340  0.792411
 6.16  8.764035  4.717035  0.729380  0.790462
 6.17  8.764026  4.717035  0.729420  0.788518
 6.18  8.764013  4.717030  0.729460  0.786579
 6.19  8.764009  4.716999  0.729500  0.784643
 6.20  8.764000  4.716999  0.729540  0.782713
 6.21  8.763991  4.716999  0.729580  0.780786
 6.22  8.763986  4.716968  0.729620  0.778864
 6.23  8.763977  4.716968  0.729660  0.776946
 6.24  8.763968  4.716968  0.729700  0.775032
 6.25  8.763964  4.716968  0.729740  0.773123
 6.26  8.763955  4.716936  0.729780  0.771218
 6.27  8.763950  4.716936  0.729820  0.769317
 6.28  8.763942  4.716936  0.729860  0.767421
 6.29  8.763937  4.716905  0.729900  0.765529
 6.30  8.763928  4.716905  0.729940  0.763641
 6.31  8.763924  4.716905  0.729980  0.761757
 6.32  8.763915  4.716905  0.730020  0.759877
 6.33  8.763910  4.716873  0.730050  0.758002
 6.34  8.763901  4.716873  0.730090  0.756130
 6.35  8.763897  4.716873  0.730130  0.754263
 6.36  8.763888  4.716873  0.730170  0.752400
 6.37  8.763883  4.716842  0.730200  0.750541
 6.38  8.763879  4.716842  0.730240  0.748686
 6.39  8.763874  4.716842  0.730280  0.746835
 6.40  8.763865  4.716842  0.730310  0.744989
 6.41  8.763861  4.716810  0.730350  0.743146
 6.42  8.763857  4.716810  0.730380  0.741307
 6.43  8.763852  4.716810  0.730420  0.739472
 6.44  8.763843  4.716810  0.730460  0.737642
 6.45  8.763839  4.716810  0.730490  0.735815
 6.46  8.763834  4.716779  0.730530  0.733992
 6.47  8.763830  4.716779  0.730560  0.732173
 6.48  8.763821  4.716774  0.730590  0.730359
 6.49  8.763816  4.716774  0.730630  0.728548
 6.50  8.763812  4.716743  0.730660  0.726741
 6.51  8.763803  4.716743  0.730700  0.724937
 6.52  8.763798  4.716743  0.730730  0.723138
 6.53  8.763794  4.716743  0.730770  0.721343
 6.54  8.763789  4.716743  0.730800  0.719551
 6.55  8.763785  4.716712  0.730830  0.717763
 6.56  8.763780  4.716712  0.730860  0.715979
 6.57  8.763776  4.716712  0.730900  0.714199
 6.58  8.763772  4.716712  0.730930  0.712423
 6.59  8.763767  4.716712  0.730960  0.710650
 6.60  8.763767  4.716712  0.731000  0.708882
 6.61  8.763763  4.716680  0.731030  0.707117
 6.62  8.763758  4.716680  0.731060  0.705355
 6.63  8.763754  4.716680  0.731090  0.703598
 6.64  8.763749  4.716680  0.731120  0.701844
 6.65  8.763745  4.716680  0.731150  0.700094
 6.66  8.763740  4.716649  0.731190  0.698347
 6.67  8.763740  4.716649  0.731220  0.696604
 6.68  8.763736  4.716649  0.731250  0.694865
 6.69  8.763731  4.716649  0.731280  0.693130
 6.70  8.763727  4.716649  0.731310  0.691398
 6.71  8.763722  4.716649  0.731340  0.689669
 6.72  8.763722  4.716617  0.731370  0.687945
 6.73  8.763718  4.716617  0.731400  0.686224
 6.74  8.763713  4.716617  0.731430  0.684506
 6.75  8.763713  4.716617  0.731460  0.682792
 6.76  8.763709  4.716617  0.731490  0.681082
 6.77  8.763704  4.716617  0.731520  0.679375
 6.78  8.763709  4.716622  0.731550  0.677671
 6.79  8.763704  4.716590  0.731580  0.675972
 6.80  8.763700  4.716590  0.731600  0.674275
 6.81  8.763700  4.716590  0.731630  0.672582
 6.82  8.763695  4.716590  0.731660  0.670893
 6.83  8.763691  4.716590  0.731690  0.669207
 6.84  8.763691  4.716590  0.731720  0.667525
 6.85  8.763687  4.716590  0.731740  0.665846
 6.86  8.763682  4.716559  0.731770  0.664170
 6.87  8.763682  4.716559  0.731800  0.662498
 6.88  8.763678  4.716559  0.731830  0.660829
 6.89  8.763678  4.716559  0.731850  0.659163
 6.90  8.763673  4.716559  0.731880  0.657501
 6.91  8.763669  4.716559  0.731910  0.655843
 6.92  8.763669  4.716559  0.731930  0.654187
 6.93  8.763664  4.716559  0.731960  0.652535
 6.94  8.763664  4.716527  0.731990  0.650887
 6.95  8.763660  4.716527  0.732010  0.649241
 6.96  8.763660  4.716527  0.732040  0.647599
 6.97  8.763655  4.716527  0.732070  0.645961
 6.98  8.763655  4.716527  0.732090  0.644325
 6.99  8.763651  4.716527  0.732120  0.642693
 7.00  8.763651  4.716527  0.732140  0.641064
 7.01  8.763651  4.716527  0.732170  0.639438
 7.02  8.763646  4.716496  0.732190  0.637816
 7.03  8.763646  4.716496  0.732220  0.636197
 7.04  8.763642  4.716496  0.732240  0.634581
 7.05  8.763642  4.716496  0.732270  0.632968
 7.06  8.763637  4.716496  0.732290  0.631358
 7.07  8.763637  4.716496  0.732320  0.629752
 7.08  8.763637  4.716496  0.732340  0.628149
 7.09  8.763633  4.716496  0.732370  0.626549
 7.10  8.763633  4.716496  0.732390  0.624952
 7.11  8.763633  4.716496  0.732420  0.623358
 7.12  8.763628  4.716464  0.732440  0.621767
 7.13  8.763628  4.716464  0.732470  0.620180
 7.14  8.763628  4.716464  0.732490  0.618595
 7.15  8.763624  4.716464  0.732510  0.617014
 7.16  8.763624  4.716464  0.732540  0.615435
 7.17  8.763624  4.716464  0.732560  0.613860
 7.18  8.763624  4.716464  0.732590  0.612288
 7.19  8.763619  4.716464  0.732610  0.610719
 7.20  8.763619  4.716464  0.732630  0.609153
 7.21  8.763619  4.716464  0.732660  0.607590
 7.22  8.763619  4.716469  0.732680  0.606030
 7.23  8.763619  4.716437  0.732700  0.604473
 7.24  8.763619  4.716437  0.732720  0.602919
 7.25  8.763619  4.716437  0.732750  0.601368
 7.26  8.763619  4.716437  0.732770  0.599820
 7.27  8.763615  4.716437  0.732790  0.598275
 7.28  8.763615  4.716437  0.732820  0.596733
 7.29  8.763615  4.716437  0.732840  0.595194
 7.30  8.763615  4.716437  0.732860  0.593658
 7.31  8.763615  4.716437  0.732880  0.592124
 7.32  8.763610  4.716437  0.732910  0.590594
 7.33  8.763610  4.716437  0.732930  0.589067
 7.34  8.763610  4.716437  0.732950  0.587542
 7.35  8.763610  4.716437  0.732970  0.586020
 7.36  8.763610  4.716437  0.732990  0.584502
 7.37  8.763610  4.716406  0.733010  0.582986
 7.38  8.763610  4.716406  0.733040  0.581473
 7.39  8.763610  4.716406  0.733060  0.579963
 7.40  8.763606  4.716406  0.733080  0.578455
 7.41  8.763606  4.716406  0.733100  0.576951
 7.42  8.763606  4.716406  0.733120  0.575449
 7.43  8.763606  4.716406  0.733140  0.573950
 7.44  8.763606  4.716406  0.733160  0.572454
 7.45  8.763606  4.716406  0.733190  0.570961
 7.46  8.763606  4.716406  0.733210  0.569471
 7.47  8.763606  4.716406  0.733230  0.567983
 7.48  8.763611  4.716411  0.733250  0.566498
 7.49  8.763611  4.716411  0.733270  0.565016
 7.50  8.763611  4.716411  0.733290  0.563537
 7.51  8.763611  4.716411  0.733310  0.562060
 7.52  8.763611  4.716411  0.733330  0.560586
 7.53  8.763611  4.716411  0.733350  0.559115
 7.54  8.763611  4.716411  0.733370  0.557647
 7.55  8.763611  4.716411  0.733390  0.556181
 7.56  8.763611  4.716379  0.733410  0.554718
 7.57  8.763611  4.716379  0.733430  0.553258
 7.58  8.763611  4.716379  0.733450  0.551800
 7.59  8.763611  4.716379  0.733470  0.550345
 7.60  8.763611  4.716379  0.733490  0.548893
 7.61  8.763611  4.716379  0.733510  0.547443
 7.62  8.763611  4.716379  0.733530  0.545996
 7.63  8.763611  4.716379  0.733550  0.544552
 7.64  8.763611  4.716379  0.733570  0.543110
 7.65  8.763611  4.716379  0.733590  0.541671
 7.66  8.763611  4.716379  0.733610  0.540234
 7.67  8.763611  4.716379  0.733630  0.538800
 7.68  8.763611  4.716379  0.733650  0.537369
 7.69  8.763615  4.716384  0.733670  0.535940
 7.70  8.763615  4.716384  0.733690  0.534514
 7.71  8.763615  4.716384  0.733700  0.533091
 7.72  8.763615  4.716384  0.733720  0.531670
 7.73  8.763615  4.716384  0.733740  0.530251
 7.74  8.763615  4.716384  0.733760  0.528835
 7.75  8.763615  4.716384  0.733780  0.527422
 7.76  8.763620  4.716384  0.733800  0.526011
 7.77  8.763620  4.716384  0.733820  0.524603
 7.78  8.763620  4.716384  0.733840  0.523197
 7.79  8.763620  4.716384  0.733850  0.521794
 7.80  8.763620  4.716384  0.733870  0.520393
 7.81  8.763620  4.716384  0.733890  0.518995
 7.82  8.763620  4.716384  0.733910  0.517599
 7.83  8.763620  4.716384  0.733930  0.516205
 7.84  8.763620  4.716384  0.733950  0.514815
 7.85  8.763624  4.716384  0.733960  0.513426
 7.86  8.763624  4.716352  0.733980  0.512040
 7.87  8.763624  4.716352  0.734000  0.510657
 7.88  8.763624  4.716352  0.734020  0.509276
 7.89  8.763629  4.716357  0.734040  0.507897
 7.90  8.763629  4.716357  0.734050  0.506521
 7.91  8.763633  4.716357  0.734070  0.505147
 7.92  8.763633  4.716357  0.734090  0.503776
 7.93  8.763633  4.716357  0.734110  0.502407
 7.94  8.763633  4.716357  0.734120  0.501040
 7.95  8.763633  4.716357  0.734140  0.499676
 7.96  8.763633  4.716357  0.734160  0.498314
 7.97  8.763637  4.716357  0.734180  0.496955
 7.98  8.763637  4.716357  0.734190  0.495598
 7.99  8.763637  4.716357  0.734210  0.494243
 8.00  8.763637  4.716357  0.734230  0.492891
 8.01  8.763637  4.716357  0.734250  0.491541
 8.02  8.763637  4.716357  0.734260  0.490193
 8.03  8.763642  4.716357  0.734280  0.488848
 8.04  8.763642  4.716357  0.734300  0.487505
 8.05  8.763642  4.716357  0.734310  0.486164
 8.06  8.763646  4.716361  0.734330  0.484825
 8.07  8.763651  4.716361  0.734350  0.483489
 8.08  8.763651  4.716361  0.734360  0.482155
 8.09  8.763651  4.716361  0.734380  0.480824
 8.10  8.763651  4.716361  0.734400  0.479495
 8.11  8.763651  4.716361  0.734410  0.478168
 8.12  8.763655  4.716361  0.734430  0.476843
 8.13  8.763655  4.716361  0.734450  0.475520
 8.14  8.763655  4.716361  0.734460  0.474200
 8.15  8.763655  4.716361  0.734480  0.472882
 8.16  8.763660  4.716361  0.734500  0.471567
 8.17  8.763660  4.716361  0.734510  0.470253
 8.18  8.763660  4.716361  0.734530  0.468942
 8.19  8.763660  4.716361  0.734550  0.467633
 8.20  8.763664  4.716361  0.734560  0.466326
 8.21  8.763664  4.716361  0.734580  0.465021
 8.22  8.763664  4.716361  0.734590  0.463719
 8.23  8.763669  4.716366  0.734610  0.462418
 8.24  8.763673  4.716366  0.734630  0.461120
 8.25  8.763673  4.716366  0.734640  0.459825
 8.26  8.763673  4.716366  0.734660  0.458531
 8.27  8.763673  4.716366  0.734670  0.457239
 8.28  8.763678  4.716366  0.734690  0.455950
 8.29  8.763678  4.716366  0.734710  0.454663
 8.30  8.763678  4.716366  0.734720  0.453378
 8.31  8.763678  4.716366  0.734740  0.452095
 8.32  8.763682  4.716366  0.734750  0.450814
 8.33  8.763682  4.716366  0.734770  0.449535
 8.34  8.763682  4.716366  0.734780  0.448258
 8.35  8.763687  4.716366  0.734800  0.446984
 8.36  8.763687  4.716366  0.734810  0.445712
 8.37  8.763687  4.716366  0.734830  0.444441
 8.38  8.763691  4.716366  0.734850  0.443173
 8.39  8.763691  4.716366  0.734860  0.441907
 8.40  8.763696  4.716370  0.734880  0.440643
 8.41  8.763696  4.716370  0.734890  0.439381
 8.42  8.763700  4.716370  0.734910  0.438121
 8.43  8.763700  4.716370  0.734920  0.436864
 8.44  8.763700  4.716370  0.734940  0.435608
 8.45  8.763705  4.716370  0.734950  0.434354
 8.46  8.763705  4.716370  0.734970  0.433103
 8.47  8.763705  4.716370  0.734980  0.431853
 8.48  8.763709  4.716370  0.735000  0.430606
 8.49  8.763709  4.716370  0.735010  0.429360
 8.50  8.763709  4.716370  0.735030  0.428117
 8.51  8.763714  4.716370  0.735040  0.426875
 8.52  8.763714  4.716370  0.735060  0.425636
 8.53  8.763714  4.716370  0.735070  0.424398
 8.54  8.763714  4.716370  0.735090  0.423163
 8.55  8.763718  4.716370  0.735100  0.421930
 8.56  8.763723  4.716375  0.735120  0.420698
 8.57  8.763723  4.716375  0.735130  0.419469
 8.58  8.763727  4.716375  0.735140  0.418241
 8.59  8.763727  4.716375  0.735160  0.417016
 8.60  8.763727  4.716375  0.735170  0.415792
 8.61  8.763732  4.716375  0.735190  0.414571
 8.62  8.763732  4.716375  0.735200  0.413351
 8.63  8.763732  4.716375  0.735220  0.412133
 8.64  8.763736  4.716375  0.735230  0.410917
 8.65  8.763736  4.716375  0.735250  0.409704
 8.66  8.763741  4.716375  0.735260  0.408492
 8.67  8.763741  4.716375  0.735270  0.407282
 8.68  8.763741  4.716375  0.735290  0.406074
 8.69  8.763745  4.716375  0.735300  0.404868
 8.70  8.763745  4.716375  0.735320  0.403664
 8.71  8.763745  4.716375  0.735330  0.402461
 8.72  8.763754  4.716379  0.735350  0.401261
 8.73  8.763754  4.716379  0.735360  0.400063
 8.74  8.763754  4.716379  0.735370  0.398866
 8.75  8.763758  4.716379  0.735390  0.397671
 8.76  8.763758  4.716379  0.735400  0.396478
 8.77  8.763758  4.716379  0.735420  0.395287
 8.78  8.763763  4.716379  0.735430  0.394098
 8.79  8.763763  4.716379  0.735440  0.392911
 8.80  8.763763  4.716379  0.735460  0.391726
 8.81  8.763767  4.716379  0.735470  0.390542
 8.82  8.763767  4.716379  0.735490  0.389361
 8.83  8.763772  4.716379  0.735500  0.388181
 8.84  8.763772  4.716379  0.735510  0.387003
 8.85  8.763772  4.716379  0.735530  0.385827
 8.86  8.763776  4.716379  0.735540  0.384652
 8.87  8.763776  4.716379  0.735550  0.383480
 8.88  8.763781  4.716384  0.735570  0.382309
 8.89  8.763785  4.716384  0.735580  0.381140
 8.90  8.763785  4.716415  0.735590  0.379973
 8.91  8.763790  4.716415  0.735610  0.378808
 8.92  8.763790  4.716415  0.735620  0.377645
 8.93  8.763790  4.716415  0.735630  0.376483
 8.94  8.763794  4.716415  0.735650  0.375323
 8.95  8.763794  4.716415  0.735660  0.374165
 8.96  8.763794  4.716415  0.735680  0.373009
 8.97  8.763799  4.716415  0.735690  0.371854
 8.98  8.763799  4.716415  0.735700  0.370701
 8.99  8.763803  4.716415  0.735720  0.369550
 9.00  8.763803  4.716415  0.735730  0.368401
 9.01  8.763803  4.716415  0.735740  0.367254
 9.02  8.763808  4.716415  0.735750  0.366108
 9.03  8.763808  4.716415  0.735770  0.364964
 9.04  8.763812  4.716420  0.735780  0.363822
 9.05  8.763817  4.716420  0.735790  0.362681
 9.06  8.763817  4.716420  0.735810  0.361542
 9.07  8.763821  4.716420  0.735820  0.360405
 9.08  8.763821  4.716420  0.735830  0.359270
 9.09  8.763821  4.716420  0.735850  0.358136
 9.10  8.763826  4.716420  0.735860  0.357004
 9.11  8.763826  4.716420  0.735870  0.355874
 9.12  8.763830  4.716420  0.735890  0.354746
 9.13  8.763830  4.716420  0.735900  0.353619
 9.14  8.763830  4.716420  0.735910  0.352494
 9.15  8.763835  4.716420  0.735920  0.351370
 9.16  8.763835  4.716420  0.735940  0.350249
 9.17  8.763839  4.716420  0.735950  0.349128
 9.18  8.763839  4.716420  0.735960  0.348010
 9.19  8.763839  4.716420  0.735980  0.346893
 9.20  8.763848  4.716424  0.735990  0.345778
 9.21  8.763848  4.716424  0.736000  0.344665
 9.22  8.763848  4.716424  0.736010  0.343553
 9.23  8.763853  4.716424  0.736030  0.342443
 9.24  8.763853  4.716424  0.736040  0.341335
 9.25  8.763857  4.716424  0.736050  0.340228
 9.26  8.763857  4.716424  0.736060  0.339123
 9.27  8.763861  4.716424  0.736080  0.338019
 9.28  8.763861  4.716424  0.736090  0.336917
 9.29  8.763861  4.716424  0.736100  0.335817
 9.30  8.763866  4.716424  0.736120  0.334718
 9.31  8.763866  4.716424  0.736130  0.333621
 9.32  8.763870  4.716424  0.736140  0.332526
 9.33  8.763870  4.716424  0.736150  0.331432
 9.34  8.763870  4.716424  0.736170  0.330340
 9.35  8.763875  4.716424  0.736180  0.329249
 9.36  8.763879  4.716429  0.736190  0.328160
 9.37  8.763884  4.716429  0.736200  0.327073
 9.38  8.763884  4.716429  0.736220  0.325987
 9.39  8.763888  4.716429  0.736230  0.324903
 9.40  8.763888  4.716429  0.736240  0.323820
 9.41  8.763888  4.716429  0.736250  0.322739
 9.42  8.763893  4.716460  0.736270  0.321660
 9.43  8.763893  4.716460  0.736280  0.320582
 9.44  8.763897  4.716460  0.736290  0.319506
 9.45  8.763897  4.716460  0.736300  0.318431
 9.46  8.763897  4.716460  0.736320  0.317358
 9.47  8.763902  4.716460  0.736330  0.316286
 9.48  8.763902  4.716460  0.736340  0.315216
 9.49  8.763906  4.716460  0.736350  0.314147
 9.50  8.763906  4.716460  0.736360  0.313080
 9.51  8.763915  4.716465  0.736380  0.312015
 9.52  8.763915  4.716465  0.736390  0.310951
 9.53  8.763915  4.716465  0.736400  0.309888
 9.54  8.763920  4.716465  0.736410  0.308827
 9.55  8.763920  4.716465  0.736420  0.307768
 9.56  8.763924  4.716465  0.736440  0.306710
 9.57  8.763924  4.716465  0.736450  0.305653
 9.58  8.763929  4.716465  0.736460  0.304599
 9.59  8.763929  4.716465  0.736470  0.303545
 9.60  8.763929  4.716465  0.736480  0.302493
 9.61  8.763933  4.716465  0.736500  0.301443
 9.62  8.763933  4.716465  0.736510  0.300394
 9.63  8.763938  4.716465  0.736520  0.299347
 9.64  8.763938  4.716465  0.736530  0.298301
 9.65  8.763942  4.716465  0.736540  0.297256
 9.66  8.763942  4.716465  0.736560  0.296213
 9.67  8.763947  4.716469  0.736570  0.295172
 9.68  8.763951  4.716469  0.736580  0.294132
 9.69  8.763951  4.716469  0.736590  0.293093
 9.70  8.763956  4.716469  0.736600  0.292056
 9.71  8.763956  4.716469  0.736620  0.291021
 9.72  8.763960  4.716469  0.736630  0.289986
 9.73  8.763960  4.716469  0.736640  0.288954
 9.74  8.763960  4.716469  0.736650  0.287922
 9.75  8.763964  4.716469  0.736660  0.286893
 9.76  8.763964  4.716469  0.736670  0.285864
 9.77  8.763969  4.716469  0.736690  0.284837
 9.78  8.763969  4.716469  0.736700  0.283812
 9.79  8.763969  4.716469  0.736710  0.282788
 9.80  8.763973  4.716469  0.736720  0.281765
 9.81  8.763973  4.716469  0.736730  0.280744
 9.82  8.763978  4.716501  0.736740  0.279724
 9.83  8.763982  4.716505  0.736750  0.278706
 9.84  8.763987  4.716505  0.736770  0.277689
 9.85  8.763987  4.716505  0.736780  0.276673
 9.86  8.763987  4.716505  0.736790  0.275659
 9.87  8.763991  4.716505  0.736800  0.274646
 9.88  8.763991  4.716505  0.736810  0.273635
 9.89  8.763996  4.716505  0.736820  0.272625
 9.90  8.763996  4.716505  0.736830  0.271616
 9.91  8.764000  4.716505  0.736850  0.270609
 9.92  8.764000  4.716505  0.736860  0.269603
 9.93  8.764000  4.716505  0.736870  0.268599
 9.94  8.764005  4.716505  0.736880  0.267596
 9.95  8.764005  4.716505  0.736890  0.266594
 9.96  8.764009  4.716505  0.736900  0.265594
 9.97  8.764009  4.716505  0.736910  0.264595
 9.98  8.764014  4.716505  0.736930  0.263597
 9.99  8.764018  4.716510  0.736940  0.262601
10.00  8.764018  4.716510  0.736950  0.261606
10.01  8.764023  4.716510  0.736960  0.260613
10.02  8.764023  4.716510  0.736970  0.259621
10.03  8.764027  4.716510  0.736980  0.258630
10.04  8.764027  4.716510  0.736990  0.257640
10.05  8.764027  4.716510  0.737000  0.256652
10.06  8.764032  4.716510  0.737010  0.255665
10.07  8.764032  4.716510  0.737030  0.254680
10.08  8.764036  4.716510  0.737040  0.253696
10.09  8.764036  4.716510  0.737050  0.252713
10.10  8.764041  4.716510  0.737060  0.251732
10.11  8.764041  4.716510  0.737070  0.250752
10.12  8.764041  4.716510  0.737080  0.249773
10.13  8.764045  4.716510  0.737090  0.248795
10.14  8.764045  4.716510  0.737100  0.247819
10.15  8.764050  4.716510  0.737110  0.246844
10.16  8.764054  4.716514  0.737120  0.245871
10.17  8.764058  4.716514  0.737140  0.244898
10.18  8.764058  4.716514  0.737150  0.243927
10.19  8.764058  4.716514  0.737160  0.242958
10.20  8.764063  4.716546  0.737170  0.241989
10.21  8.764063  4.716546  0.737180  0.241022
10.22  8.764067  4.716546  0.737190  0.240056
10.23  8.764067  4.716546  0.737200  0.239092
10.24  8.764067  4.716546  0.737210  0.238129
10.25  8.764072  4.716546  0.737220  0.237167
10.26  8.764072  4.716546  0.737230  0.236206
10.27  8.764076  4.716546  0.737240  0.235247
10.28  8.764076  4.716546  0.737250  0.234288
10.29  8.764081  4.716546  0.737270  0.233332
10.30  8.764081  4.716546  0.737280  0.232376
10.31  8.764081  4.716546  0.737290  0.231422
10.32  8.764085  4.716546  0.737300  0.230469
10.33  8.764090  4.716550  0.737310  0.229517
10.34  8.764094  4.716550  0.737320  0.228566
10.35  8.764094  4.716550  0.737330  0.227617
10.36  8.764094  4.716550  0.737340  0.226669
10.37  8.764099  4.716550  0.737350  0.225722
10.38  8.764099  4.716550  0.737360  0.224776
10.39  8.764103  4.716550  0.737370  0.223832
10.40  8.764103  4.716550  0.737380  0.222889
10.41  8.764108  4.716550  0.737390  0.221947
10.42  8.764108  4.716550  0.737400  0.221006
10.43  8.764108  4.716550  0.737410  0.220067
10.44  8.764112  4.716550  0.737420  0.219128
10.45  8.764112  4.716550  0.737430  0.218191
10.46  8.764117  4.716550  0.737440  0.217255
10.47  8.764117  4.716550  0.737460  0.216321
10.48  8.764117  4.716550  0.737470  0.215388
10.49  8.764121  4.716550  0.737480  0.214455
10.50  8.764126  4.716555  0.737490  0.213524
10.51  8.764130  4.716555  0.737500  0.212595
10.52  8.764130  4.716555  0.737510  0.211666
10.53  8.764135  4.716555  0.737520  0.210739
10.54  8.764135  4.716555  0.737530  0.209812
10.55  8.764135  4.716555  0.737540  0.208887
10.56  8.764139  4.716555  0.737550  0.207964
10.57  8.764139  4.716555  0.737560  0.207041
10.58  8.764144  4.716586  0.737570  0.206120
10.59  8.764144  4.716586  0.737580  0.205199
10.60  8.764144  4.716586  0.737590  0.204280
10.61  8.764148  4.716586  0.737600  0.203362
10.62  8.764148  4.716586  0.737610  0.202446
10.63  8.764152  4.716586  0.737620  0.201530
10.64  8.764152  4.716586  0.737630  0.200616
10.65  8.764152  4.716586  0.737640  0.199702
10.66  8.764157  4.716586  0.737650  0.198790
10.67  8.764161  4.716591  0.737660  0.197879
10.68  8.764166  4.716591  0.737670  0.196970
10.69  8.764166  4.716591  0.737680  0.196061
10.70  8.764166  4.716591  0.737690  0.195154
10.71  8.764170  4.716591  0.737700  0.194247
10.72  8.764170  4.716591  0.737710  0.193342
10.73  8.764175  4.716591  0.737720  0.192438
10.74  8.764175  4.716591  0.737730  0.191535
10.75  8.764179  4.716591  0.737740  0.190634
10.76  8.764179  4.716591  0.737750  0.189733
10.77  8.764179  4.716591  0.737760  0.188834
10.78  8.764184  4.716591  0.737770  0.187935
10.79  8.764184  4.716591  0.737780  0.187038
10.80  8.764188  4.716591  0.737790  0.186142
10.81  8.764188  4.716591  0.737800  0.185247
10.82  8.764188  4.716591  0.737810  0.184353
10.83  8.764193  4.716591  0.737820  0.183460
10.84  8.764193  4.716591  0.737830  0.182569
10.85  8.764202  4.716595  0.737840  0.181678
10.86  8.764202  4.716595  0.737850  0.180789
10.87  8.764202  4.716595  0.737860  0.179901
10.88  8.764206  4.716595  0.737870  0.179013
10.89  8.764206  4.716595  0.737880  0.178127
10.90  8.764211  4.716595  0.737890  0.177242
10.91  8.764211  4.716595  0.737900  0.176358
10.92  8.764211  4.716595  0.737910  0.175476
10.93  8.764215  4.716595  0.737920  0.174594
10.94  8.764215  4.716595  0.737930  0.173713
10.95  8.764220  4.716595  0.737940  0.172834
10.96  8.764220  4.716627  0.737950  0.171955
10.97  8.764220  4.716627  0.737960  0.171078
10.98  8.764224  4.716627  0.737970  0.170202
10.99  8.764224  4.716627  0.737980  0.169327
11.00  8.764224  4.716627  0.737990  0.168452
11.01  8.764229  4.716627  0.738000  0.167579
11.02  8.764229  4.716627  0.738010  0.166707
11.03  8.764238  4.716631  0.738020  0.165837
11.04  8.764238  4.716631  0.738030  0.164967
11.05  8.764238  4.716631  0.738040  0.164098
11.06  8.764242  4.716631  0.738050  0.163230
11.07  8.764242  4.716631  0.738060  0.162364
11.08  8.764246  4.716631  0.738070  0.161498
11.09  8.764246  4.716631  0.738080  0.160633
11.10  8.764246  4.716631  0.738090  0.159770
11.11  8.764251  4.716631  0.738100  0.158908
11.12  8.764251  4.716631  0.738110  0.158046
11.13  8.764255  4.716631  0.738120  0.157186
11.14  8.764255  4.716631  0.738120  0.156327
11.15  8.764255  4.716631  0.738130  0.155468
11.16  8.764260  4.716631  0.738140  0.154611
11.17  8.764260  4.716631  0.738150  0.153755
11.18  8.764264  4.716631  0.738160  0.152900
11.19  8.764264  4.716631  0.738170  0.152046
11.20  8.764264  4.716631  0.738180  0.151192
11.21  8.764273  4.716636  0.738190  0.150340
11.22  8.764273  4.716636  0.738200  0.149489
11.23  8.764278  4.716636  0.738210  0.148639
11.24  8.764278  4.716636  0.738220  0.147790
11.25  8.764278  4.716636  0.738230  0.146942
11.26  8.764282  4.716636  0.738240  0.146095
11.27  8.764282  4.716636  0.738250  0.145249
11.28  8.764282  4.716636  0.738260  0.144405
11.29  8.764287  4.716636  0.738270  0.143561
11.30  8.764287  4.716636  0.738280  0.142718
11.31  8.764291  4.716636  0.738290  0.141876
11.32  8.764291  4.716636  0.738300  0.141035
11.33  8.764291  4.716636  0.738310  0.140195
11.34  8.764296  4.716636  0.738310  0.139356
11.35  8.764296  4.716636  0.738320  0.138518
11.36  8.764300  4.716667  0.738330  0.137681
11.37  8.764300  4.716667  0.738340  0.136845
11.38  8.764300  4.716667  0.738350  0.136010
11.39  8.764305  4.716667  0.738360  0.135176
11.40  8.764305  4.716667  0.738370  0.134343
11.41  8.764309  4.716672  0.738380  0.133511
11.42  8.764314  4.716672  0.738390  0.132680
11.43  8.764314  4.716672  0.738400  0.131850
11.44  8.764318  4.716672  0.738410  0.131021
11.45  8.764318  4.716672  0.738420  0.130193
11.46  8.764318  4.716672  0.738430  0.129366
11.47  8.764323  4.716672  0.738440  0.128540
11.48  8.764323  4.716672  0.738440  0.127715
11.49  8.764323  4.716672  0.738450  0.126891
11.50  8.764327  4.716672  0.738460  0.126068
11.51  8.764327  4.716672  0.738470  0.125245
11.52  8.764331  4.716672  0.738480  0.124424
11.53  8.764331  4.716672  0.738490  0.123604
11.54  8.764331  4.716672  0.738500  0.122784
11.55  8.764336  4.716672  0.738510  0.121966
11.56  8.764336  4.716672  0.738520  0.121148
11.57  8.764336  4.716672  0.738530  0.120332
11.58  8.764340  4.716672  0.738540  0.119516
11.59  8.764340  4.716672  0.738550  0.118702
11.60  8.764345  4.716672  0.738550  0.117888
11.61  8.764349  4.716676  0.738560  0.117075
11.62  8.764349  4.716676  0.738570  0.116264
11.63  8.764354  4.716676  0.738580  0.115453
11.64  8.764354  4.716676  0.738590  0.114643
11.65  8.764354  4.716676  0.738600  0.113834
11.66  8.764358  4.716676  0.738610  0.113026
11.67  8.764358  4.716676  0.738620  0.112219
11.68  8.764363  4.716676  0.738630  0.111413
11.69  8.764363  4.716676  0.738640  0.110607
11.70  8.764363  4.716676  0.738640  0.109803
11.71  8.764367  4.716676  0.738650  0.109000
11.72  8.764367  4.716676  0.738660  0.108197
11.73  8.764367  4.716676  0.738670  0.107396
11.74  8.764372  4.716676  0.738680  0.106595
11.75  8.764372  4.716676  0.738690  0.105795
11.76  8.764376  4.716708  0.738700  0.104996
11.77  8.764376  4.716708  0.738710  0.104199
11.78  8.764376  4.716708  0.738720  0.103402
11.79  8.764381  4.716708  0.738730  0.102605
11.80  8.764381  4.716708  0.738730  0.101810
11.81  8.764385  4.716712  0.738740  0.101016
11.82  8.764390  4.716712  0.738750  0.100223
11.83  8.764390  4.716712  0.738760  0.099430
11.84  8.764390  4.716712  0.738770  0.098639
11.85  8.764394  4.716712  0.738780  0.097848
11.86  8.764394  4.716712  0.738790  0.097058
11.87  8.764399  4.716712  0.738800  0.096269
11.88  8.764399  4.716712  0.738810  0.095481
11.89  8.764399  4.716712  0.738810  0.094694
11.90  8.764403  4.716712  0.738820  0.093908
11.91  8.764403  4.716712  0.738830  0.093123
11.92  8.764403  4.716712  0.738840  0.092338
11.93  8.764408  4.716712  0.738850  0.091555
11.94  8.764408  4.716712  0.738860  0.090772
11.95  8.764408  4.716712  0.738870  0.089990
11.96  8.764412  4.716712  0.738880  0.089210
11.97  8.764412  4.716712  0.738880  0.088430
11.98  8.764416  4.716712  0.738890  0.087650
11.99  8.764416  4.716712  0.738900  0.086872
12.00  8.764416  4.716712  0.738910  0.086095
12.01  8.764421  4.716712  0.738920  0.085318
12.02  8.764421  4.716712  0.738930  0.084542
12.03  8.764425  4.716717  0.738940  0.083768
12.04  8.764430  4.716717  0.738950  0.082994
12.05  8.764430  4.716717  0.738950  0.082221
12.06  8.764430  4.716717  0.738960  0.081448
12.07  8.764434  4.716717  0.738970  0.080677
12.08  8.764434  4.716717  0.738980  0.079907
12.09  8.764434  4.716717  0.738990  0.079137
12.10  8.764439  4.716717  0.739000  0.078368
12.11  8.764439  4.716717  0.739010  0.077600
12.12  8.764439  4.716717  0.739010  0.076833
12.13  8.764443  4.716717  0.739020  0.076067
12.14  8.764443  4.716717  0.739030  0.075302
12.15  8.764448  4.716717  0.739040  0.074537
12.16  8.764448  4.716717  0.739050  0.073773
12.17  8.764448  4.716717  0.739060  0.073010
12.18  8.764452  4.716717  0.739070  0.072248
12.19  8.764452  4.716748  0.739070  0.071487
12.20  8.764452  4.716748  0.739080  0.070727
12.21  8.764457  4.716748  0.739090  0.069967
12.22  8.764457  4.716748  0.739100  0.069209
12.23  8.764457  4.716748  0.739110  0.068451
12.24  8.764466  4.716753  0.739120  0.067694
12.25  8.764466  4.716753  0.739130  0.066938
12.26  8.764466  4.716753  0.739130  0.066182
12.27  8.764470  4.716753  0.739140  0.065428
12.28  8.764470  4.716753  0.739150  0.064674
12.29  8.764470  4.716753  0.739160  0.063921
12.30  8.764475  4.716753  0.739170  0.063169
12.31  8.764475  4.716753  0.739180  0.062418
12.32  8.764475  4.716753  0.739190  0.061668
12.33  8.764479  4.716753  0.739190  0.060918
12.34  8.764479  4.716753  0.739200  0.060169
12.35  8.764484  4.716753  0.739210  0.059421
12.36  8.764484  4.716753  0.739220  0.058674
12.37  8.764484  4.716753  0.739230  0.057928
12.38  8.764488  4.716753  0.739240  0.057182
12.39  8.764488  4.716753  0.739240  0.056437
12.40  8.764488  4.716753  0.739250  0.055693
12.41  8.764493  4.716753  0.739260  0.054950
12.42  8.764493  4.716753  0.739270  0.054208
12.43  8.764493  4.716753  0.739280  0.053466
12.44  8.764497  4.716753  0.739290  0.052726
12.45  8.764497  4.716753  0.739290  0.051986
12.46  8.764497  4.716753  0.739300  0.051247
12.47  8.764506  4.716757  0.739310  0.050508
12.48  8.764506  4.716757  0.739320  0.049771
12.49  8.764506  4.716757  0.739330  0.049034
12.50  8.764510  4.716757  0.739340  0.048298
12.51  8.764510  4.716757  0.739340  0.047563
12.52  8.764510  4.716757  0.739350  0.046828
12.53  8.764515  4.716757  0.739360  0.046095
12.54  8.764515  4.716757  0.739370  0.045362
12.55  8.764515  4.716757  0.739380  0.044630
12.56  8.764519  4.716757  0.739390  0.043899
12.57  8.764519  4.716757  0.739390  0.043168
12.58  8.764519  4.716757  0.739400  0.042439
12.59  8.764524  4.716757  0.739410  0.041710
12.60  8.764524  4.716757  0.739420  0.040981
12.61  8.764524  4.716757  0.739430  0.040254
12.62  8.764528  4.716757  0.739440  0.039527
12.63  8.764528  4.716757  0.739440  0.038802
12.64  8.764528  4.716789  0.739450  0.038077
12.65  8.764533  4.716789  0.739460  0.037352
12.66  8.764533  4.716789  0.739470  0.036629
12.67  8.764533  4.716789  0.739480  0.035906
12.68  8.764537  4.716789  0.739480  0.035184
12.69  8.764537  4.716789  0.739490  0.034463
12.70  8.764542  4.716793  0.739500  0.033742
12.71  8.764546  4.716793  0.739510  0.033022
12.72  8.764546  4.716793  0.739520  0.032304
12.73  8.764546  4.716793  0.739530  0.031585
12.74  8.764551  4.716793  0.739530  0.030868
12.75  8.764551  4.716793  0.739540  0.030151
12.76  8.764551  4.716793  0.739550  0.029435
12.77  8.764555  4.716793  0.739560  0.028720
12.78  8.764555  4.716793  0.739570  0.028006
12.79  8.764555  4.716793  0.739570  0.027292
12.80  8.764560  4.716793  0.739580  0.026579
12.81  8.764560  4.716793  0.739590  0.025867
12.82  8.764560  4.716793  0.739600  0.025155
12.83  8.764564  4.716793  0.739610  0.024444
12.84  8.764564  4.716793  0.739610  0.023734
12.85  8.764564  4.716793  0.739620  0.023025
12.86  8.764569  4.716793  0.739630  0.022317
12.87  8.764569  4.716793  0.739640  0.021609
12.88  8.764569  4.716793  0.739650  0.020902
12.89  8.764573  4.716793  0.739650  0.020196
12.90  8.764573  4.716793  0.739660  0.019490
12.91  8.764573  4.716793  0.739670  0.018785
12.92  8.764577  4.716793  0.739680  0.018081
12.93  8.764577  4.716793  0.739690  0.017378
12.94  8.764582  4.716798  0.739690  0.016675
12.95  8.764586  4.716798  0.739700  0.015973
12.96  8.764586  4.716798  0.739710  0.015272
12.97  8.764586  4.716798  0.739720  0.014571
12.98  8.764591  4.716798  0.739730  0.013872
12.99  8.764591  4.716798  0.739730  0.013173
13.00  8.764591  4.716798  0.739740  0.012474
13.01  8.764595  4.716798  0.739750  0.011777
13.02  8.764595  4.716798  0.739760  0.011080
13.03  8.764595  4.716798  0.739770  0.010384
13.04  8.764595  4.716798  0.739770  0.009688
13.05  8.764600  4.716798  0.739780  0.008994
13.06  8.764600  4.716798  0.739790  0.008299
13.07  8.764600  4.716798  0.739800  0.007606
13.08  8.764604  4.716798  0.739810  0.006914
13.09  8.764604  4.716798  0.739810  0.006222
13.10  8.764604  4.716798  0.739820  0.005530
13.11  8.764609  4.716798  0.739830  0.004840
13.12  8.764609  4.716798  0.739840  0.004150
13.13  8.764609  4.716829  0.739840  0.003461
13.14  8.764613  4.716829  0.739850  0.002773
13.15  8.764613  4.716829  0.739860  0.002085
13.16  8.764613  4.716829  0.739870  0.001398
13.17  8.764618  4.716829  0.739880  0.000712
13.18  8.764618  4.716829  0.739880  0.000026
13.19  8.764618  4.716829  0.739890 -1.000000
13.20  8.764622  4.716834  0.739900 -1.000000
13.21  8.764627  4.716834  0.739910 -1.000000
13.22  8.764627  4.716834  0.739910 -1.000000
13.23  8.764627  4.716834  0.739920 -1.000000
13.24  8.764631  4.716834  0.739930 -1.000000
13.25  8.764631  4.716834  0.739940 -1.000000
13.26  8.764631  4.716834  0.739950 -1.000000
13.27  8.764636  4.716834  0.739950 -1.000000
13.28  8.764636  4.716834  0.739960 -1.000000
13.29  8.764636  4.716834  0.739970 -1.000000
13.30  8.764640  4.716834  0.739980 -1.000000
13.31  8.764640  4.716834  0.739980 -1.000000
13.32  8.764640  4.716834  0.739990 -1.000000
13.33  8.764640  4.716834  0.740000 -1.000000
13.34  8.764645  4.716834  0.740010 -1.000000
13.35  8.764645  4.716834  0.740020 -1.000000
13.36  8.764645  4.716834  0.740020 -1.000000
13.37  8.764649  4.716834  0.740030 -1.000000
13.38  8.764649  4.716834  0.740040 -1.000000
13.39  8.764649  4.716834  0.740050 -1.000000
13.40  8.764653  4.716834  0.740050 -1.000000
13.41  8.764653  4.716834  0.740060 -1.000000
13.42  8.764653  4.716834  0.740070 -1.000000
13.43  8.764658  4.716834  0.740080 -1.000000
13.44  8.764658  4.716834  0.740080 -1.000000
13.45  8.764658  4.716834  0.740090 -1.000000
13.46  8.764658  4.716834  0.740100 -1.000000
13.47  8.764667  4.716838  0.740110 -1.000000
13.48  8.764667  4.716838  0.740120 -1.000000
13.49  8.764667  4.716838  0.740120 -1.000000
13.50  8.764671  4.716838  0.740130 -1.000000
13.51  8.764671  4.716838  0.740140 -1.000000
13.52  8.764671  4.716838  0.740150 -1.000000
13.53  8.764676  4.716838  0.740150 -1.000000
13.54  8.764676  4.716838  0.740160 -1.000000
13.55  8.764676  4.716838  0.740170 -1.000000
13.56  8.764680  4.716838  0.740180 -1.000000
13.57  8.764680  4.716838  0.740180 -1.000000
13.58  8.764680  4.716838  0.740190 -1.000000
13.59  8.764680  4.716838  0.740200 -1.000000
13.60  8.764685  4.716838  0.740210 -1.000000
13.61  8.764685  4.716838  0.740210 -1.000000
13.62  8.764685  4.716838  0.740220 -1.000000
13.63  8.764689  4.716838  0.740230 -1.000000
13.64  8.764689  4.716869  0.740240 -1.000000
13.65  8.764689  4.716869  0.740240 -1.000000
13.66  8.764694  4.716869  0.740250 -1.000000
13.67  8.764694  4.716869  0.740260 -1.000000
13.68  8.764694  4.716869  0.740270 -1.000000
13.69  8.764694  4.716869  0.740280 -1.000000
13.70  8.764698  4.716869  0.740280 -1.000000
13.71  8.764698  4.716869  0.740290 -1.000000
13.72  8.764698  4.716869  0.740300 -1.000000
13.73  8.764703  4.716869  0.740310 -1.000000
13.74  8.764703  4.716869  0.740310 -1.000000
13.75  8.764703  4.716869  0.740320 -1.000000
13.76  8.764712  4.716874  0.740330 -1.000000
13.77  8.764712  4.716874  0.740340 -1.000000
13.78  8.764712  4.716874  0.740340 -1.000000
13.79  8.764716  4.716874  0.740350 -1.000000
13.80  8.764716  4.716874  0.740360 -1.000000
13.81  8.764716  4.716874  0.740370 -1.000000
13.82  8.764716  4.716874  0.740370 -1.000000
13.83  8.764721  4.716874  0.740380 -1.000000
13.84  8.764721  4.716874  0.740390 -1.000000
13.85  8.764721  4.716874  0.740400 -1.000000
13.86  8.764725  4.716874  0.740400 -1.000000
13.87  8.764725  4.716874  0.740410 -1.000000
13.88  8.764725  4.716874  0.740420 -1.000000
13.89  8.764730  4.716874  0.740430 -1.000000
13.90  8.764730  4.716874  0.740430 -1.000000
13.91  8.764730  4.716874  0.740440 -1.000000
13.92  8.764730  4.716874  0.740450 -1.000000
13.93  8.764734  4.716874  0.740450 -1.000000
13.94  8.764734  4.716874  0.740460 -1.000000
13.95  8.764734  4.716874  0.740470 -1.000000
13.96  8.764738  4.716874  0.740480 -1.000000
13.97  8.764738  4.716874  0.740480 -1.000000
13.98  8.764738  4.716874  0.740490 -1.000000
13.99  8.764743  4.716874  0.740500 -1.000000
14.00  8.764743  4.716874  0.740510 -1.000000
14.01  8.764743  4.716874  0.740510 -1.000000
14.02  8.764743  4.716874  0.740520 -1.000000
14.03  8.764747  4.716874  0.740530 -1.000000
14.04  8.764747  4.716874  0.740540 -1.000000
14.05  8.764747  4.716874  0.740540 -1.000000
14.06  8.764752  4.716874  0.740550 -1.000000
14.07  8.764756  4.716879  0.740560 -1.000000
14.08  8.764756  4.716879  0.740570 -1.000000
14.09  8.764756  4.716879  0.740570 -1.000000
14.10  8.764761  4.716879  0.740580 -1.000000
14.11  8.764761  4.716879  0.740590 -1.000000
14.12  8.764761  4.716879  0.740600 -1.000000
14.13  8.764765  4.716879  0.740600 -1.000000
14.14  8.764765  4.716879  0.740610 -1.000000
14.15  8.764765  4.716879  0.740620 -1.000000
14.16  8.764770  4.716879  0.740630 -1.000000
14.17  8.764770  4.716879  0.740630 -1.000000
14.18  8.764770  4.716910  0.740640 -1.000000
14.19  8.764770  4.716910  0.740650 -1.000000
14.20  8.764774  4.716910  0.740650 -1.000000
14.21  8.764774  4.716910  0.740660 -1.000000
14.22  8.764774  4.716910  0.740670 -1.000000
14.23  8.764779  4.716910  0.740680 -1.000000
14.24  8.764779  4.716910  0.740680 -1.000000
14.25  8.764779  4.716910  0.740690 -1.000000
14.26  8.764783  4.716910  0.740700 -1.000000
14.27  8.764783  4.716910  0.740710 -1.000000
14.28  8.764783  4.716910  0.740710 -1.000000
14.29  8.764783  4.716910  0.740720 -1.000000
14.30  8.764788  4.716910  0.740730 -1.000000
14.31  8.764788  4.716910  0.740730 -1.000000
14.32  8.764788  4.716910  0.740740 -1.000000
14.33  8.764792  4.716910  0.740750 -1.000000
14.34  8.764792  4.716910  0.740760 -1.000000
14.35  8.764792  4.716910  0.740760 -1.000000
14.36  8.764792  4.716910  0.740770 -1.000000
14.37  8.764797  4.716910  0.740780 -1.000000
14.38  8.764797  4.716910  0.740790 -1.000000
14.39  8.764801  4.716914  0.740790 -1.000000
14.40  8.764806  4.716914  0.740800 -1.000000
14.41  8.764806  4.716914  0.740810 -1.000000
14.42  8.764806  4.716914  0.740810 -1.000000
14.43  8.764806  4.716914  0.740820 -1.000000
14.44  8.764810  4.716914  0.740830 -1.000000
14.45  8.764810  4.716914  0.740840 -1.000000
14.46  8.764810  4.716914  0.740840 -1.000000
14.47  8.764814  4.716914  0.740850 -1.000000
14.48  8.764814  4.716914  0.740860 -1.000000
14.49  8.764814  4.716914  0.740870 -1.000000
14.50  8.764819  4.716914  0.740870 -1.000000
14.51  8.764819  4.716914  0.740880 -1.000000
14.52  8.764819  4.716914  0.740890 -1.000000
14.53  8.764819  4.716914  0.740890 -1.000000
14.54  8.764823  4.716914  0.740900 -1.000000
14.55  8.764823  4.716914  0.740910 -1.000000
14.56  8.764823  4.716914  0.740920 -1.000000
14.57  8.764828  4.716914  0.740920 -1.000000
14.58  8.764828  4.716914  0.740930 -1.000000
14.59  8.764828  4.716914  0.740940 -1.000000
14.60  8.764828  4.716914  0.740940 -1.000000
14.61  8.764832  4.716914  0.740950 -1.000000
14.62  8.764832  4.716914  0.740960 -1.000000
14.63  8.764832  4.716914  0.740970 -1.000000
14.64  8.764837  4.716914  0.740970 -1.000000
14.65  8.764837  4.716914  0.740980 -1.000000
14.66  8.764837  4.716914  0.740990 -1.000000
14.67  8.764837  4.716914  0.740990 -1.000000
14.68  8.764841  4.716914  0.741000 -1.000000
14.69  8.764841  4.716914  0.741010 -1.000000
14.70  8.764841  4.716914  0.741020 -1.000000
14.71  8.764846  4.716914  0.741020 -1.000000
14.72  8.764846  4.716946  0.741030 -1.000000
14.73  8.764846  4.716946  0.741040 -1.000000
14.74  8.764846  4.716946  0.741040 -1.000000
14.75  8.764855  4.716950  0.741050 -1.000000
14.76  8.764855  4.716950  0.741060 -1.000000
14.77  8.764855  4.716950  0.741070 -1.000000
14.78  8.764859  4.716950  0.741070 -1.000000
14.79  8.764859  4.716950  0.741080 -1.000000
14.80  8.764859  4.716950  0.741090 -1.000000
14.81  8.764859  4.716950  0.741090 -1.000000
14.82  8.764864  4.716950  0.741100 -1.000000
14.83  8.764864  4.716950  0.741110 -1.000000
14.84  8.764864  4.716950  0.741110 -1.000000
14.85  8.764868  4.716950  0.741120 -1.000000
14.86  8.764868  4.716950  0.741130 -1.000000
14.87  8.764868  4.716950  0.741140 -1.000000
14.88  8.764868  4.716950  0.741140 -1.000000
14.89  8.764873  4.716950  0.741150 -1.000000
14.90  8.764873  4.716950  0.741160 -1.000000
14.91  8.764873  4.716950  0.741160 -1.000000
14.92  8.764873  4.716950  0.741170 -1.000000
14.93  8.764877  4.716950  0.741180 -1.000000
14.94  8.764877  4.716950  0.741190 -1.000000
14.95  8.764877  4.716950  0.741190 -1.000000
14.96  8.764881  4.716950  0.741200 -1.000000
14.97  8.764881  4.716950  0.741210 -1.000000
14.98  8.764881  4.716950  0.741210 -1.000000
14.99  8.764881  4.716950  0.741220 -1.000000
15.00  8.764886  4.716950  0.741230 -1.000000
