 t       A(O)      A(F)      fg       z
 0.01 -8.000000 -8.000000  0.005000 17.875046
 0.02 -8.000000 -8.000000  0.014744 17.297863
 0.03  6.091044  1.983734  0.024089 16.762863
 0.04  6.650322  2.474997  0.033052 16.265319
 0.05  6.961642  2.753767  0.041653 15.801207
 0.06  7.161439  2.948849  0.049905 15.367069
 0.07  7.303876  3.094400  0.057823 14.959923
 0.08  7.413271  3.208041  0.065419 14.577180
 0.09  7.501561  3.300350  0.072705 14.216581
 0.10  7.575395  3.377757  0.079692 13.876144
 0.11  7.638738  3.444218  0.086390 13.554124
 0.12  7.694059  3.502295  0.092810 13.248976
 0.13  7.743041  3.553758  0.098962 12.959330
 0.14  7.786910  3.599827  0.104850 12.683961
 0.15  7.826451  3.641358  0.110500 12.421776
 0.16  7.862341  3.679540  0.115900 12.171794
 0.17  7.895210  3.715143  0.121060 11.933129
 0.18  7.925456  3.748360  0.126010 11.704983
 0.19  7.953504  3.779464  0.130730 11.486634
 0.20  7.979625  3.808738  0.135240 11.277425
 0.21  8.004022  3.836277  0.139560 11.076758
 0.22  8.026946  3.862337  0.143670 10.884090
 0.23  8.048214  3.886716  0.147590 10.698921
 0.24  8.067957  3.909590  0.151330 10.520794
 0.25  8.086615  3.931335  0.154890 10.349292
 0.26  8.104360  3.952068  0.158270 10.184027
 0.27  8.121349  3.971927  0.161490 10.024645
 0.28  8.137544  3.990905  0.164540  9.870818
 0.29  8.153087  4.009156  0.167440  9.722241
 0.30  8.167979  4.026642  0.170180  9.578635
 0.31  8.182299  4.043518  0.172780  9.439737
 0.32  8.196036  4.059732  0.175240  9.305306
 0.33  8.209297  4.075415  0.177560  9.175115
 0.34  8.222028  4.090507  0.179750  9.048955
 0.35  8.234318  4.105107  0.181820  8.926630
 0.36  8.246124  4.119188  0.183760  8.807956
 0.37  8.257586  4.132878  0.185580  8.692762
 0.38  8.268627  4.146106  0.187290  8.580887
 0.39  8.279378  4.159004  0.188880  8.472182
 0.40  8.289746  4.171486  0.190380  8.366503
 0.41  8.299896  4.183558  0.191770  8.263719
 0.42  8.309804  4.195041  0.193060  8.163706
 0.43  8.319457  4.206201  0.194260  8.066344
 0.44  8.328713  4.217084  0.195370  7.971523
 0.45  8.337689  4.227787  0.196390  7.879140
 0.46  8.346368  4.238286  0.197320  7.789094
 0.47  8.354699  4.248537  0.198180  7.701293
 0.48  8.362813  4.258643  0.198960  7.615648
 0.49  8.370659  4.268561  0.199660  7.532076
 0.50  8.378225  4.278263  0.200290  7.450498
 0.51  8.385607  4.287834  0.200850  7.370838
 0.52  8.392772  4.297237  0.201340  7.293025
 0.53  8.399684  4.306444  0.201770  7.216992
 0.54  8.406447  4.315538  0.202130  7.142675
 0.55  8.413026  4.324490  0.202430  7.070011
 0.56  8.419427  4.333296  0.202670  6.998943
 0.57  8.425623  4.341927  0.202860  6.929416
 0.58  8.431696  4.350473  0.202990  6.861376
 0.59  8.437617  4.358887  0.203060  6.794774
 0.60  8.443348  4.367139  0.203090  6.729561
 0.61  8.448981  4.375311  0.203070  6.665691
 0.62  8.454434  4.383328  0.203000  6.603122
 0.63  8.459804  4.391273  0.202880  6.541809
 0.64  8.465045  4.399106  0.202720  6.481715
 0.65  8.470134  4.406793  0.202520  6.422800
 0.66  8.475144  4.414425  0.202280  6.365028
 0.67  8.480000  4.421918  0.202000  6.308364
 0.68  8.484799  4.429378  0.201680  6.252773
 0.69  8.489485  4.436763  0.201320  6.198225
 0.70  8.494034  4.444022  0.200930  6.144687
 0.71  8.498534  4.451264  0.200510  6.092130
 0.72  8.502893  4.458404  0.200060  6.040526
 0.73  8.507201  4.465520  0.199570  5.989848
 0.74  8.511388  4.472557  0.199060  5.940068
 0.75  8.515527  4.479586  0.198520  5.891162
 0.76  8.519542  4.486533  0.197950  5.843105
 0.77  8.523522  4.493493  0.197350  5.795874
 0.78  8.527388  4.500375  0.196730  5.749447
 0.79  8.531214  4.507271  0.196090  5.703801
 0.80  8.534929  4.514113  0.195430  5.658916
 0.81  8.538616  4.520967  0.194740  5.614772
 0.82  8.542188  4.527751  0.194040  5.571349
 0.83  8.545736  4.534544  0.193320  5.528629
 0.84  8.549206  4.541301  0.192570  5.486593
 0.85  8.552629  4.548088  0.191810  5.445225
 0.86  8.556022  4.554878  0.191040  5.404506
 0.87  8.559362  4.561593  0.190250  5.364422
 0.88  8.562655  4.568236  0.189440  5.324956
 0.89  8.565902  4.574830  0.188620  5.286093
 0.90  8.569096  4.581367  0.187780  5.247819
 0.91  8.572255  4.587771  0.186940  5.210119
 0.92  8.575367  4.594126  0.186080  5.172980
 0.93  8.578439  4.600354  0.185200  5.136389
 0.94  8.581472  4.606498  0.184320  5.100331
 0.95  8.584466  4.612521  0.183430  5.064797
 0.96  8.587411  4.618462  0.182520  5.029772
 0.97  8.590326  4.624252  0.181610  4.995245
 0.98  8.593204  4.629895  0.180690  4.961206
 0.99  8.596045  4.635432  0.179750  4.927644
 1.00  8.598853  4.640826  0.178810  4.894546
 1.01  8.601630  4.646090  0.177860  4.861905
 1.02  8.604364  4.651215  0.176900  4.829708
 1.03  8.607075  4.656183  0.175940  4.797948
 1.04  8.609751  4.661063  0.174970  4.766613
 1.05  8.612391  4.665784  0.173990  4.735696
 1.06  8.615003  4.670390  0.173000  4.705187
 1.07  8.617586  4.674845  0.172010  4.675079
 1.08  8.620140  4.679196  0.171010  4.645361
 1.09  8.622665  4.683435  0.170010  4.616027
 1.10  8.625155  4.687566  0.169010  4.587068
 1.11  8.627624  4.691569  0.167990  4.558477
 1.12  8.630065  4.695500  0.166980  4.530247
 1.13  8.632480  4.699307  0.165960  4.502369
 1.14  8.634873  4.703048  0.164940  4.474838
 1.15  8.637227  4.706692  0.163920  4.447646
 1.16  8.639567  4.710249  0.162890  4.420786
 1.17  8.641880  4.713719  0.161860  4.394253
 1.18  8.644159  4.717158  0.160840  4.368039
 1.19  8.646417  4.720481  0.159810  4.342139
 1.20  8.648653  4.723751  0.158780  4.316547
 1.21  8.650862  4.726968  0.157750  4.291256
 1.22  8.653050  4.730104  0.156720  4.266262
 1.23  8.655216  4.733190  0.155690  4.241558
 1.24  8.657352  4.736192  0.154660  4.217139
 1.25  8.659473  4.739151  0.153630  4.193001
 1.26  8.661563  4.742058  0.152600  4.169137
 1.27  8.663633  4.744890  0.151580  4.145543
 1.28  8.665683  4.747705  0.150550  4.122214
 1.29  8.667709  4.750446  0.149530  4.099145
 1.30  8.669710  4.753144  0.148510  4.076331
 1.31  8.671693  4.755794  0.147490  4.053769
 1.32  8.673651  4.758406  0.146480  4.031454
 1.33  8.675591  4.760971  0.145460  4.009380
 1.34  8.677507  4.763499  0.144450  3.987545
 1.35  8.679406  4.765983  0.143440  3.965944
 1.36  8.681282  4.768426  0.142440  3.944573
 1.37  8.683135  4.770856  0.141440  3.923428
 1.38  8.684966  4.773216  0.140440  3.902506
 1.39  8.686784  4.775542  0.139440  3.881801
 1.40  8.688580  4.777857  0.138450  3.861312
 1.41  8.690355  4.780103  0.137470  3.841034
 1.42  8.692108  4.782339  0.136480  3.820964
 1.43  8.693844  4.784538  0.135500  3.801099
 1.44  8.695564  4.786701  0.134530  3.781434
 1.45  8.697263  4.788854  0.133560  3.761968
 1.46  8.698941  4.790945  0.132590  3.742696
 1.47  8.700603  4.793028  0.131630  3.723616
 1.48  8.702249  4.795102  0.130670  3.704724
 1.49  8.703871  4.797111  0.129720  3.686017
 1.50  8.705477  4.799112  0.128770  3.667494
 1.51  8.707067  4.801083  0.127830  3.649150
 1.52  8.708638  4.803017  0.126890  3.630983
 1.53  8.710195  4.804944  0.125960  3.612990
 1.54  8.711731  4.806838  0.125030  3.595169
 1.55  8.713244  4.808695  0.124110  3.577517
 1.56  8.714751  4.810549  0.123200  3.560031
 1.57  8.716235  4.812367  0.122290  3.542709
 1.58  8.717705  4.814158  0.121380  3.525549
 1.59  8.719160  4.815938  0.120480  3.508547
 1.60  8.720597  4.817687  0.119590  3.491702
 1.61  8.722021  4.819430  0.118700  3.475012
 1.62  8.723425  4.821143  0.117820  3.458473
 1.63  8.724821  4.822825  0.116940  3.442085
 1.64  8.726199  4.824502  0.116070  3.425844
 1.65  8.727559  4.826144  0.115200  3.409748
 1.66  8.728911  4.827786  0.114340  3.393796
 1.67  8.730245  4.829393  0.113480  3.377986
 1.68  8.731565  4.830972  0.112630  3.362314
 1.69  8.732878  4.832550  0.111790  3.346781
 1.70  8.734173  4.834095  0.110950  3.331382
 1.71  8.735451  4.835630  0.110120  3.316118
 1.72  8.736721  4.837142  0.109300  3.300985
 1.73  8.737978  4.838649  0.108480  3.285982
 1.74  8.739228  4.840129  0.107660  3.271107
 1.75  8.740456  4.841599  0.106850  3.256358
 1.76  8.741676  4.843042  0.106050  3.241734
 1.77  8.742889  4.844462  0.105250  3.227233
 1.78  8.744085  4.845874  0.104460  3.212854
 1.79  8.745270  4.847259  0.103670  3.198594
 1.80  8.746447  4.848640  0.102890  3.184452
 1.81  8.747612  4.850017  0.102120  3.170426
 1.82  8.748765  4.851367  0.101350  3.156516
 1.83  8.749911  4.852692  0.100590  3.142719
 1.84  8.751046  4.854008  0.099832  3.129034
 1.85  8.752169  4.855302  0.099081  3.115459
 1.86  8.753280  4.856589  0.098335  3.101994
 1.87  8.754389  4.857877  0.097595  3.088636
 1.88  8.755487  4.859135  0.096860  3.075384
 1.89  8.756569  4.860368  0.096132  3.062238
 1.90  8.757649  4.861597  0.095409  3.049195
 1.91  8.758717  4.862801  0.094691  3.036254
 1.92  8.759775  4.864003  0.093979  3.023414
 1.93  8.760825  4.865201  0.093272  3.010674
 1.94  8.761865  4.866370  0.092571  2.998032
 1.95  8.762903  4.867519  0.091876  2.985488
 1.96  8.763925  4.868661  0.091186  2.973040
 1.97  8.764945  4.869783  0.090502  2.960686
 1.98  8.765950  4.870898  0.089822  2.948427
 1.99  8.766949  4.872011  0.089149  2.936259
 2.00  8.767941  4.873099  0.088481  2.924184
 2.01  8.768932  4.874185  0.087816  2.912198
 2.02  8.769934  4.875269  0.087151  2.900302
 2.03  8.770938  4.876329  0.086488  2.888494
 2.04  8.771931  4.877403  0.085830  2.876773
 2.05  8.772928  4.878459  0.085177  2.865138
 2.06  8.773909  4.879508  0.084528  2.853588
 2.07  8.774901  4.880533  0.083885  2.842123
 2.08  8.775848  4.881556  0.083247  2.830740
 2.09  8.776836  4.882577  0.082613  2.819439
 2.10  8.777780  4.883597  0.081985  2.808220
 2.11  8.778722  4.884593  0.081360  2.797081
 2.12  8.779662  4.885587  0.080742  2.786021
 2.13  8.780596  4.886553  0.080128  2.775040
 2.14  8.781532  4.887543  0.079518  2.764136
 2.15  8.782463  4.888485  0.078914  2.753308
 2.16  8.783396  4.889451  0.078315  2.742557
 2.17  8.784324  4.890389  0.077720  2.731880
 2.18  8.785207  4.891326  0.077130  2.721277
 2.19  8.786131  4.892260  0.076545  2.710748
 2.20  8.787016  4.893177  0.075965  2.700291
 2.21  8.787932  4.894083  0.075389  2.689905
 2.22  8.788809  4.894993  0.074817  2.679591
 2.23  8.789685  4.895879  0.074251  2.669346
 2.24  8.790601  4.896765  0.073688  2.659171
 2.25  8.791474  4.897649  0.073131  2.649064
 2.26  8.792341  4.898526  0.072578  2.639025
 2.27  8.793210  4.899387  0.072029  2.629053
 2.28  8.794074  4.900241  0.071484  2.619147
 2.29  8.794941  4.901078  0.070944  2.609307
 2.30  8.795802  4.901909  0.070409  2.599532
 2.31  8.796620  4.902759  0.069877  2.589821
 2.32  8.797479  4.903567  0.069350  2.580173
 2.33  8.798340  4.904399  0.068827  2.570588
 2.34  8.799154  4.905205  0.068309  2.561066
 2.35  8.800009  4.906009  0.067794  2.551605
 2.36  8.800861  4.906812  0.067284  2.542205
 2.37  8.801672  4.907614  0.066777  2.532865
 2.38  8.802522  4.908394  0.066275  2.523585
 2.39  8.803325  4.909169  0.065777  2.514364
 2.40  8.804173  4.909947  0.065282  2.505201
 2.41  8.804978  4.910724  0.064792  2.496097
 2.42  8.805777  4.911496  0.064305  2.487049
 2.43  8.806621  4.912251  0.063822  2.478058
 2.44  8.807418  4.913000  0.063343  2.469123
 2.45  8.808218  4.913752  0.062868  2.460244
 2.46  8.809013  4.914499  0.062396  2.451419
 2.47  8.809806  4.915245  0.061928  2.442649
 2.48  8.810603  4.915995  0.061463  2.433933
 2.49  8.811434  4.916739  0.061002  2.425270
 2.50  8.812224  4.917462  0.060544  2.416660
 2.51  8.813013  4.918204  0.060090  2.408103
 2.52  8.813800  4.918925  0.059639  2.399597
 2.53  8.814586  4.919645  0.059191  2.391142
 2.54  8.815372  4.920364  0.058747  2.382738
 2.55  8.816155  4.921082  0.058305  2.374384
 2.56  8.816938  4.921819  0.057867  2.366080
 2.57  8.817720  4.922515  0.057432  2.357826
 2.58  8.818496  4.923226  0.057000  2.349620
 2.59  8.819275  4.923940  0.056571  2.341463
 2.60  8.820053  4.924654  0.056145  2.333353
 2.61  8.820825  4.925362  0.055721  2.325291
 2.62  8.821601  4.926054  0.055301  2.317276
 2.63  8.822371  4.926760  0.054885  2.309307
 2.64  8.823145  4.927450  0.054470  2.301385
 2.65  8.823913  4.928154  0.054059  2.293508
 2.66  8.824684  4.928842  0.053651  2.285676
 2.67  8.825450  4.929525  0.053245  2.277890
 2.68  8.826214  4.930227  0.052842  2.270147
 2.69  8.826977  4.930908  0.052442  2.262449
 2.70  8.827744  4.931593  0.052045  2.254794
 2.71  8.828505  4.932272  0.051651  2.247183
 2.72  8.829265  4.932951  0.051260  2.239614
 2.73  8.830024  4.933629  0.050872  2.232088
 2.74  8.830782  4.934306  0.050486  2.224603
 2.75  8.831539  4.934982  0.050103  2.217161
 2.76  8.832294  4.935657  0.049723  2.209759
 2.77  8.833049  4.936312  0.049346  2.202399
 2.78  8.833802  4.936986  0.048972  2.195079
 2.79  8.834555  4.937639  0.048600  2.187799
 2.80  8.835268  4.938311  0.048231  2.180559
 2.81  8.836018  4.938963  0.047865  2.173359
 2.82  8.836763  4.939610  0.047501  2.166197
 2.83  8.837511  4.940260  0.047141  2.159074
 2.84  8.838258  4.940929  0.046783  2.151990
 2.85  8.838999  4.941573  0.046427  2.144944
 2.86  8.839744  4.942221  0.046075  2.137936
 2.87  8.840450  4.942869  0.045725  2.130965
 2.88  8.841188  4.943511  0.045377  2.124031
 2.89  8.841930  4.944138  0.045033  2.117133
 2.90  8.842629  4.944778  0.044691  2.110273
 2.91  8.843369  4.945422  0.044351  2.103448
 2.92  8.844103  4.946043  0.044014  2.096660
 2.93  8.844798  4.946662  0.043681  2.089906
 2.94  8.845535  4.947286  0.043350  2.083188
 2.95  8.846229  4.947904  0.043021  2.076505
 2.96  8.846922  4.948521  0.042695  2.069857
 2.97  8.847656  4.949142  0.042372  2.063243
 2.98  8.848347  4.949740  0.042051  2.056663
 2.99  8.849037  4.950355  0.041732  2.050117
 3.00  8.849763  4.950951  0.041417  2.043604
 3.01  8.850451  4.951565  0.041103  2.037124
 3.02  8.851139  4.952160  0.040792  2.030678
 3.03  8.851825  4.952754  0.040484  2.024264
 3.04  8.852511  4.953348  0.040178  2.017882
 3.05  8.853232  4.953940  0.039874  2.011533
 3.06  8.853916  4.954533  0.039573  2.005215
 3.07  8.854599  4.955124  0.039274  1.998929
 3.08  8.855280  4.955697  0.038977  1.992675
 3.09  8.855962  4.956287  0.038683  1.986451
 3.10  8.856605  4.956877  0.038392  1.980258
 3.11  8.857285  4.957447  0.038102  1.974096
 3.12  8.857963  4.958017  0.037815  1.967964
 3.13  8.858641  4.958605  0.037530  1.961863
 3.14  8.859317  4.959174  0.037248  1.955791
 3.15  8.859989  4.959738  0.036967  1.949749
 3.16  8.860627  4.960306  0.036689  1.943736
 3.17  8.861302  4.960873  0.036414  1.937752
 3.18  8.861975  4.961439  0.036140  1.931797
 3.19  8.862607  4.961983  0.035869  1.925871
 3.20  8.863278  4.962548  0.035600  1.919973
 3.21  8.863913  4.963113  0.035333  1.914104
 3.22  8.864579  4.963655  0.035068  1.908263
 3.23  8.865212  4.964219  0.034805  1.902449
 3.24  8.865880  4.964764  0.034545  1.896663
 3.25  8.866508  4.965304  0.034287  1.890904
 3.26  8.867139  4.965848  0.034030  1.885173
 3.27  8.867804  4.966391  0.033776  1.879468
 3.28  8.868429  4.966930  0.033524  1.873790
 3.29  8.869058  4.967472  0.033274  1.868139
 3.30  8.869682  4.967992  0.033026  1.862514
 3.31  8.870344  4.968533  0.032780  1.856915
 3.32  8.870966  4.969052  0.032536  1.851343
 3.33  8.871592  4.969592  0.032294  1.845795
 3.34  8.872212  4.970110  0.032054  1.840274
 3.35  8.872837  4.970632  0.031816  1.834778
 3.36  8.873456  4.971148  0.031580  1.829307
 3.37  8.874074  4.971664  0.031346  1.823860
 3.38  8.874696  4.972184  0.031114  1.818439
 3.39  8.875313  4.972682  0.030884  1.813042
 3.40  8.875934  4.973201  0.030656  1.807670
 3.41  8.876549  4.973698  0.030429  1.802322
 3.42  8.877129  4.974211  0.030205  1.796998
 3.43  8.877747  4.974712  0.029982  1.791698
 3.44  8.878361  4.975207  0.029762  1.786422
 3.45  8.878973  4.975702  0.029543  1.781169
 3.46  8.879550  4.976196  0.029325  1.775939
 3.47  8.880166  4.976694  0.029110  1.770733
 3.48  8.880777  4.977188  0.028896  1.765550
 3.49  8.881352  4.977663  0.028685  1.760389
 3.50  8.881965  4.978160  0.028475  1.755251
 3.51  8.882539  4.978635  0.028266  1.750136
 3.52  8.883147  4.979127  0.028060  1.745043
 3.53  8.883720  4.979601  0.027855  1.739973
 3.54  8.884326  4.980074  0.027652  1.734924
 3.55  8.884902  4.980552  0.027450  1.729897
 3.56  8.885473  4.981025  0.027250  1.724892
 3.57  8.886077  4.981497  0.027052  1.719909
 3.58  8.886647  4.981969  0.026855  1.714947
 3.59  8.887255  4.982462  0.026660  1.710006
 3.60  8.887823  4.982933  0.026466  1.705087
 3.61  8.888425  4.983404  0.026274  1.700188
 3.62  8.888992  4.983874  0.026083  1.695310
 3.63  8.889597  4.984349  0.025894  1.690453
 3.64  8.890163  4.984818  0.025706  1.685617
 3.65  8.890762  4.985288  0.025520  1.680801
 3.66  8.891326  4.985774  0.025335  1.676005
 3.67  8.891929  4.986246  0.025152  1.671229
 3.68  8.892492  4.986714  0.024970  1.666473
 3.69  8.893055  4.987165  0.024790  1.661737
 3.70  8.893656  4.987637  0.024611  1.657021
 3.71  8.894217  4.988104  0.024434  1.652324
 3.72  8.894812  4.988570  0.024258  1.647647
 3.73  8.895377  4.989041  0.024084  1.642989
 3.74  8.895937  4.989489  0.023911  1.638350
 3.75  8.896496  4.989955  0.023739  1.633730
 3.76  8.897088  4.990420  0.023569  1.629130
 3.77  8.897651  4.990872  0.023401  1.624548
 3.78  8.898208  4.991336  0.023233  1.619984
 3.79  8.898765  4.991783  0.023068  1.615439
 3.80  8.899321  4.992229  0.022903  1.610913
 3.81  8.899881  4.992697  0.022740  1.606405
 3.82  8.900437  4.993143  0.022579  1.601915
 3.83  8.900991  4.993588  0.022418  1.597443
 3.84  8.901550  4.994038  0.022259  1.592989
 3.85  8.902103  4.994499  0.022101  1.588553
 3.86  8.902656  4.994944  0.021945  1.584134
 3.87  8.903208  4.995388  0.021790  1.579733
 3.88  8.903765  4.995836  0.021636  1.575350
 3.89  8.904316  4.996279  0.021483  1.570984
 3.90  8.904867  4.996722  0.021332  1.566635
 3.91  8.905421  4.997170  0.021182  1.562303
 3.92  8.905971  4.997612  0.021033  1.557988
 3.93  8.906520  4.998054  0.020886  1.553690
 3.94  8.907040  4.998500  0.020739  1.549409
 3.95  8.907588  4.998942  0.020594  1.545145
 3.96  8.908135  4.999383  0.020450  1.540897
 3.97  8.908687  4.999828  0.020308  1.536666
 3.98  8.909200  5.000268  0.020166  1.532451
 3.99  8.909746  5.000708  0.020026  1.528252
 4.00  8.910296  5.001152  0.019886  1.524069
 4.01  8.910808  5.001592  0.019748  1.519903
 4.02  8.911352  5.002031  0.019611  1.515752
 4.03  8.911900  5.002474  0.019476  1.511618
 4.04  8.912411  5.002912  0.019341  1.507499
 4.05  8.912953  5.003350  0.019207  1.503395
 4.06  8.913468  5.003776  0.019075  1.499308
 4.07  8.914009  5.004213  0.018943  1.495235
 4.08  8.914550  5.004650  0.018813  1.491178
 4.09  8.915063  5.005092  0.018684  1.487137
 4.10  8.915603  5.005528  0.018555  1.483110
 4.11  8.916115  5.005969  0.018428  1.479099
 4.12  8.916621  5.006404  0.018302  1.475102
 4.13  8.917160  5.006840  0.018177  1.471121
 4.14  8.917670  5.007280  0.018053  1.467154
 4.15  8.918208  5.007698  0.017929  1.463202
 4.16  8.918712  5.008132  0.017807  1.459264
 4.17  8.919221  5.008571  0.017686  1.455341
 4.18  8.919757  5.009005  0.017566  1.451433
 4.19  8.920265  5.009443  0.017447  1.447539
 4.20  8.920768  5.009876  0.017329  1.443659
 4.21  8.921307  5.010313  0.017211  1.439793
 4.22  8.921809  5.010746  0.017095  1.435941
 4.23  8.922311  5.011178  0.016980  1.432104
 4.24  8.922817  5.011615  0.016865  1.428280
 4.25  8.923349  5.012046  0.016752  1.424470
 4.26  8.923854  5.012482  0.016639  1.420674
 4.27  8.924354  5.012913  0.016527  1.416891
 4.28  8.924858  5.013348  0.016416  1.413123
 4.29  8.925356  5.013778  0.016307  1.409367
 4.30  8.925859  5.014213  0.016198  1.405625
 4.31  8.926357  5.014643  0.016089  1.401897
 4.32  8.926860  5.015077  0.015982  1.398181
 4.33  8.927357  5.015506  0.015876  1.394479
 4.34  8.927858  5.015939  0.015770  1.390790
 4.35  8.928354  5.016367  0.015666  1.387114
 4.36  8.928850  5.016795  0.015562  1.383451
 4.37  8.929350  5.017244  0.015459  1.379801
 4.38  8.929845  5.017671  0.015357  1.376164
 4.39  8.930344  5.018103  0.015255  1.372539
 4.40  8.930838  5.018530  0.015155  1.368927
 4.41  8.931336  5.018961  0.015055  1.365328
 4.42  8.931798  5.019387  0.014956  1.361741
 4.43  8.932295  5.019818  0.014858  1.358166
 4.44  8.932787  5.020244  0.014761  1.354604
 4.45  8.933284  5.020673  0.014665  1.351055
 4.46  8.933744  5.021082  0.014569  1.347517
 4.47  8.934240  5.021512  0.014474  1.343992
 4.48  8.934731  5.021936  0.014380  1.340478
 4.49  8.935194  5.022365  0.014287  1.336977
 4.50  8.935684  5.022789  0.014194  1.333488
 4.51  8.936147  5.023217  0.014102  1.330011
 4.52  8.936636  5.023640  0.014011  1.326545
 4.53  8.937099  5.024051  0.013921  1.323091
 4.54  8.937587  5.024474  0.013831  1.319649
 4.55  8.938044  5.024896  0.013743  1.316218
 4.56  8.938536  5.025307  0.013654  1.312799
 4.57  8.938992  5.025729  0.013567  1.309392
 4.58  8.939452  5.026155  0.013480  1.305996
 4.59  8.939938  5.026560  0.013395  1.302611
 4.60  8.940398  5.026985  0.013309  1.299237
 4.61  8.940853  5.027390  0.013225  1.295875
 4.62  8.941307  5.027810  0.013141  1.292524
 4.63  8.941796  5.028219  0.013058  1.289184
 4.64  8.942250  5.028623  0.012976  1.285855
 4.65  8.942708  5.029047  0.012894  1.282537
 4.66  8.943160  5.029450  0.012813  1.279230
 4.67  8.943618  5.029857  0.012732  1.275934
 4.68  8.944070  5.030276  0.012653  1.272649
 4.69  8.944521  5.030678  0.012573  1.269374
 4.70  8.944978  5.031085  0.012495  1.266111
 4.71  8.945429  5.031487  0.012417  1.262857
 4.72  8.945879  5.031889  0.012340  1.259615
 4.73  8.946334  5.032295  0.012263  1.256382
 4.74  8.946784  5.032696  0.012187  1.253161
 4.75  8.947239  5.033101  0.012112  1.249949
 4.76  8.947688  5.033502  0.012037  1.246748
 4.77  8.948107  5.033902  0.011963  1.243558
 4.78  8.948560  5.034307  0.011890  1.240377
 4.79  8.949008  5.034707  0.011817  1.237207
 4.80  8.949456  5.035106  0.011745  1.234047
 4.81  8.949874  5.035505  0.011673  1.230897
 4.82  8.950326  5.035893  0.011602  1.227757
 4.83  8.950773  5.036292  0.011532  1.224627
 4.84  8.951189  5.036675  0.011462  1.221506
 4.85  8.951640  5.037078  0.011393  1.218396
 4.86  8.952056  5.037460  0.011324  1.215296
 4.87  8.952502  5.037858  0.011256  1.212205
 4.88  8.952917  5.038240  0.011188  1.209124
 4.89  8.953367  5.038626  0.011121  1.206052
 4.90  8.953782  5.039023  0.011055  1.202991
 4.91  8.954196  5.039404  0.010989  1.199938
 4.92  8.954640  5.039785  0.010923  1.196895
 4.93  8.955054  5.040166  0.010858  1.193862
 4.94  8.955472  5.040551  0.010794  1.190838
 4.95  8.955886  5.040931  0.010730  1.187824
 4.96  8.956328  5.041311  0.010667  1.184818
 4.97  8.956741  5.041691  0.010604  1.181822
 4.98  8.957153  5.042071  0.010542  1.178836
 4.99  8.957566  5.042435  0.010480  1.175858
 5.00  8.957977  5.042814  0.010419  1.172889
 5.01  8.958389  5.043193  0.010358  1.169930
 5.02  8.958800  5.043556  0.010298  1.166980
 5.03  8.959216  5.043939  0.010238  1.164038
 5.04  8.959627  5.044302  0.010179  1.161106
 5.05  8.960037  5.044665  0.010120  1.158182
 5.06  8.960447  5.045042  0.010062  1.155267
 5.07  8.960857  5.045405  0.010004  1.152361
 5.08  8.961237  5.045767  0.009947  1.149464
 5.09  8.961647  5.046128  0.009890  1.146575
 5.10  8.962051  5.046485  0.009834  1.143695
 5.11  8.962430  5.046847  0.009778  1.140824
 5.12  8.962839  5.047208  0.009722  1.137961
 5.13  8.963247  5.047569  0.009667  1.135107
 5.14  8.963626  5.047929  0.009613  1.132262
 5.15  8.964033  5.048290  0.009558  1.129424
 5.16  8.964441  5.048650  0.009505  1.126596
 5.17  8.964819  5.048995  0.009452  1.123775
 5.18  8.965196  5.049355  0.009399  1.120963
 5.19  8.965598  5.049695  0.009346  1.118159
 5.20  8.965976  5.050055  0.009294  1.115363
 5.21  8.966382  5.050399  0.009243  1.112576
 5.22  8.966758  5.050758  0.009192  1.109797
 5.23  8.967135  5.051102  0.009141  1.107025
 5.24  8.967536  5.051441  0.009091  1.104262
 5.25  8.967912  5.051784  0.009041  1.101507
 5.26  8.968287  5.052128  0.008991  1.098760
 5.27  8.968658  5.052466  0.008942  1.096021
 5.28  8.969034  5.052809  0.008893  1.093290
 5.29  8.969409  5.053152  0.008845  1.090567
 5.30  8.969779  5.053489  0.008797  1.087851
 5.31  8.970182  5.053832  0.008749  1.085143
 5.32  8.970552  5.054154  0.008702  1.082444
 5.33  8.970897  5.054496  0.008655  1.079751
 5.34  8.971271  5.054823  0.008609  1.077067
 5.35  8.971641  5.055160  0.008563  1.074390
 5.36  8.972014  5.055486  0.008517  1.071721
 5.37  8.972383  5.055823  0.008472  1.069059
 5.38  8.972756  5.056149  0.008427  1.066405
 5.39  8.973124  5.056470  0.008382  1.063759
 5.40  8.973463  5.056792  0.008338  1.061120
 5.41  8.973835  5.057132  0.008294  1.058488
 5.42  8.974203  5.057453  0.008250  1.055864
 5.43  8.974546  5.057778  0.008207  1.053247
 5.44  8.974913  5.058084  0.008164  1.050637
 5.45  8.975252  5.058404  0.008122  1.048035
 5.46  8.975618  5.058724  0.008079  1.045440
 5.47  8.975961  5.059049  0.008038  1.042852
 5.48  8.976327  5.059354  0.007996  1.040272
 5.49  8.976664  5.059674  0.007955  1.037698
 5.50  8.977002  5.059978  0.007914  1.035132
 5.51  8.977372  5.060302  0.007873  1.032573
 5.52  8.977709  5.060607  0.007833  1.030020
 5.53  8.978046  5.060911  0.007793  1.027475
 5.54  8.978411  5.061215  0.007753  1.024937
 5.55  8.978747  5.061534  0.007714  1.022406
 5.56  8.979083  5.061838  0.007675  1.019882
 5.57  8.979419  5.062141  0.007637  1.017364
 5.58  8.979755  5.062430  0.007598  1.014854
 5.59  8.980090  5.062733  0.007560  1.012350
 5.60  8.980426  5.063037  0.007522  1.009854
 5.61  8.980761  5.063340  0.007485  1.007363
 5.62  8.981096  5.063628  0.007448  1.004880
 5.63  8.981431  5.063931  0.007411  1.002404
 5.64  8.981766  5.064219  0.007374  0.999934
 5.65  8.982072  5.064521  0.007338  0.997470
 5.66  8.982402  5.064804  0.007302  0.995014
 5.67  8.982736  5.065092  0.007266  0.992564
 5.68  8.983042  5.065379  0.007230  0.990120
 5.69  8.983376  5.065667  0.007195  0.987683
 5.70  8.983705  5.065949  0.007160  0.985253
 5.71  8.984010  5.066236  0.007125  0.982829
 5.72  8.984343  5.066523  0.007091  0.980411
 5.73  8.984644  5.066805  0.007057  0.978000
 5.74  8.984977  5.067077  0.007023  0.975595
 5.75  8.985277  5.067359  0.006989  0.973197
 5.76  8.985581  5.067646  0.006956  0.970804
 5.77  8.985909  5.067913  0.006923  0.968419
 5.78  8.986213  5.068184  0.006890  0.966039
 5.79  8.986513  5.068466  0.006857  0.963666
 5.80  8.986817  5.068737  0.006825  0.961299
 5.81  8.987144  5.069004  0.006793  0.958938
 5.82  8.987443  5.069270  0.006761  0.956583
 5.83  8.987747  5.069541  0.006730  0.954234
 5.84  8.988045  5.069808  0.006698  0.951892
 5.85  8.988344  5.070074  0.006667  0.949555
 5.86  8.988642  5.070340  0.006636  0.947225
 5.87  8.988945  5.070610  0.006606  0.944901
 5.88  8.989244  5.070862  0.006575  0.942582
 5.89  8.989542  5.071127  0.006545  0.940270
 5.90  8.989812  5.071378  0.006515  0.937963
 5.91  8.990109  5.071644  0.006485  0.935663
 5.92  8.990407  5.071895  0.006456  0.933368
 5.93  8.990705  5.072160  0.006426  0.931079
 5.94  8.990974  5.072411  0.006397  0.928796
 5.95  8.991271  5.072662  0.006368  0.926519
 5.96  8.991568  5.072912  0.006340  0.924248
 5.97  8.991838  5.073162  0.006311  0.921982
 5.98  8.992134  5.073413  0.006283  0.919722
 5.99  8.992403  5.073663  0.006255  0.917468
 6.00  8.992700  5.073913  0.006227  0.915220
 6.01  8.992964  5.074159  0.006200  0.912977
 6.02  8.993260  5.074409  0.006172  0.910740
 6.03  8.993529  5.074658  0.006145  0.908508
 6.04  8.993825  5.074894  0.006118  0.906282
 6.05  8.994088  5.075139  0.006091  0.904062
 6.06  8.994357  5.075374  0.006064  0.901847
 6.07  8.994652  5.075624  0.006038  0.899638
 6.08  8.994916  5.075854  0.006012  0.897434
 6.09  8.995183  5.076103  0.005986  0.895236
 6.10  8.995446  5.076333  0.005960  0.893043
 6.11  8.995742  5.076568  0.005934  0.890855
 6.12  8.996004  5.076798  0.005909  0.888673
 6.13  8.996272  5.077047  0.005883  0.886497
 6.14  8.996534  5.077277  0.005858  0.884325
 6.15  8.996802  5.077511  0.005833  0.882159
 6.16  8.997064  5.077741  0.005808  0.879999
 6.17  8.997326  5.077971  0.005784  0.877843
 6.18  8.997593  5.078205  0.005759  0.875693
 6.19  8.997855  5.078434  0.005735  0.873548
 6.20  8.998117  5.078664  0.005711  0.871409
 6.21  8.998384  5.078898  0.005687  0.869274
 6.22  8.998645  5.079113  0.005663  0.867145
 6.23  8.998907  5.079342  0.005640  0.865021
 6.24  8.999141  5.079571  0.005616  0.862902
 6.25  8.999402  5.079785  0.005593  0.860788
 6.26  8.999664  5.080000  0.005570  0.858680
 6.27  8.999925  5.080229  0.005547  0.856576
 6.28  9.000159  5.080443  0.005524  0.854477
 6.29  9.000420  5.080658  0.005502  0.852384
 6.30  9.000653  5.080872  0.005479  0.850295
 6.31  9.000914  5.081086  0.005457  0.848212
 6.32  9.001148  5.081301  0.005435  0.846133
 6.33  9.001408  5.081515  0.005413  0.844060
 6.34  9.001642  5.081715  0.005391  0.841991
 6.35  9.001870  5.081924  0.005370  0.839927
 6.36  9.002103  5.082138  0.005348  0.837868
 6.37  9.002363  5.082337  0.005327  0.835814
 6.38  9.002592  5.082532  0.005306  0.833765
 6.39  9.002825  5.082746  0.005285  0.831721
 6.40  9.003053  5.082941  0.005264  0.829681
 6.41  9.003285  5.083140  0.005243  0.827647
 6.42  9.003513  5.083335  0.005222  0.825617
 6.43  9.003746  5.083534  0.005202  0.823591
 6.44  9.003973  5.083729  0.005182  0.821571
 6.45  9.004201  5.083923  0.005162  0.819555
 6.46  9.004433  5.084122  0.005142  0.817544
 6.47  9.004661  5.084317  0.005122  0.815538
 6.48  9.004861  5.084497  0.005102  0.813536
 6.49  9.005093  5.084696  0.005082  0.811539
 6.50  9.005321  5.084890  0.005063  0.809547
 6.51  9.005521  5.085070  0.005044  0.807559
 6.52  9.005748  5.085250  0.005024  0.805576
 6.53  9.005975  5.085444  0.005005  0.803597
 6.54  9.006175  5.085624  0.004986  0.801623
 6.55  9.006402  5.085803  0.004967  0.799653
 6.56  9.006602  5.085983  0.004949  0.797688
 6.57  9.006828  5.086163  0.004930  0.795728
 6.58  9.007028  5.086343  0.004912  0.793772
 6.59  9.007228  5.086522  0.004894  0.791820
 6.60  9.007454  5.086702  0.004875  0.789873
 6.61  9.007649  5.086876  0.004857  0.787930
 6.62  9.007849  5.087056  0.004840  0.785992
 6.63  9.008075  5.087221  0.004822  0.784058
 6.64  9.008274  5.087401  0.004804  0.782128
 6.65  9.008469  5.087561  0.004786  0.780203
 6.66  9.008668  5.087740  0.004769  0.778282
 6.67  9.008863  5.087901  0.004752  0.776365
 6.68  9.009062  5.088066  0.004735  0.774453
 6.69  9.009256  5.088226  0.004718  0.772545
 6.70  9.009455  5.088405  0.004700  0.770642
 6.71  9.009649  5.088566  0.004684  0.768742
 6.72  9.009848  5.088731  0.004667  0.766847
 6.73  9.010042  5.088891  0.004650  0.764956
 6.74  9.010241  5.089056  0.004634  0.763069
 6.75  9.010408  5.089202  0.004618  0.761187
 6.76  9.010602  5.089362  0.004601  0.759308
 6.77  9.010796  5.089522  0.004585  0.757434
 6.78  9.010963  5.089668  0.004569  0.755564
 6.79  9.011162  5.089833  0.004553  0.753698
 6.80  9.011356  5.089979  0.004537  0.751836
 6.81  9.011523  5.090139  0.004521  0.749978
 6.82  9.011716  5.090284  0.004506  0.748125
 6.83  9.011883  5.090444  0.004490  0.746275
 6.84  9.012077  5.090590  0.004475  0.744430
 6.85  9.012243  5.090736  0.004459  0.742588
 6.86  9.012437  5.090881  0.004444  0.740751
 6.87  9.012603  5.091027  0.004429  0.738917
 6.88  9.012765  5.091168  0.004414  0.737088
 6.89  9.012959  5.091314  0.004399  0.735262
 6.90  9.013125  5.091459  0.004384  0.733441
 6.91  9.013292  5.091605  0.004370  0.731623
 6.92  9.013453  5.091732  0.004355  0.729809
 6.93  9.013620  5.091877  0.004340  0.728000
 6.94  9.013813  5.092023  0.004326  0.726194
 6.95  9.013975  5.092149  0.004312  0.724392
 6.96  9.014141  5.092295  0.004298  0.722594
 6.97  9.014302  5.092422  0.004283  0.720799
 6.98  9.014469  5.092553  0.004269  0.719009
 6.99  9.014630  5.092694  0.004255  0.717222
 7.00  9.014796  5.092825  0.004241  0.715440
 7.01  9.014958  5.092952  0.004228  0.713661
 7.02  9.015092  5.093078  0.004214  0.711885
 7.03  9.015259  5.093209  0.004200  0.710114
 7.04  9.015420  5.093336  0.004187  0.708346
 7.05  9.015581  5.093463  0.004173  0.706582
 7.06  9.015747  5.093580  0.004160  0.704822
 7.07  9.015882  5.093706  0.004147  0.703066
 7.08  9.016043  5.093833  0.004134  0.701313
 7.09  9.016204  5.093945  0.004120  0.699564
 7.10  9.016338  5.094072  0.004107  0.697819
 7.11  9.016499  5.094184  0.004094  0.696077
 7.12  9.016660  5.094310  0.004082  0.694339
 7.13  9.016795  5.094423  0.004069  0.692604
 7.14  9.016956  5.094549  0.004056  0.690874
 7.15  9.017090  5.094661  0.004044  0.689146
 7.16  9.017251  5.094774  0.004031  0.687423
 7.17  9.017385  5.094886  0.004019  0.685703
 7.18  9.017520  5.094998  0.004006  0.683986
 7.19  9.017681  5.095125  0.003994  0.682273
 7.20  9.017810  5.095218  0.003982  0.680564
 7.21  9.017944  5.095345  0.003969  0.678858
 7.22  9.018105  5.095443  0.003957  0.677156
 7.23  9.018239  5.095555  0.003945  0.675457
 7.24  9.018369  5.095663  0.003933  0.673762
 7.25  9.018529  5.095775  0.003921  0.672070
 7.26  9.018658  5.095882  0.003910  0.670382
 7.27  9.018793  5.095980  0.003898  0.668697
 7.28  9.018927  5.096093  0.003886  0.667015
 7.29  9.019056  5.096200  0.003875  0.665337
 7.30  9.019190  5.096298  0.003863  0.663663
 7.31  9.019346  5.096406  0.003852  0.661992
 7.32  9.019475  5.096499  0.003841  0.660324
 7.33  9.019609  5.096597  0.003829  0.658659
 7.34  9.019738  5.096705  0.003818  0.656998
 7.35  9.019872  5.096803  0.003807  0.655341
 7.36  9.020001  5.096896  0.003796  0.653686
 7.37  9.020130  5.097004  0.003785  0.652035
 7.38  9.020233  5.097097  0.003774  0.650388
 7.39  9.020367  5.097195  0.003763  0.648743
 7.40  9.020496  5.097288  0.003752  0.647102
 7.41  9.020625  5.097382  0.003741  0.645465
 7.42  9.020754  5.097475  0.003730  0.643830
 7.43  9.020883  5.097568  0.003720  0.642199
 7.44  9.021012  5.097662  0.003709  0.640571
 7.45  9.021119  5.097760  0.003699  0.638946
 7.46  9.021248  5.097853  0.003688  0.637325
 7.47  9.021377  5.097946  0.003678  0.635707
 7.48  9.021506  5.098040  0.003668  0.634092
 7.49  9.021608  5.098133  0.003657  0.632480
 7.50  9.021732  5.098208  0.003647  0.630871
 7.51  9.021861  5.098301  0.003637  0.629266
 7.52  9.021963  5.098394  0.003627  0.627663
 7.53  9.022092  5.098473  0.003617  0.626064
 7.54  9.022195  5.098567  0.003607  0.624468
 7.55  9.022323  5.098646  0.003597  0.622875
 7.56  9.022421  5.098734  0.003587  0.621286
 7.57  9.022550  5.098814  0.003577  0.619699
 7.58  9.022652  5.098893  0.003567  0.618115
 7.59  9.022750  5.098982  0.003558  0.616535
 7.60  9.022878  5.099061  0.003548  0.614958
 7.61  9.022981  5.099140  0.003538  0.613383
 7.62  9.023078  5.099215  0.003529  0.611812
 7.63  9.023207  5.099294  0.003519  0.610244
 7.64  9.023305  5.099369  0.003510  0.608679
 7.65  9.023407  5.099448  0.003501  0.607117
 7.66  9.023504  5.099522  0.003491  0.605558
 7.67  9.023602  5.099597  0.003482  0.604002
 7.68  9.023730  5.099676  0.003473  0.602449
 7.69  9.023828  5.099737  0.003464  0.600898
 7.70  9.023925  5.099811  0.003455  0.599351
 7.71  9.024028  5.099891  0.003445  0.597807
 7.72  9.024125  5.099951  0.003436  0.596266
 7.73  9.024223  5.100026  0.003427  0.594728
 7.74  9.024320  5.100100  0.003419  0.593193
 7.75  9.024422  5.100166  0.003410  0.591660
 7.76  9.024520  5.100240  0.003401  0.590131
 7.77  9.024617  5.100301  0.003392  0.588604
 7.78  9.024688  5.100361  0.003383  0.587081
 7.79  9.024786  5.100436  0.003375  0.585560
 7.80  9.024883  5.100496  0.003366  0.584042
 7.81  9.024981  5.100557  0.003358  0.582527
 7.82  9.025078  5.100618  0.003349  0.581015
 7.83  9.025149  5.100678  0.003341  0.579505
 7.84  9.025246  5.100753  0.003332  0.577999
 7.85  9.025344  5.100813  0.003324  0.576495
 7.86  9.025410  5.100869  0.003315  0.574995
 7.87  9.025508  5.100930  0.003307  0.573497
 7.88  9.025605  5.100990  0.003299  0.572002
 7.89  9.025676  5.101037  0.003291  0.570509
 7.90  9.025773  5.101097  0.003283  0.569020
 7.91  9.025840  5.101153  0.003275  0.567533
 7.92  9.025937  5.101214  0.003266  0.566049
 7.93  9.026008  5.101261  0.003259  0.564567
 7.94  9.026101  5.101316  0.003250  0.563089
 7.95  9.026172  5.101377  0.003243  0.561613
 7.96  9.026264  5.101419  0.003235  0.560140
 7.97  9.026335  5.101479  0.003227  0.558670
 7.98  9.026402  5.101521  0.003219  0.557202
 7.99  9.026473  5.101582  0.003211  0.555737
 8.00  9.026565  5.101624  0.003204  0.554275
 8.01  9.026636  5.101671  0.003196  0.552815
 8.02  9.026703  5.101727  0.003188  0.551359
 8.03  9.026795  5.101768  0.003181  0.549904
 8.04  9.026866  5.101815  0.003173  0.548453
 8.05  9.026932  5.101857  0.003166  0.547004
 8.06  9.026999  5.101899  0.003158  0.545558
 8.07  9.027070  5.101946  0.003151  0.544114
 8.08  9.027136  5.101988  0.003143  0.542673
 8.09  9.027203  5.102030  0.003136  0.541235
 8.10  9.027269  5.102072  0.003129  0.539799
 8.11  9.027335  5.102114  0.003122  0.538366
 8.12  9.027401  5.102156  0.003114  0.536936
 8.13  9.027468  5.102198  0.003107  0.535508
 8.14  9.027534  5.102240  0.003100  0.534082
 8.15  9.027600  5.102268  0.003093  0.532660
 8.16  9.027666  5.102310  0.003086  0.531239
 8.17  9.027733  5.102352  0.003079  0.529822
 8.18  9.027799  5.102380  0.003072  0.528407
 8.19  9.027839  5.102422  0.003065  0.526994
 8.20  9.027906  5.102450  0.003058  0.525584
 8.21  9.027972  5.102492  0.003051  0.524176
 8.22  9.028038  5.102520  0.003044  0.522771
 8.23  9.028078  5.102548  0.003037  0.521369
 8.24  9.028140  5.102585  0.003030  0.519969
 8.25  9.028206  5.102614  0.003024  0.518571
 8.26  9.028246  5.102642  0.003017  0.517176
 8.27  9.028308  5.102665  0.003010  0.515784
 8.28  9.028374  5.102707  0.003004  0.514394
 8.29  9.028414  5.102735  0.002997  0.513006
 8.30  9.028476  5.102759  0.002991  0.511621
 8.31  9.028516  5.102787  0.002984  0.510238
 8.32  9.028577  5.102810  0.002977  0.508858
 8.33  9.028618  5.102838  0.002971  0.507480
 8.34  9.028679  5.102862  0.002965  0.506104
 8.35  9.028719  5.102876  0.002958  0.504731
 8.36  9.028781  5.102900  0.002952  0.503361
 8.37  9.028821  5.102928  0.002945  0.501992
 8.38  9.028856  5.102951  0.002939  0.500627
 8.39  9.028918  5.102974  0.002933  0.499263
 8.40  9.028958  5.102989  0.002927  0.497902
 8.41  9.028994  5.103012  0.002920  0.496543
 8.42  9.029055  5.103036  0.002914  0.495187
 8.43  9.029090  5.103045  0.002908  0.493833
 8.44  9.029131  5.103073  0.002902  0.492481
 8.45  9.029166  5.103083  0.002896  0.491132
 8.46  9.029202  5.103106  0.002890  0.489785
 8.47  9.029237  5.103116  0.002884  0.488440
 8.48  9.029298  5.103126  0.002878  0.487098
 8.49  9.029334  5.103149  0.002872  0.485758
 8.50  9.029369  5.103159  0.002866  0.484420
 8.51  9.029405  5.103168  0.002860  0.483085
 8.52  9.029440  5.103178  0.002854  0.481752
 8.53  9.029476  5.103201  0.002848  0.480421
 8.54  9.029511  5.103211  0.002842  0.479092
 8.55  9.029547  5.103220  0.002837  0.477766
 8.56  9.029582  5.103230  0.002831  0.476442
 8.57  9.029618  5.103240  0.002825  0.475120
 8.58  9.029653  5.103249  0.002819  0.473801
 8.59  9.029688  5.103259  0.002814  0.472483
 8.60  9.029693  5.103264  0.002808  0.471168
 8.61  9.029729  5.103273  0.002803  0.469855
 8.62  9.029764  5.103283  0.002797  0.468545
 8.63  9.029800  5.103279  0.002792  0.467236
 8.64  9.029830  5.103284  0.002786  0.465930
 8.65  9.029840  5.103293  0.002780  0.464626
 8.66  9.029871  5.103298  0.002775  0.463324
 8.67  9.029906  5.103294  0.002770  0.462025
 8.68  9.029941  5.103303  0.002764  0.460727
 8.69  9.029946  5.103308  0.002759  0.459432
 8.70  9.029982  5.103304  0.002753  0.458139
 8.71  9.030012  5.103309  0.002748  0.456848
 8.72  9.030017  5.103300  0.002743  0.455559
 8.73  9.030053  5.103310  0.002737  0.454273
 8.74  9.030057  5.103301  0.002732  0.452988
 8.75  9.030093  5.103296  0.002727  0.451706
 8.76  9.030098  5.103301  0.002722  0.450426
 8.77  9.030128  5.103292  0.002717  0.449148
 8.78  9.030133  5.103283  0.002711  0.447872
 8.79  9.030168  5.103293  0.002706  0.446598
 8.80  9.030173  5.103284  0.002701  0.445326
 8.81  9.030204  5.103275  0.002696  0.444057
 8.82  9.030209  5.103266  0.002691  0.442789
 8.83  9.030239  5.103257  0.002686  0.441524
 8.84  9.030249  5.103253  0.002681  0.440261
 8.85  9.030254  5.103244  0.002676  0.438999
 8.86  9.030284  5.103235  0.002671  0.437740
 8.87  9.030289  5.103226  0.002666  0.436483
 8.88  9.030294  5.103217  0.002661  0.435228
 8.89  9.030299  5.103208  0.002656  0.433975
 8.90  9.030329  5.103199  0.002652  0.432724
 8.91  9.030329  5.103172  0.002647  0.431475
 8.92  9.030334  5.103163  0.002642  0.430228
 8.93  9.030339  5.103154  0.002637  0.428983
 8.94  9.030344  5.103145  0.002632  0.427740
 8.95  9.030374  5.103122  0.002628  0.426499
 8.96  9.030379  5.103113  0.002623  0.425261
 8.97  9.030379  5.103086  0.002618  0.424024
 8.98  9.030384  5.103077  0.002613  0.422789
 8.99  9.030389  5.103054  0.002609  0.421556
 9.00  9.030389  5.103040  0.002604  0.420325
 9.01  9.030394  5.103017  0.002599  0.419096
 9.02  9.030399  5.103008  0.002595  0.417870
 9.03  9.030399  5.102981  0.002590  0.416645
 9.04  9.030403  5.102958  0.002586  0.415422
 9.05  9.030403  5.102944  0.002581  0.414201
 9.06  9.030408  5.102922  0.002577  0.412982
 9.07  9.030408  5.102894  0.002572  0.411765
 9.08  9.030387  5.102871  0.002568  0.410549
 9.09  9.030387  5.102858  0.002563  0.409336
 9.10  9.030392  5.102835  0.002559  0.408125
 9.11  9.030392  5.102807  0.002555  0.406916
 9.12  9.030392  5.102780  0.002550  0.405708
 9.13  9.030397  5.102757  0.002546  0.404503
 9.14  9.030371  5.102729  0.002541  0.403299
 9.15  9.030371  5.102702  0.002537  0.402097
 9.16  9.030376  5.102679  0.002533  0.400898
 9.17  9.030376  5.102651  0.002529  0.399700
 9.18  9.030350  5.102624  0.002524  0.398504
 9.19  9.030350  5.102596  0.002520  0.397309
 9.20  9.030355  5.102574  0.002516  0.396117
 9.21  9.030329  5.102532  0.002512  0.394927
 9.22  9.030329  5.102505  0.002508  0.393738
 9.23  9.030329  5.102477  0.002503  0.392552
 9.24  9.030303  5.102449  0.002499  0.391367
 9.25  9.030303  5.102408  0.002495  0.390184
 9.26  9.030277  5.102380  0.002491  0.389003
 9.27  9.030277  5.102353  0.002487  0.387824
 9.28  9.030277  5.102311  0.002483  0.386646
 9.29  9.030251  5.102284  0.002479  0.385471
 9.30  9.030251  5.102256  0.002475  0.384297
 9.31  9.030226  5.102215  0.002471  0.383125
 9.32  9.030226  5.102187  0.002467  0.381955
 9.33  9.030200  5.102146  0.002463  0.380786
 9.34  9.030200  5.102118  0.002459  0.379620
 9.35  9.030174  5.102077  0.002455  0.378455
 9.36  9.030169  5.102044  0.002451  0.377292
 9.37  9.030143  5.102003  0.002447  0.376131
 9.38  9.030118  5.101975  0.002443  0.374972
 9.39  9.030118  5.101934  0.002439  0.373814
 9.40  9.030092  5.101893  0.002436  0.372659
 9.41  9.030087  5.101860  0.002432  0.371505
 9.42  9.030061  5.101819  0.002428  0.370352
 9.43  9.030035  5.101777  0.002424  0.369202
 9.44  9.030030  5.101745  0.002420  0.368053
 9.45  9.030005  5.101703  0.002417  0.366906
 9.46  9.029979  5.101662  0.002413  0.365761
 9.47  9.029974  5.101616  0.002409  0.364618
 9.48  9.029948  5.101574  0.002406  0.363476
 9.49  9.029922  5.101547  0.002402  0.362336
 9.50  9.029892  5.101500  0.002398  0.361198
 9.51  9.029892  5.101459  0.002395  0.360061
 9.52  9.029861  5.101412  0.002391  0.358926
 9.53  9.029835  5.101371  0.002387  0.357793
 9.54  9.029804  5.101325  0.002384  0.356662
 9.55  9.029804  5.101283  0.002380  0.355532
 9.56  9.029774  5.101237  0.002377  0.354404
 9.57  9.029748  5.101195  0.002373  0.353278
 9.58  9.029717  5.101149  0.002370  0.352153
 9.59  9.029687  5.101103  0.002366  0.351030
 9.60  9.029687  5.101061  0.002363  0.349909
 9.61  9.029656  5.101015  0.002359  0.348789
 9.62  9.029625  5.100969  0.002356  0.347671
 9.63  9.029599  5.100927  0.002352  0.346555
 9.64  9.029569  5.100881  0.002349  0.345441
 9.65  9.029538  5.100834  0.002345  0.344328
 9.66  9.029512  5.100793  0.002342  0.343217
 9.67  9.029482  5.100747  0.002338  0.342107
 9.68  9.029477  5.100700  0.002335  0.340999
 9.69  9.029446  5.100654  0.002332  0.339893
 9.70  9.029420  5.100612  0.002328  0.338788
 9.71  9.029390  5.100552  0.002325  0.337685
 9.72  9.029359  5.100506  0.002322  0.336584
 9.73  9.029328  5.100459  0.002318  0.335484
 9.74  9.029298  5.100413  0.002315  0.334386
 9.75  9.029272  5.100371  0.002312  0.333289
 9.76  9.029241  5.100311  0.002309  0.332194
 9.77  9.029210  5.100265  0.002305  0.331101
 9.78  9.029180  5.100218  0.002302  0.330009
 9.79  9.029149  5.100172  0.002299  0.328919
 9.80  9.029118  5.100112  0.002296  0.327831
 9.81  9.029088  5.100065  0.002293  0.326744
 9.82  9.029057  5.100019  0.002289  0.325659
 9.83  9.029026  5.099973  0.002286  0.324575
 9.84  9.028995  5.099912  0.002283  0.323493
 9.85  9.028965  5.099866  0.002280  0.322412
 9.86  9.028934  5.099819  0.002277  0.321333
 9.87  9.028903  5.099759  0.002274  0.320256
 9.88  9.028873  5.099713  0.002271  0.319180
 9.89  9.028842  5.099666  0.002268  0.318105
 9.90  9.028811  5.099606  0.002265  0.317033
 9.91  9.028781  5.099560  0.002262  0.315961
 9.92  9.028724  5.099499  0.002258  0.314892
 9.93  9.028688  5.099448  0.002255  0.313824
 9.94  9.028658  5.099402  0.002252  0.312757
 9.95  9.028627  5.099341  0.002249  0.311692
 9.96  9.028596  5.099295  0.002246  0.310628
 9.97  9.028566  5.099234  0.002243  0.309566
 9.98  9.028535  5.099188  0.002240  0.308506
 9.99  9.028504  5.099141  0.002237  0.307447
10.00  9.028469  5.099076  0.002235  0.306389
10.01  9.028438  5.099030  0.002232  0.305334
10.02  9.028381  5.098969  0.002229  0.304279
10.03  9.028350  5.098923  0.002226  0.303226
10.04  9.028315  5.098858  0.002223  0.302175
10.05  9.028284  5.098811  0.002220  0.301125
10.06  9.028254  5.098751  0.002217  0.300076
10.07  9.028218  5.098699  0.002214  0.299029
10.08  9.028161  5.098639  0.002212  0.297984
10.09  9.028131  5.098592  0.002209  0.296940
10.10  9.028095  5.098541  0.002206  0.295897
10.11  9.028064  5.098481  0.002203  0.294856
10.12  9.028034  5.098434  0.002200  0.293817
10.13  9.027998  5.098369  0.002198  0.292779
10.14  9.027941  5.098322  0.002195  0.291742
10.15  9.027911  5.098262  0.002192  0.290707
10.16  9.027875  5.098210  0.002189  0.289673
10.17  9.027844  5.098150  0.002187  0.288641
10.18  9.027809  5.098099  0.002184  0.287610
10.19  9.027752  5.098038  0.002181  0.286581
10.20  9.027716  5.097987  0.002178  0.285553
10.21  9.027686  5.097926  0.002176  0.284526
10.22  9.027650  5.097875  0.002173  0.283501
10.23  9.027619  5.097814  0.002170  0.282478
10.24  9.027558  5.097763  0.002168  0.281455
10.25  9.027527  5.097702  0.002165  0.280435
10.26  9.027491  5.097651  0.002162  0.279415
10.27  9.027461  5.097590  0.002160  0.278397
10.28  9.027399  5.097525  0.002157  0.277381
10.29  9.027368  5.097478  0.002155  0.276366
10.30  9.027333  5.097413  0.002152  0.275352
10.31  9.027302  5.097366  0.002149  0.274339
10.32  9.027240  5.097301  0.002147  0.273328
10.33  9.027205  5.097250  0.002144  0.272319
10.34  9.027174  5.097189  0.002142  0.271311
10.35  9.027139  5.097138  0.002139  0.270304
10.36  9.027077  5.097072  0.002137  0.269299
10.37  9.027046  5.097026  0.002134  0.268295
10.38  9.027011  5.096960  0.002132  0.267292
10.39  9.026975  5.096909  0.002129  0.266291
10.40  9.026918  5.096848  0.002127  0.265291
10.41  9.026883  5.096783  0.002124  0.264292
10.42  9.026847  5.096731  0.002122  0.263295
10.43  9.026790  5.096670  0.002119  0.262299
10.44  9.026755  5.096619  0.002117  0.261305
10.45  9.026719  5.096554  0.002114  0.260312
10.46  9.026683  5.096502  0.002112  0.259320
10.47  9.026627  5.096441  0.002110  0.258330
10.48  9.026591  5.096390  0.002107  0.257341
10.49  9.026555  5.096324  0.002105  0.256353
10.50  9.026494  5.096273  0.002102  0.255367
10.51  9.026463  5.096212  0.002100  0.254382
10.52  9.026427  5.096147  0.002098  0.253398
10.53  9.026392  5.096095  0.002095  0.252416
10.54  9.026330  5.096030  0.002093  0.251434
10.55  9.026294  5.095978  0.002091  0.250455
10.56  9.026259  5.095913  0.002088  0.249476
10.57  9.026202  5.095866  0.002086  0.248499
10.58  9.026166  5.095800  0.002084  0.247523
10.59  9.026131  5.095749  0.002081  0.246549
10.60  9.026069  5.095683  0.002079  0.245576
10.61  9.026033  5.095618  0.002077  0.244604
10.62  9.025998  5.095566  0.002074  0.243633
10.63  9.025936  5.095500  0.002072  0.242664
10.64  9.025900  5.095449  0.002070  0.241696
10.65  9.025865  5.095383  0.002068  0.240729
10.66  9.025803  5.095332  0.002065  0.239764
10.67  9.025767  5.095266  0.002063  0.238800
10.68  9.025737  5.095219  0.002061  0.237837
10.69  9.025696  5.095149  0.002059  0.236875
10.70  9.025639  5.095088  0.002057  0.235915
10.71  9.025604  5.095036  0.002054  0.234956
10.72  9.025568  5.094971  0.002052  0.233998
10.73  9.025506  5.094919  0.002050  0.233042
10.74  9.025471  5.094854  0.002048  0.232087
10.75  9.025435  5.094802  0.002046  0.231133
10.76  9.025373  5.094736  0.002043  0.230180
10.77  9.025338  5.094685  0.002041  0.229228
10.78  9.025297  5.094614  0.002039  0.228278
10.79  9.025235  5.094562  0.002037  0.227329
10.80  9.025200  5.094497  0.002035  0.226382
10.81  9.025164  5.094431  0.002033  0.225435
10.82  9.025102  5.094379  0.002031  0.224490
10.83  9.025067  5.094314  0.002028  0.223546
10.84  9.025031  5.094262  0.002026  0.222603
10.85  9.024969  5.094196  0.002024  0.221661
10.86  9.024933  5.094145  0.002022  0.220721
10.87  9.024898  5.094079  0.002020  0.219782
10.88  9.024836  5.094027  0.002018  0.218844
10.89  9.024795  5.093957  0.002016  0.217908
10.90  9.024760  5.093905  0.002014  0.216972
10.91  9.024698  5.093839  0.002012  0.216038
10.92  9.024662  5.093788  0.002010  0.215105
10.93  9.024627  5.093722  0.002008  0.214173
10.94  9.024565  5.093670  0.002006  0.213242
10.95  9.024524  5.093600  0.002004  0.212313
10.96  9.024489  5.093548  0.002002  0.211385
10.97  9.024427  5.093496  0.002000  0.210458
10.98  9.024391  5.093430  0.001998  0.209532
10.99  9.024355  5.093379  0.001996  0.208607
11.00  9.024289  5.093308  0.001994  0.207684
11.01  9.024253  5.093256  0.001992  0.206762
11.02  9.024217  5.093190  0.001990  0.205841
11.03  9.024182  5.093139  0.001988  0.204921
11.04  9.024120  5.093073  0.001986  0.204002
11.05  9.024084  5.093021  0.001984  0.203084
11.06  9.024044  5.092964  0.001982  0.202168
11.07  9.023982  5.092899  0.001980  0.201253
11.08  9.023946  5.092847  0.001978  0.200339
11.09  9.023906  5.092776  0.001976  0.199426
11.10  9.023870  5.092724  0.001974  0.198514
11.11  9.023808  5.092673  0.001972  0.197604
11.12  9.023772  5.092607  0.001970  0.196694
11.13  9.023736  5.092555  0.001968  0.195786
11.14  9.023670  5.092498  0.001966  0.194879
11.15  9.023634  5.092432  0.001965  0.193973
11.16  9.023598  5.092381  0.001963  0.193068
11.17  9.023558  5.092324  0.001961  0.192164
11.18  9.023522  5.092272  0.001959  0.191262
11.19  9.023460  5.092206  0.001957  0.190361
11.20  9.023424  5.092154  0.001955  0.189460
11.21  9.023384  5.092098  0.001953  0.188561
11.22  9.023348  5.092032  0.001951  0.187663
11.23  9.023281  5.091975  0.001950  0.186766
11.24  9.023246  5.091923  0.001948  0.185871
11.25  9.023210  5.091871  0.001946  0.184976
11.26  9.023174  5.091820  0.001944  0.184082
11.27  9.023134  5.091749  0.001942  0.183190
11.28  9.023072  5.091697  0.001940  0.182299
11.29  9.023036  5.091645  0.001939  0.181409
11.30  9.022995  5.091588  0.001937  0.180519
11.31  9.022960  5.091537  0.001935  0.179632
11.32  9.022924  5.091485  0.001933  0.178745
11.33  9.022857  5.091428  0.001932  0.177859
11.34  9.022821  5.091362  0.001930  0.176974
11.35  9.022786  5.091310  0.001928  0.176091
11.36  9.022745  5.091253  0.001926  0.175208
11.37  9.022709  5.091202  0.001924  0.174327
11.38  9.022669  5.091145  0.001923  0.173447
11.39  9.022633  5.091093  0.001921  0.172567
11.40  9.022571  5.091041  0.001919  0.171689
11.41  9.022530  5.090984  0.001917  0.170812
11.42  9.022495  5.090932  0.001916  0.169936
11.43  9.022459  5.090880  0.001914  0.169062
11.44  9.022418  5.090824  0.001912  0.168188
11.45  9.022382  5.090772  0.001910  0.167315
11.46  9.022347  5.090720  0.001909  0.166443
11.47  9.022306  5.090663  0.001907  0.165573
11.48  9.022270  5.090611  0.001905  0.164703
11.49  9.022204  5.090554  0.001904  0.163835
11.50  9.022168  5.090502  0.001902  0.162967
11.51  9.022132  5.090465  0.001900  0.162101
11.52  9.022091  5.090408  0.001898  0.161236
11.53  9.022056  5.090356  0.001897  0.160372
11.54  9.022020  5.090304  0.001895  0.159508
11.55  9.021979  5.090247  0.001893  0.158646
11.56  9.021943  5.090209  0.001892  0.157785
11.57  9.021903  5.090153  0.001890  0.156925
11.58  9.021867  5.090101  0.001888  0.156066
11.59  9.021831  5.090049  0.001887  0.155208
11.60  9.021791  5.089992  0.001885  0.154351
11.61  9.021755  5.089954  0.001883  0.153496
11.62  9.021714  5.089897  0.001882  0.152641
11.63  9.021678  5.089845  0.001880  0.151787
11.64  9.021643  5.089807  0.001878  0.150934
11.65  9.021602  5.089750  0.001877  0.150082
11.66  9.021566  5.089698  0.001875  0.149232
11.67  9.021530  5.089661  0.001874  0.148382
11.68  9.021490  5.089604  0.001872  0.147533
11.69  9.021454  5.089566  0.001870  0.146686
11.70  9.021413  5.089509  0.001869  0.145839
11.71  9.021378  5.089457  0.001867  0.144993
11.72  9.021342  5.089419  0.001865  0.144149
11.73  9.021301  5.089362  0.001864  0.143305
11.74  9.021292  5.089324  0.001862  0.142462
11.75  9.021251  5.089268  0.001861  0.141621
11.76  9.021215  5.089230  0.001859  0.140780
11.77  9.021174  5.089173  0.001858  0.139941
11.78  9.021139  5.089135  0.001856  0.139102
11.79  9.021103  5.089083  0.001854  0.138264
11.80  9.021062  5.089040  0.001853  0.137428
11.81  9.021026  5.088988  0.001851  0.136592
11.82  9.020986  5.088946  0.001850  0.135757
11.83  9.020976  5.088893  0.001848  0.134924
11.84  9.020940  5.088856  0.001847  0.134091
11.85  9.020900  5.088813  0.001845  0.133260
11.86  9.020864  5.088761  0.001844  0.132429
11.87  9.020823  5.088718  0.001842  0.131599
11.88  9.020787  5.088666  0.001840  0.130770
11.89  9.020747  5.088623  0.001839  0.129943
11.90  9.020737  5.088585  0.001837  0.129116
11.91  9.020701  5.088533  0.001836  0.128290
11.92  9.020661  5.088491  0.001834  0.127465
11.93  9.020620  5.088448  0.001833  0.126641
11.94  9.020584  5.088396  0.001831  0.125818
11.95  9.020548  5.088358  0.001830  0.124996
11.96  9.020534  5.088315  0.001828  0.124175
11.97  9.020498  5.088263  0.001827  0.123355
11.98  9.020458  5.088220  0.001825  0.122536
11.99  9.020422  5.088182  0.001824  0.121718
12.00  9.020407  5.088140  0.001822  0.120901
12.01  9.020372  5.088102  0.001821  0.120085
12.02  9.020331  5.088045  0.001819  0.119269
12.03  9.020295  5.088007  0.001818  0.118455
12.04  9.020254  5.087964  0.001816  0.117642
12.05  9.020245  5.087926  0.001815  0.116829
12.06  9.020209  5.087874  0.001813  0.116018
12.07  9.020168  5.087831  0.001812  0.115207
12.08  9.020132  5.087793  0.001810  0.114398
12.09  9.020118  5.087751  0.001809  0.113589
12.10  9.020082  5.087713  0.001807  0.112781
12.11  9.020042  5.087670  0.001806  0.111974
12.12  9.020006  5.087618  0.001804  0.111168
12.13  9.019991  5.087575  0.001803  0.110363
12.14  9.019951  5.087532  0.001801  0.109559
12.15  9.019915  5.087494  0.001800  0.108756
12.16  9.019879  5.087456  0.001798  0.107954
12.17  9.019865  5.087414  0.001797  0.107153
12.18  9.019824  5.087371  0.001796  0.106352
12.19  9.019788  5.087333  0.001794  0.105553
12.20  9.019774  5.087290  0.001793  0.104754
12.21  9.019738  5.087252  0.001791  0.103957
12.22  9.019697  5.087209  0.001790  0.103160
12.23  9.019661  5.087171  0.001788  0.102364
12.24  9.019647  5.087129  0.001787  0.101569
12.25  9.019611  5.087091  0.001786  0.100775
12.26  9.019571  5.087048  0.001784  0.099982
12.27  9.019561  5.087010  0.001783  0.099190
12.28  9.019520  5.086967  0.001781  0.098399
12.29  9.019484  5.086929  0.001780  0.097609
12.30  9.019444  5.086886  0.001778  0.096819
12.31  9.019434  5.086848  0.001777  0.096030
12.32  9.019394  5.086806  0.001776  0.095243
12.33  9.019379  5.086763  0.001774  0.094456
12.34  9.019343  5.086725  0.001773  0.093670
12.35  9.019303  5.086682  0.001772  0.092885
12.36  9.019267  5.086644  0.001770  0.092101
12.37  9.019252  5.086601  0.001769  0.091318
12.38  9.019212  5.086559  0.001767  0.090535
12.39  9.019202  5.086521  0.001766  0.089754
12.40  9.019162  5.086478  0.001765  0.088973
12.41  9.019126  5.086440  0.001763  0.088193
12.42  9.019111  5.086397  0.001762  0.087414
12.43  9.019075  5.086359  0.001760  0.086636
12.44  9.019035  5.086330  0.001759  0.085859
12.45  9.019025  5.086292  0.001758  0.085083
12.46  9.018985  5.086250  0.001756  0.084308
12.47  9.018944  5.086207  0.001755  0.083533
12.48  9.018934  5.086169  0.001754  0.082759
12.49  9.018894  5.086126  0.001752  0.081987
12.50  9.018858  5.086088  0.001751  0.081215
12.51  9.018843  5.086045  0.001749  0.080443
12.52  9.018803  5.086017  0.001748  0.079673
12.53  9.018793  5.085979  0.001747  0.078904
12.54  9.018753  5.085936  0.001746  0.078135
12.55  9.018717  5.085898  0.001744  0.077368
12.56  9.018702  5.085855  0.001743  0.076601
12.57  9.018662  5.085826  0.001741  0.075835
12.58  9.018652  5.085788  0.001740  0.075070
12.59  9.018611  5.085746  0.001739  0.074305
12.60  9.018575  5.085708  0.001737  0.073542
12.61  9.018561  5.085665  0.001736  0.072779
12.62  9.018520  5.085622  0.001735  0.072018
12.63  9.018485  5.085598  0.001734  0.071257
12.64  9.018470  5.085555  0.001732  0.070497
12.65  9.018430  5.085513  0.001731  0.069737
12.66  9.018420  5.085474  0.001730  0.068979
12.67  9.018379  5.085446  0.001728  0.068221
12.68  9.018343  5.085408  0.001727  0.067465
12.69  9.018329  5.085365  0.001726  0.066709
12.70  9.018288  5.085322  0.001724  0.065954
12.71  9.018279  5.085298  0.001723  0.065199
12.72  9.018238  5.085256  0.001722  0.064446
12.73  9.018224  5.085213  0.001721  0.063693
12.74  9.018188  5.085175  0.001719  0.062941
12.75  9.018147  5.085146  0.001718  0.062190
12.76  9.018138  5.085108  0.001717  0.061440
12.77  9.018097  5.085065  0.001715  0.060691
12.78  9.018083  5.085037  0.001714  0.059942
12.79  9.018042  5.084994  0.001713  0.059195
12.80  9.018032  5.084956  0.001712  0.058448
12.81  9.017992  5.084927  0.001710  0.057702
12.82  9.017951  5.084884  0.001709  0.056956
12.83  9.017942  5.084846  0.001708  0.056212
12.84  9.017901  5.084818  0.001706  0.055468
12.85  9.017886  5.084775  0.001705  0.054725
12.86  9.017851  5.084737  0.001704  0.053983
12.87  9.017836  5.084694  0.001703  0.053242
12.88  9.017796  5.084665  0.001702  0.052501
12.89  9.017760  5.084627  0.001700  0.051762
12.90  9.017745  5.084599  0.001699  0.051023
12.91  9.017705  5.084556  0.001698  0.050285
12.92  9.017695  5.084518  0.001697  0.049547
12.93  9.017654  5.084489  0.001695  0.048811
12.94  9.017640  5.084446  0.001694  0.048075
12.95  9.017604  5.084408  0.001693  0.047340
12.96  9.017590  5.084380  0.001692  0.046606
12.97  9.017549  5.084337  0.001690  0.045873
12.98  9.017540  5.084313  0.001689  0.045140
12.99  9.017499  5.084270  0.001688  0.044408
13.00  9.017485  5.084227  0.001687  0.043677
13.01  9.017449  5.084204  0.001685  0.042947
13.02  9.017408  5.084161  0.001684  0.042218
13.03  9.017394  5.084132  0.001683  0.041489
13.04  9.017358  5.084094  0.001682  0.040761
13.05  9.017343  5.084051  0.001681  0.040034
13.06  9.017303  5.084023  0.001679  0.039307
13.07  9.017288  5.083980  0.001678  0.038582
13.08  9.017252  5.083956  0.001677  0.037857
13.09  9.017238  5.083913  0.001676  0.037133
13.10  9.017197  5.083884  0.001674  0.036410
13.11  9.017188  5.083846  0.001673  0.035687
13.12  9.017147  5.083818  0.001672  0.034965
13.13  9.017133  5.083775  0.001671  0.034244
13.14  9.017092  5.083746  0.001670  0.033524
13.15  9.017083  5.083708  0.001669  0.032804
13.16  9.017042  5.083680  0.001667  0.032086
13.17  9.017028  5.083637  0.001666  0.031368
13.18  9.016992  5.083599  0.001665  0.030651
13.19  9.016977  5.083570  0.001664  0.029934
13.20  9.016937  5.083541  0.001663  0.029218
13.21  9.016927  5.083503  0.001661  0.028503
13.22  9.016886  5.083475  0.001660  0.027789
13.23  9.016872  5.083432  0.001659  0.027076
13.24  9.016831  5.083403  0.001658  0.026363
13.25  9.016817  5.083360  0.001657  0.025651
13.26  9.016781  5.083337  0.001656  0.024940
13.27  9.016767  5.083294  0.001654  0.024229
13.28  9.016726  5.083265  0.001653  0.023519
13.29  9.016717  5.083227  0.001652  0.022810
13.30  9.016676  5.083198  0.001651  0.022102
13.31  9.016662  5.083156  0.001650  0.021395
13.32  9.016621  5.083127  0.001649  0.020688
13.33  9.016611  5.083089  0.001648  0.019982
13.34  9.016571  5.083060  0.001646  0.019276
13.35  9.016556  5.083032  0.001645  0.018572
13.36  9.016520  5.082993  0.001644  0.017868
13.37  9.016506  5.082965  0.001643  0.017165
13.38  9.016465  5.082922  0.001642  0.016462
13.39  9.016451  5.082893  0.001641  0.015761
13.40  9.016415  5.082870  0.001640  0.015060
13.41  9.016401  5.082827  0.001638  0.014359
13.42  9.016387  5.082798  0.001637  0.013660
13.43  9.016346  5.082755  0.001636  0.012961
13.44  9.016336  5.082731  0.001635  0.012263
13.45  9.016296  5.082703  0.001634  0.011565
13.46  9.016281  5.082660  0.001633  0.010869
13.47  9.016241  5.082631  0.001632  0.010173
13.48  9.016231  5.082607  0.001631  0.009478
13.49  9.016190  5.082565  0.001630  0.008783
13.50  9.016176  5.082536  0.001628  0.008089
13.51  9.016162  5.082507  0.001627  0.007396
13.52  9.016126  5.082469  0.001626  0.006704
13.53  9.016112  5.082441  0.001625  0.006012
13.54  9.016071  5.082412  0.001624  0.005321
13.55  9.016057  5.082369  0.001623  0.004631
13.56  9.016016  5.082340  0.001622  0.003941
13.57  9.016006  5.082317  0.001621  0.003252
13.58  9.015966  5.082274  0.001620  0.002564
13.59  9.015951  5.082245  0.001618  0.001877
13.60  9.015937  5.082217  0.001618  0.001190
13.61  9.015901  5.082178  0.001616  0.000504
13.62  9.015887  5.082150  0.001615 -1.000000
13.63  9.015846  5.082121  0.001614 -1.000000
13.64  9.015832  5.082093  0.001613 -1.000000
13.65  9.015796  5.082054  0.001612 -1.000000
13.66  9.015781  5.082026  0.001611 -1.000000
13.67  9.015767  5.081997  0.001610 -1.000000
13.68  9.015726  5.081954  0.001609 -1.000000
13.69  9.015717  5.081930  0.001608 -1.000000
13.70  9.015676  5.081902  0.001607 -1.000000
13.71  9.015662  5.081873  0.001606 -1.000000
13.72  9.015621  5.081830  0.001605 -1.000000
13.73  9.015607  5.081802  0.001604 -1.000000
13.74  9.015597  5.081778  0.001602 -1.000000
13.75  9.015557  5.081749  0.001601 -1.000000
13.76  9.015542  5.081721  0.001600 -1.000000
13.77  9.015502  5.081678  0.001599 -1.000000
13.78  9.015487  5.081649  0.001598 -1.000000
13.79  9.015478  5.081625  0.001597 -1.000000
13.80  9.015437  5.081597  0.001596 -1.000000
13.81  9.015423  5.081568  0.001595 -1.000000
13.82  9.015382  5.081525  0.001594 -1.000000
13.83  9.015373  5.081501  0.001593 -1.000000
13.84  9.015358  5.081473  0.001592 -1.000000
13.85  9.015318  5.081444  0.001591 -1.000000
13.86  9.015303  5.081416  0.001590 -1.000000
13.87  9.015289  5.081387  0.001589 -1.000000
13.88  9.015253  5.081349  0.001588 -1.000000
13.89  9.015239  5.081320  0.001587 -1.000000
13.90  9.015198  5.081292  0.001586 -1.000000
13.91  9.015184  5.081263  0.001585 -1.000000
13.92  9.015170  5.081234  0.001584 -1.000000
13.93  9.015134  5.081210  0.001583 -1.000000
13.94  9.015119  5.081182  0.001582 -1.000000
13.95  9.015079  5.081139  0.001581 -1.000000
13.96  9.015064  5.081110  0.001580 -1.000000
13.97  9.015050  5.081082  0.001579 -1.000000
13.98  9.015014  5.081058  0.001577 -1.000000
13.99  9.015000  5.081029  0.001576 -1.000000
14.00  9.014959  5.081001  0.001576 -1.000000
14.01  9.014945  5.080972  0.001574 -1.000000
14.02  9.014931  5.080943  0.001574 -1.000000
14.03  9.014890  5.080915  0.001572 -1.000000
14.04  9.014880  5.080891  0.001571 -1.000000
14.05  9.014866  5.080862  0.001571 -1.000000
14.06  9.014825  5.080834  0.001569 -1.000000
14.07  9.014811  5.080805  0.001569 -1.000000
14.08  9.014797  5.080777  0.001568 -1.000000
14.09  9.014756  5.080748  0.001566 -1.000000
14.10  9.014742  5.080719  0.001566 -1.000000
14.11  9.014701  5.080691  0.001564 -1.000000
14.12  9.014692  5.080653  0.001564 -1.000000
14.13  9.014677  5.080638  0.001563 -1.000000
14.14  9.014637  5.080610  0.001561 -1.000000
14.15  9.014622  5.080581  0.001561 -1.000000
14.16  9.014608  5.080552  0.001559 -1.000000
14.17  9.014567  5.080524  0.001559 -1.000000
14.18  9.014553  5.080495  0.001558 -1.000000
14.19  9.014512  5.080467  0.001557 -1.000000
14.20  9.014503  5.080443  0.001556 -1.000000
14.21  9.014489  5.080414  0.001555 -1.000000
14.22  9.014448  5.080386  0.001554 -1.000000
14.23  9.014434  5.080357  0.001553 -1.000000
14.24  9.014419  5.080328  0.001552 -1.000000
14.25  9.014379  5.080300  0.001551 -1.000000
14.26  9.014364  5.080271  0.001550 -1.000000
14.27  9.014324  5.080243  0.001549 -1.000000
14.28  9.014309  5.080214  0.001548 -1.000000
14.29  9.014295  5.080185  0.001547 -1.000000
14.30  9.014254  5.080171  0.001546 -1.000000
14.31  9.014240  5.080142  0.001545 -1.000000
14.32  9.014226  5.080114  0.001544 -1.000000
14.33  9.014185  5.080085  0.001543 -1.000000
14.34  9.014171  5.080057  0.001542 -1.000000
14.35  9.014130  5.080028  0.001541 -1.000000
14.36  9.014116  5.079999  0.001540 -1.000000
14.37  9.014106  5.079976  0.001539 -1.000000
14.38  9.014061  5.079957  0.001538 -1.000000
14.39  9.014051  5.079933  0.001537 -1.000000
14.40  9.014006  5.079899  0.001536 -1.000000
14.41  9.013996  5.079876  0.001535 -1.000000
14.42  9.013982  5.079847  0.001535 -1.000000
14.43  9.013937  5.079828  0.001533 -1.000000
14.44  9.013922  5.079799  0.001533 -1.000000
14.45  9.013908  5.079771  0.001532 -1.000000
14.46  9.013867  5.079742  0.001531 -1.000000
14.47  9.013853  5.079714  0.001530 -1.000000
14.48  9.013812  5.079699  0.001529 -1.000000
14.49  9.013798  5.079671  0.001528 -1.000000
14.50  9.013784  5.079642  0.001527 -1.000000
14.51  9.013743  5.079613  0.001526 -1.000000
14.52  9.013729  5.079599  0.001525 -1.000000
14.53  9.013715  5.079571  0.001524 -1.000000
14.54  9.013674  5.079542  0.001523 -1.000000
14.55  9.013660  5.079513  0.001522 -1.000000
14.56  9.013619  5.079499  0.001521 -1.000000
14.57  9.013605  5.079471  0.001520 -1.000000
14.58  9.013590  5.079442  0.001520 -1.000000
14.59  9.013550  5.079428  0.001519 -1.000000
14.60  9.013535  5.079399  0.001518 -1.000000
14.61  9.013521  5.079370  0.001517 -1.000000
14.62  9.013480  5.079342  0.001516 -1.000000
14.63  9.013466  5.079328  0.001515 -1.000000
14.64  9.013425  5.079299  0.001514 -1.000000
14.65  9.013406  5.079266  0.001513 -1.000000
14.66  9.013392  5.079251  0.001512 -1.000000
14.67  9.013352  5.079223  0.001511 -1.000000
14.68  9.013337  5.079194  0.001510 -1.000000
14.69  9.013323  5.079180  0.001509 -1.000000
14.70  9.013282  5.079151  0.001509 -1.000000
14.71  9.013268  5.079123  0.001508 -1.000000
14.72  9.013254  5.079109  0.001507 -1.000000
14.73  9.013213  5.079080  0.001506 -1.000000
14.74  9.013199  5.079051  0.001505 -1.000000
14.75  9.013158  5.079037  0.001504 -1.000000
14.76  9.013139  5.079004  0.001503 -1.000000
14.77  9.013130  5.078994  0.001502 -1.000000
14.78  9.013084  5.078961  0.001502 -1.000000
14.79  9.013070  5.078932  0.001501 -1.000000
14.80  9.013056  5.078918  0.001500 -1.000000
14.81  9.013015  5.078889  0.001499 -1.000000
14.82  9.013001  5.078875  0.001498 -1.000000
14.83  9.012986  5.078847  0.001497 -1.000000
14.84  9.012946  5.078818  0.001496 -1.000000
14.85  9.012931  5.078804  0.001495 -1.000000
14.86  9.012917  5.078775  0.001494 -1.000000
14.87  9.012877  5.078761  0.001494 -1.000000
14.88  9.012862  5.078732  0.001493 -1.000000
14.89  9.012843  5.078713  0.001492 -1.000000
14.90  9.012803  5.078685  0.001491 -1.000000
14.91  9.012788  5.078671  0.001490 -1.000000
14.92  9.012774  5.078642  0.001489 -1.000000
14.93  9.012733  5.078628  0.001488 -1.000000
14.94  9.012719  5.078599  0.001487 -1.000000
14.95  9.012705  5.078585  0.001486 -1.000000
14.96  9.012664  5.078556  0.001486 -1.000000
14.97  9.012650  5.078542  0.001485 -1.000000
14.98  9.012636  5.078514  0.001484 -1.000000
14.99  9.012595  5.078499  0.001483 -1.000000
15.00  9.012581  5.078471  0.001482 -1.000000
