 t       A(O)      A(F)      fg       z
 0.01 -8.000000 -8.000000  0.005000  8.199014
 0.02 -8.000000 -8.000000  0.014765  8.100720
 0.03  6.637326  2.540041  0.024182  8.005007
 0.04  7.173545  3.022424  0.033282  7.911767
 0.05  7.475263  3.312443  0.042089  7.820900
 0.06  7.668936  3.510493  0.050618  7.732310
 0.07  7.808160  3.655984  0.058880  7.645907
 0.08  7.916487  3.769700  0.066885  7.561606
 0.09  8.003440  3.860957  0.074643  7.479327
 0.10  8.075409  3.938095  0.082164  7.398992
 0.11  8.136851  4.005540  0.089454  7.320530
 0.12  8.186771  4.062412  0.096512  7.243870
 0.13  8.230853  4.113302  0.103340  7.168949
 0.14  8.271065  4.159705  0.109960  7.095703
 0.15  8.307873  4.202064  0.116350  7.024073
 0.16  8.341609  4.240691  0.122550  6.954003
 0.17  8.373424  4.275238  0.128540  6.885440
 0.18  8.403543  4.305092  0.134360  6.818331
 0.19  8.431489  4.331728  0.140000  6.752629
 0.20  8.457137  4.356140  0.145470  6.688286
 0.21  8.480869  4.378753  0.150780  6.625258
 0.22  8.502926  4.399859  0.155920  6.563503
 0.23  8.523534  4.419671  0.160910  6.502979
 0.24  8.542927  4.438384  0.165740  6.443649
 0.25  8.561203  4.456086  0.170420  6.385474
 0.26  8.578515  4.472898  0.174960  6.328419
 0.27  8.594952  4.488910  0.179350  6.272450
 0.28  8.610740  4.504690  0.183600  6.217534
 0.29  8.626088  4.520784  0.187710  6.163639
 0.30  8.640970  4.536704  0.191680  6.110737
 0.31  8.655348  4.552065  0.195520  6.058797
 0.32  8.669283  4.566897  0.199220  6.007791
 0.33  8.682805  4.581293  0.202800  5.957694
 0.34  8.695934  4.595229  0.206260  5.908480
 0.35  8.708697  4.608735  0.209590  5.860124
 0.36  8.721105  4.621879  0.212800  5.812601
 0.37  8.733177  4.634638  0.215900  5.765890
 0.38  8.744930  4.647036  0.218880  5.719969
 0.39  8.756386  4.659130  0.221750  5.674815
 0.40  8.767551  4.670898  0.224510  5.630409
 0.41  8.778451  4.682360  0.227170  5.586732
 0.42  8.789062  4.693562  0.229720  5.543764
 0.43  8.799456  4.704487  0.232180  5.501486
 0.44  8.809596  4.715144  0.234530  5.459882
 0.45  8.819495  4.725608  0.236790  5.418934
 0.46  8.829211  4.735864  0.238950  5.378626
 0.47  8.838662  4.745909  0.241030  5.338941
 0.48  8.847948  4.755707  0.243010  5.299865
 0.49  8.857065  4.765317  0.244910  5.261383
 0.50  8.865950  4.774746  0.246720  5.223480
 0.51  8.874691  4.783956  0.248450  5.186143
 0.52  8.883250  4.793002  0.250100  5.149358
 0.53  8.891667  4.801887  0.251670  5.113112
 0.54  8.899890  4.810578  0.253170  5.077393
 0.55  8.907978  4.819118  0.254580  5.042187
 0.56  8.915951  4.827501  0.255930  5.007485
 0.57  8.923738  4.835724  0.257200  4.973274
 0.58  8.931414  4.843798  0.258400  4.939542
 0.59  8.938952  4.851751  0.259540  4.906281
 0.60  8.946356  4.859565  0.260610  4.873478
 0.61  8.953656  4.867239  0.261610  4.841124
 0.62  8.960827  4.874778  0.262550  4.809209
 0.63  8.967880  4.882197  0.263430  4.777724
 0.64  8.974839  4.889510  0.264250  4.746659
 0.65  8.981745  4.896732  0.265010  4.716006
 0.66  8.988533  4.903876  0.265720  4.685756
 0.67  8.995213  4.910928  0.266370  4.655900
 0.68  9.001813  4.917871  0.266970  4.626430
 0.69  9.008306  4.924703  0.267520  4.597339
 0.70  9.014698  4.931452  0.268020  4.568618
 0.71  9.020994  4.938080  0.268470  4.540260
 0.72  9.027195  4.944632  0.268880  4.512257
 0.73  9.033325  4.951103  0.269230  4.484604
 0.74  9.039366  4.957482  0.269540  4.457291
 0.75  9.045319  4.963771  0.269810  4.430314
 0.76  9.051187  4.969991  0.270040  4.403665
 0.77  9.056993  4.976122  0.270220  4.377339
 0.78  9.062717  4.982170  0.270360  4.351328
 0.79  9.068363  4.988155  0.270470  4.325626
 0.80  9.073955  4.994061  0.270530  4.300229
 0.81  9.079472  4.999908  0.270560  4.275130
 0.82  9.084911  5.005658  0.270550  4.250323
 0.83  9.090301  5.011352  0.270500  4.225803
 0.84  9.095621  5.016974  0.270420  4.201565
 0.85  9.100873  5.022544  0.270300  4.177604
 0.86  9.106074  5.028024  0.270150  4.153915
 0.87  9.111211  5.033455  0.269970  4.130492
 0.88  9.116283  5.038821  0.269760  4.107331
 0.89  9.121313  5.044123  0.269520  4.084427
 0.90  9.126283  5.049364  0.269240  4.061776
 0.91  9.131187  5.054539  0.268940  4.039373
 0.92  9.136053  5.059671  0.268610  4.017214
 0.93  9.140861  5.064745  0.268250  3.995294
 0.94  9.145633  5.069763  0.267870  3.973610
 0.95  9.150345  5.074720  0.267460  3.952158
 0.96  9.155007  5.079628  0.267020  3.930933
 0.97  9.159630  5.084494  0.266560  3.909932
 0.98  9.164216  5.089287  0.266080  3.889150
 0.99  9.168735  5.094050  0.265570  3.868585
 1.00  9.173238  5.098758  0.265040  3.848232
 1.01  9.177557  5.103298  0.271650  3.828088
 1.02  9.175156  5.108408  0.276910  3.808150
 1.03  9.168413  5.102657  0.281790  3.788415
 1.04  9.161781  5.096709  0.286450  3.768878
 1.05  9.155358  5.090972  0.290960  3.749537
 1.06  9.149144  5.085433  0.295350  3.730389
 1.07  9.143084  5.080069  0.299640  3.711430
 1.08  9.137205  5.074871  0.303850  3.692658
 1.09  9.131498  5.069834  0.307970  3.674070
 1.10  9.125921  5.064942  0.312030  3.655662
 1.11  9.120501  5.060182  0.316010  3.637433
 1.12  9.115225  5.055534  0.319940  3.619378
 1.13  9.110071  5.051010  0.323810  3.601496
 1.14  9.105043  5.046613  0.327620  3.583784
 1.15  9.100123  5.042330  0.331380  3.566239
 1.16  9.095330  5.038159  0.335090  3.548859
 1.17  9.090651  5.034092  0.338750  3.531642
 1.18  9.086089  5.030114  0.342360  3.514584
 1.19  9.081620  5.026239  0.345920  3.497683
 1.20  9.077240  5.022447  0.349440  3.480938
 1.21  9.072962  5.018733  0.352920  3.464346
 1.22  9.068783  5.015094  0.356360  3.447904
 1.23  9.064701  5.011527  0.359750  3.431611
 1.24  9.060676  5.008021  0.363110  3.415464
 1.25  9.056756  5.004593  0.366430  3.399461
 1.26  9.052915  5.001224  0.369710  3.383600
 1.27  9.049156  4.997897  0.372950  3.367880
 1.28  9.045455  4.994631  0.376150  3.352297
 1.29  9.041842  4.991412  0.379320  3.336851
 1.30  9.038311  4.988252  0.382460  3.321539
 1.31  9.034822  4.985142  0.385560  3.306359
 1.32  9.031418  4.982073  0.388630  3.291310
 1.33  9.028078  4.979052  0.391660  3.276390
 1.34  9.024779  4.976078  0.394660  3.261596
 1.35  9.021574  4.973153  0.397630  3.246928
 1.36  9.018407  4.970254  0.400560  3.232384
 1.37  9.015310  4.967424  0.403470  3.217961
 1.38  9.012257  4.964626  0.406340  3.203659
 1.39  9.009272  4.961875  0.409190  3.189475
 1.40  9.006329  4.959153  0.412000  3.175408
 1.41  9.003460  4.956484  0.414790  3.161457
 1.42  9.000635  4.953844  0.417540  3.147620
 1.43  8.997827  4.951235  0.420270  3.133895
 1.44  8.995096  4.948681  0.422970  3.120281
 1.45  8.992411  4.946158  0.425640  3.106777
 1.46  8.989773  4.943667  0.428290  3.093381
 1.47  8.987182  4.941208  0.430910  3.080092
 1.48  8.984617  4.938807  0.433500  3.066908
 1.49  8.982123  4.936415  0.436070  3.053828
 1.50  8.979656  4.934062  0.438610  3.040851
 1.51  8.977211  4.931763  0.441130  3.027975
 1.52  8.974840  4.929474  0.443620  3.015200
 1.53  8.972497  4.927225  0.446080  3.002523
 1.54  8.970172  4.925007  0.448530  2.989944
 1.55  8.967905  4.922830  0.450940  2.977462
 1.56  8.965657  4.920664  0.453340  2.965075
 1.57  8.963468  4.918540  0.455710  2.952782
 1.58  8.961299  4.916449  0.458060  2.940582
 1.59  8.959185  4.914375  0.460390  2.928474
 1.60  8.957062  4.912335  0.462700  2.916456
 1.61  8.955001  4.910338  0.464980  2.904528
 1.62  8.952961  4.908354  0.467240  2.892689
 1.63  8.950982  4.906393  0.469490  2.880937
 1.64  8.948992  4.904463  0.471710  2.869272
 1.65  8.947064  4.902577  0.473910  2.857692
 1.66  8.945159  4.900684  0.476090  2.846196
 1.67  8.943283  4.898832  0.478250  2.834784
 1.68  8.941436  4.897021  0.480390  2.823455
 1.69  8.939612  4.895226  0.482510  2.812206
 1.70  8.937788  4.893450  0.484610  2.801039
 1.71  8.936018  4.891691  0.486690  2.789951
 1.72  8.934279  4.889952  0.488750  2.778942
 1.73  8.932570  4.888255  0.490800  2.768010
 1.74  8.930887  4.886575  0.492830  2.757156
 1.75  8.929203  4.884916  0.494830  2.746377
 1.76  8.927581  4.883279  0.496820  2.735674
 1.77  8.925954  4.881658  0.498800  2.725045
 1.78  8.924354  4.880055  0.500750  2.714489
 1.79  8.922786  4.878496  0.502690  2.704007
 1.80  8.921249  4.876937  0.504620  2.693596
 1.81  8.919741  4.875418  0.506520  2.683256
 1.82  8.918228  4.873895  0.508410  2.672986
 1.83  8.916747  4.872418  0.510280  2.662787
 1.84  8.915295  4.870936  0.512130  2.652655
 1.85  8.913843  4.869500  0.513970  2.642592
 1.86  8.912457  4.868064  0.515790  2.632596
 1.87  8.911035  4.866670  0.517590  2.622667
 1.88  8.909674  4.865273  0.519370  2.612804
 1.89  8.908310  4.863895  0.521140  2.603005
 1.90  8.906980  4.862540  0.522890  2.593272
 1.91  8.905684  4.861210  0.524630  2.583602
 1.92  8.904385  4.859900  0.526350  2.573995
 1.93  8.903116  4.858610  0.528050  2.564450
 1.94  8.901848  4.857321  0.529740  2.554967
 1.95  8.900611  4.856076  0.531410  2.545546
 1.96  8.899371  4.854827  0.533060  2.536185
 1.97  8.898200  4.853604  0.534700  2.526883
 1.98  8.896992  4.852378  0.536320  2.517641
 1.99  8.895816  4.851196  0.537920  2.508458
 2.00  8.894675  4.850016  0.539510  2.499333
 2.01  8.893532  4.848857  0.541090  2.490265
 2.02  8.892420  4.847695  0.542650  2.481254
 2.03  8.891310  4.846583  0.544190  2.472299
 2.04  8.890232  4.845469  0.545720  2.463400
 2.05  8.889152  4.844377  0.547240  2.454556
 2.06  8.888074  4.843286  0.548730  2.445766
 2.07  8.887029  4.842217  0.550220  2.437031
 2.08  8.886016  4.841171  0.551680  2.428349
 2.09  8.885001  4.840122  0.553140  2.419721
 2.10  8.883988  4.839100  0.554570  2.411144
 2.11  8.883008  4.838075  0.556000  2.402620
 2.12  8.882026  4.837073  0.557400  2.394147
 2.13  8.881047  4.836098  0.558800  2.385725
 2.14  8.880097  4.835117  0.560180  2.377354
 2.15  8.879184  4.834163  0.561540  2.369032
 2.16  8.878235  4.833207  0.562890  2.360760
 2.17  8.877324  4.832278  0.564230  2.352537
 2.18  8.876441  4.831343  0.565550  2.344362
 2.19  8.875527  4.830436  0.566860  2.336236
 2.20  8.874646  4.829552  0.568150  2.328157
 2.21  8.873803  4.828671  0.569440  2.320125
 2.22  8.872955  4.827784  0.570700  2.312140
 2.23  8.872110  4.826924  0.571960  2.304201
 2.24  8.871263  4.826064  0.573200  2.296308
 2.25  8.870451  4.825226  0.574430  2.288460
 2.26  8.869637  4.824388  0.575650  2.280658
 2.27  8.868827  4.823578  0.576850  2.272899
 2.28  8.868016  4.822766  0.578050  2.265186
 2.29  8.867234  4.821948  0.579230  2.257515
 2.30  8.866492  4.821159  0.580400  2.249888
 2.31  8.865717  4.820399  0.581550  2.242305
 2.32  8.864973  4.819607  0.582700  2.234763
 2.33  8.864232  4.818845  0.583830  2.227264
 2.34  8.863485  4.818101  0.584940  2.219807
 2.35  8.862742  4.817362  0.586050  2.212390
 2.36  8.862035  4.816621  0.587140  2.205015
 2.37  8.861330  4.815909  0.588230  2.197681
 2.38  8.860621  4.815166  0.589300  2.190387
 2.39  8.859910  4.814474  0.590360  2.183133
 2.40  8.859239  4.813759  0.591400  2.175918
 2.41  8.858568  4.813069  0.592440  2.168743
 2.42  8.857895  4.812377  0.593460  2.161607
 2.43  8.857222  4.811711  0.594470  2.154509
 2.44  8.856548  4.811044  0.595480  2.147449
 2.45  8.855909  4.810376  0.596470  2.140427
 2.46  8.855270  4.809707  0.597450  2.133443
 2.47  8.854635  4.809067  0.598410  2.126496
 2.48  8.853994  4.808422  0.599370  2.119586
 2.49  8.853357  4.807781  0.600320  2.112712
 2.50  8.852757  4.807165  0.601260  2.105875
 2.51  8.852118  4.806549  0.602190  2.099073
 2.52  8.851516  4.805931  0.603100  2.092307
 2.53  8.850913  4.805313  0.604010  2.085577
 2.54  8.850352  4.804725  0.604910  2.078881
 2.55  8.849747  4.804131  0.605790  2.072221
 2.56  8.849180  4.803537  0.606670  2.065595
 2.57  8.848579  4.802946  0.607540  2.059002
 2.58  8.848014  4.802382  0.608400  2.052444
 2.59  8.847487  4.801816  0.609250  2.045920
 2.60  8.846921  4.801250  0.610100  2.039428
 2.61  8.846355  4.800710  0.610930  2.032970
 2.62  8.845826  4.800142  0.611760  2.026544
 2.63  8.845296  4.799601  0.612580  2.020151
 2.64  8.844770  4.799089  0.613390  2.013790
 2.65  8.844239  4.798547  0.614200  2.007462
 2.66  8.843712  4.798034  0.614990  2.001164
 2.67  8.843223  4.797495  0.615780  1.994899
 2.68  8.842732  4.797008  0.616560  1.988664
 2.69  8.842204  4.796494  0.617340  1.982460
 2.70  8.841713  4.795980  0.618100  1.976287
 2.71  8.841259  4.795492  0.618860  1.970145
 2.72  8.840767  4.795003  0.619620  1.964032
 2.73  8.840279  4.794518  0.620360  1.957950
 2.74  8.839824  4.794055  0.621100  1.951897
 2.75  8.839336  4.793569  0.621830  1.945874
 2.76  8.838880  4.793105  0.622550  1.939880
 2.77  8.838428  4.792646  0.623270  1.933915
 2.78  8.837976  4.792186  0.623980  1.927978
 2.79  8.837562  4.791752  0.624680  1.922070
 2.80  8.837109  4.791291  0.625380  1.916191
 2.81  8.836695  4.790856  0.626070  1.910340
 2.82  8.836241  4.790421  0.626750  1.904516
 2.83  8.835825  4.789986  0.627430  1.898720
 2.84  8.835414  4.789582  0.628100  1.892952
 2.85  8.834998  4.789146  0.628770  1.887211
 2.86  8.834586  4.788741  0.629430  1.881497
 2.87  8.834169  4.788331  0.630080  1.875809
 2.88  8.833795  4.787926  0.630720  1.870149
 2.89  8.833382  4.787520  0.631360  1.864514
 2.90  8.833007  4.787113  0.632000  1.858906
 2.91  8.832593  4.786734  0.632620  1.853324
 2.92  8.832218  4.786327  0.633250  1.847768
 2.93  8.831843  4.785947  0.633860  1.842237
 2.94  8.831467  4.785567  0.634470  1.836732
 2.95  8.831091  4.785186  0.635070  1.831252
 2.96  8.830753  4.784833  0.635670  1.825797
 2.97  8.830381  4.784456  0.636270  1.820367
 2.98  8.830004  4.784102  0.636850  1.814962
 2.99  8.829670  4.783752  0.637430  1.809581
 3.00  8.829331  4.783370  0.638010  1.804224
 3.01  8.828958  4.783020  0.638580  1.798891
 3.02  8.828624  4.782697  0.639140  1.793583
 3.03  8.828285  4.782341  0.639700  1.788298
 3.04  8.827950  4.781990  0.640260  1.783037
 3.05  8.827615  4.781666  0.640800  1.777799
 3.06  8.827318  4.781342  0.641350  1.772584
 3.07  8.826983  4.780990  0.641890  1.767393
 3.08  8.826647  4.780666  0.642420  1.762224
 3.09  8.826350  4.780368  0.642950  1.757079
 3.10  8.826053  4.780043  0.643470  1.751955
 3.11  8.825717  4.779718  0.643990  1.746855
 3.12  8.825424  4.779425  0.644500  1.741776
 3.13  8.825126  4.779099  0.645000  1.736720
 3.14  8.824829  4.778801  0.645510  1.731685
 3.15  8.824535  4.778507  0.646000  1.726672
 3.16  8.824237  4.778181  0.646500  1.721681
 3.17  8.823943  4.777887  0.646990  1.716712
 3.18  8.823645  4.777615  0.647470  1.711763
 3.19  8.823351  4.777321  0.647950  1.706836
 3.20  8.823096  4.777026  0.648420  1.701930
 3.21  8.822797  4.776754  0.648890  1.697045
 3.22  8.822542  4.776459  0.649360  1.692181
 3.23  8.822247  4.776192  0.649820  1.687337
 3.24  8.821992  4.775924  0.650280  1.682513
 3.25  8.821737  4.775656  0.650730  1.677710
 3.26  8.821481  4.775388  0.651180  1.672927
 3.27  8.821225  4.775120  0.651630  1.668164
 3.28  8.820969  4.774852  0.652070  1.663421
 3.29  8.820714  4.774584  0.652500  1.658698
 3.30  8.820457  4.774343  0.652940  1.653995
 3.31  8.820206  4.774079  0.653370  1.649310
 3.32  8.819949  4.773838  0.653790  1.644646
 3.33  8.819693  4.773597  0.654210  1.640000
 3.34  8.819481  4.773332  0.654630  1.635373
 3.35  8.819224  4.773091  0.655040  1.630766
 3.36  8.819007  4.772849  0.655450  1.626177
 3.37  8.818754  4.772612  0.655860  1.621607
 3.38  8.818537  4.772399  0.656260  1.617056
 3.39  8.818324  4.772162  0.656660  1.612523
 3.40  8.818071  4.771924  0.657060  1.608008
 3.41  8.817854  4.771710  0.657450  1.603512
 3.42  8.817641  4.771473  0.657840  1.599033
 3.43  8.817427  4.771263  0.658220  1.594573
 3.44  8.817210  4.771021  0.658600  1.590131
 3.45  8.816996  4.770811  0.658980  1.585706
 3.46  8.816783  4.770601  0.659350  1.581299
 3.47  8.816569  4.770391  0.659720  1.576909
 3.48  8.816396  4.770181  0.660090  1.572537
 3.49  8.816182  4.769971  0.660460  1.568182
 3.50  8.815968  4.769760  0.660820  1.563844
 3.51  8.815794  4.769578  0.661170  1.559523
 3.52  8.815580  4.769368  0.661530  1.555219
 3.53  8.815406  4.769157  0.661880  1.550932
 3.54  8.815192  4.768975  0.662230  1.546662
 3.55  8.815018  4.768764  0.662570  1.542408
 3.56  8.814808  4.768586  0.662920  1.538171
 3.57  8.814634  4.768403  0.663260  1.533950
 3.58  8.814460  4.768221  0.663590  1.529745
 3.59  8.814285  4.768010  0.663930  1.525557
 3.60  8.814115  4.767831  0.664260  1.521385
 3.61  8.813941  4.767648  0.664580  1.517229
 3.62  8.813731  4.767470  0.664910  1.513088
 3.63  8.813556  4.767287  0.665230  1.508964
 3.64  8.813381  4.767132  0.665550  1.504855
 3.65  8.813251  4.766953  0.665860  1.500762
 3.66  8.813081  4.766774  0.666180  1.496684
 3.67  8.812906  4.766619  0.666490  1.492621
 3.68  8.812736  4.766441  0.666790  1.488574
 3.69  8.812561  4.766285  0.667100  1.484542
 3.70  8.812431  4.766106  0.667400  1.480525
 3.71  8.812260  4.765956  0.667700  1.476524
 3.72  8.812085  4.765772  0.668000  1.472537
 3.73  8.811955  4.765621  0.668290  1.468565
 3.74  8.811784  4.765471  0.668580  1.464607
 3.75  8.811654  4.765320  0.668870  1.460665
 3.76  8.811479  4.765164  0.669160  1.456737
 3.77  8.811348  4.765013  0.669440  1.452823
 3.78  8.811218  4.764862  0.669720  1.448924
 3.79  8.811047  4.764711  0.670000  1.445039
 3.80  8.810916  4.764560  0.670280  1.441168
 3.81  8.810786  4.764409  0.670550  1.437311
 3.82  8.810655  4.764258  0.670820  1.433469
 3.83  8.810484  4.764135  0.671090  1.429640
 3.84  8.810353  4.763983  0.671360  1.425825
 3.85  8.810223  4.763860  0.671620  1.422024
 3.86  8.810092  4.763709  0.671880  1.418237
 3.87  8.809961  4.763586  0.672140  1.414463
 3.88  8.809830  4.763435  0.672400  1.410703
 3.89  8.809699  4.763312  0.672650  1.406956
 3.90  8.809569  4.763160  0.672910  1.403223
 3.91  8.809438  4.763037  0.673160  1.399503
 3.92  8.809311  4.762918  0.673400  1.395796
 3.93  8.809180  4.762795  0.673650  1.392102
 3.94  8.809090  4.762644  0.673890  1.388422
 3.95  8.808959  4.762520  0.674130  1.384754
 3.96  8.808832  4.762402  0.674370  1.381099
 3.97  8.808701  4.762278  0.674610  1.377457
 3.98  8.808611  4.762155  0.674850  1.373828
 3.99  8.808484  4.762036  0.675080  1.370212
 4.00  8.808394  4.761941  0.675310  1.366608
 4.01  8.808263  4.761818  0.675540  1.363017
 4.02  8.808136  4.761699  0.675770  1.359438
 4.03  8.808045  4.761576  0.675990  1.355872
 4.04  8.807914  4.761452  0.676210  1.352317
 4.05  8.807828  4.761362  0.676430  1.348776
 4.06  8.807697  4.761238  0.676650  1.345246
 4.07  8.807611  4.761148  0.676870  1.341728
 4.08  8.807520  4.761024  0.677090  1.338223
 4.09  8.807393  4.760905  0.677300  1.334729
 4.10  8.807302  4.760810  0.677510  1.331248
 4.11  8.807216  4.760720  0.677720  1.327778
 4.12  8.807089  4.760601  0.677930  1.324320
 4.13  8.806999  4.760506  0.678130  1.320873
 4.14  8.806912  4.760386  0.678340  1.317439
 4.15  8.806822  4.760291  0.678540  1.314016
 4.16  8.806694  4.760201  0.678740  1.310604
 4.17  8.806608  4.760110  0.678940  1.307204
 4.18  8.806517  4.760015  0.679140  1.303815
 4.19  8.806431  4.759896  0.679330  1.300438
 4.20  8.806345  4.759805  0.679520  1.297071
 4.21  8.806254  4.759710  0.679720  1.293716
 4.22  8.806168  4.759619  0.679910  1.290372
 4.23  8.806081  4.759528  0.680090  1.287040
 4.24  8.805995  4.759438  0.680280  1.283718
 4.25  8.805904  4.759342  0.680470  1.280407
 4.26  8.805818  4.759252  0.680650  1.277107
 4.27  8.805731  4.759161  0.680830  1.273818
 4.28  8.805645  4.759099  0.681010  1.270539
 4.29  8.805558  4.759008  0.681190  1.267272
 4.30  8.805472  4.758917  0.681370  1.264015
 4.31  8.805381  4.758822  0.681540  1.260768
 4.32  8.805335  4.758731  0.681720  1.257532
 4.33  8.805249  4.758669  0.681890  1.254307
 4.34  8.805162  4.758578  0.682060  1.251092
 4.35  8.805076  4.758487  0.682230  1.247887
 4.36  8.805030  4.758425  0.682400  1.244693
 4.37  8.804944  4.758334  0.682570  1.241509
 4.38  8.804857  4.758272  0.682730  1.238335
 4.39  8.804771  4.758181  0.682900  1.235171
 4.40  8.804725  4.758119  0.683060  1.232017
 4.41  8.804639  4.758028  0.683220  1.228874
 4.42  8.804552  4.757966  0.683380  1.225740
 4.43  8.804506  4.757875  0.683540  1.222617
 4.44  8.804420  4.757813  0.683700  1.219503
 4.45  8.804374  4.757750  0.683850  1.216399
 4.46  8.804287  4.757659  0.684010  1.213304
 4.47  8.804242  4.757597  0.684160  1.210220
 4.48  8.804155  4.757535  0.684310  1.207145
 4.49  8.804110  4.757444  0.684470  1.204080
 4.50  8.804023  4.757382  0.684620  1.201024
 4.51  8.803977  4.757319  0.684760  1.197978
 4.52  8.803895  4.757262  0.684910  1.194941
 4.53  8.803849  4.757199  0.685060  1.191914
 4.54  8.803763  4.757137  0.685200  1.188896
 4.55  8.803717  4.757046  0.685350  1.185888
 4.56  8.803671  4.756984  0.685490  1.182888
 4.57  8.803585  4.756921  0.685630  1.179898
 4.58  8.803543  4.756864  0.685770  1.176917
 4.59  8.803498  4.756801  0.685910  1.173946
 4.60  8.803411  4.756739  0.686050  1.170983
 4.61  8.803365  4.756677  0.686180  1.168029
 4.62  8.803320  4.756614  0.686320  1.165085
 4.63  8.803237  4.756556  0.686450  1.162149
 4.64  8.803192  4.756494  0.686590  1.159222
 4.65  8.803146  4.756461  0.686720  1.156304
 4.66  8.803105  4.756403  0.686850  1.153395
 4.67  8.803018  4.756340  0.686980  1.150495
 4.68  8.802972  4.756278  0.687110  1.147603
 4.69  8.802926  4.756216  0.687240  1.144720
 4.70  8.802885  4.756158  0.687370  1.141846
 4.71  8.802839  4.756124  0.687490  1.138980
 4.72  8.802794  4.756062  0.687620  1.136123
 4.73  8.802711  4.756004  0.687740  1.133274
 4.74  8.802666  4.755971  0.687860  1.130434
 4.75  8.802620  4.755908  0.687990  1.127602
 4.76  8.802579  4.755850  0.688110  1.124779
 4.77  8.802533  4.755817  0.688230  1.121963
 4.78  8.802487  4.755754  0.688350  1.119157
 4.79  8.802446  4.755696  0.688470  1.116358
 4.80  8.802400  4.755663  0.688580  1.113568
 4.81  8.802359  4.755605  0.688700  1.110785
 4.82  8.802313  4.755571  0.688820  1.108011
 4.83  8.802272  4.755513  0.688930  1.105245
 4.84  8.802226  4.755451  0.689040  1.102487
 4.85  8.802180  4.755417  0.689160  1.099738
 4.86  8.802139  4.755360  0.689270  1.096996
 4.87  8.802093  4.755326  0.689380  1.094262
 4.88  8.802052  4.755297  0.689490  1.091536
 4.89  8.802006  4.755234  0.689600  1.088817
 4.90  8.801965  4.755205  0.689710  1.086107
 4.91  8.801919  4.755143  0.689810  1.083404
 4.92  8.801878  4.755114  0.689920  1.080709
 4.93  8.801832  4.755080  0.690030  1.078022
 4.94  8.801832  4.755022  0.690130  1.075343
 4.95  8.801786  4.754989  0.690240  1.072671
 4.96  8.801745  4.754931  0.690340  1.070006
 4.97  8.801699  4.754897  0.690440  1.067350
 4.98  8.801658  4.754868  0.690540  1.064700
 4.99  8.801612  4.754835  0.690650  1.062059
 5.00  8.801612  4.754777  0.690750  1.059424
 5.01  8.801566  4.754743  0.690850  1.056797
 5.02  8.801525  4.754714  0.690940  1.054178
 5.03  8.801479  4.754681  0.691040  1.051566
 5.04  8.801438  4.754623  0.691140  1.048961
 5.05  8.801438  4.754594  0.691240  1.046363
 5.06  8.801392  4.754560  0.691330  1.043773
 5.07  8.801350  4.754531  0.691430  1.041190
 5.08  8.801305  4.754497  0.691520  1.038614
 5.09  8.801305  4.754468  0.691620  1.036045
 5.10  8.801263  4.754410  0.691710  1.033483
 5.11  8.801217  4.754377  0.691800  1.030929
 5.12  8.801176  4.754348  0.691890  1.028381
 5.13  8.801171  4.754314  0.691980  1.025840
 5.14  8.801130  4.754285  0.692070  1.023307
 5.15  8.801089  4.754256  0.692160  1.020780
 5.16  8.801084  4.754222  0.692250  1.018260
 5.17  8.801043  4.754193  0.692340  1.015747
 5.18  8.801002  4.754164  0.692430  1.013241
 5.19  8.800997  4.754131  0.692510  1.010742
 5.20  8.800956  4.754102  0.692600  1.008250
 5.21  8.800914  4.754072  0.692690  1.005764
 5.22  8.800910  4.754039  0.692770  1.003285
 5.23  8.800868  4.754010  0.692850  1.000812
 5.24  8.800868  4.753981  0.692940  0.998347
 5.25  8.800822  4.753947  0.693020  0.995888
 5.26  8.800781  4.753918  0.693100  0.993435
 5.27  8.800781  4.753889  0.693180  0.990990
 5.28  8.800735  4.753855  0.693260  0.988550
 5.29  8.800735  4.753826  0.693340  0.986117
 5.30  8.800694  4.753797  0.693420  0.983691
 5.31  8.800689  4.753764  0.693500  0.981271
 5.32  8.800648  4.753735  0.693580  0.978858
 5.33  8.800606  4.753735  0.693660  0.976451
 5.34  8.800606  4.753705  0.693730  0.974050
 5.35  8.800561  4.753672  0.693810  0.971656
 5.36  8.800561  4.753643  0.693890  0.969268
 5.37  8.800519  4.753614  0.693960  0.966886
 5.38  8.800515  4.753580  0.694040  0.964510
 5.39  8.800473  4.753551  0.694110  0.962141
 5.40  8.800473  4.753551  0.694180  0.959778
 5.41  8.800432  4.753522  0.694260  0.957421
 5.42  8.800427  4.753488  0.694330  0.955070
 5.43  8.800386  4.753459  0.694400  0.952725
 5.44  8.800386  4.753430  0.694470  0.950387
 5.45  8.800344  4.753430  0.694540  0.948054
 5.46  8.800340  4.753396  0.694610  0.945728
 5.47  8.800298  4.753367  0.694680  0.943407
 5.48  8.800298  4.753338  0.694750  0.941093
 5.49  8.800257  4.753338  0.694820  0.938784
 5.50  8.800257  4.753309  0.694890  0.936481
 5.51  8.800253  4.753275  0.694960  0.934185
 5.52  8.800211  4.753275  0.695030  0.931894
 5.53  8.800211  4.753246  0.695090  0.929609
 5.54  8.800170  4.753217  0.695160  0.927329
 5.55  8.800170  4.753217  0.695230  0.925056
 5.56  8.800124  4.753183  0.695290  0.922788
 5.57  8.800124  4.753154  0.695360  0.920526
 5.58  8.800124  4.753154  0.695420  0.918270
 5.59  8.800082  4.753125  0.695490  0.916020
 5.60  8.800082  4.753096  0.695550  0.913775
 5.61  8.800036  4.753092  0.695620  0.911536
 5.62  8.800036  4.753062  0.695680  0.909302
 5.63  8.800036  4.753033  0.695740  0.907074
 5.64  8.799995  4.753033  0.695800  0.904852
 5.65  8.799995  4.753004  0.695870  0.902635
 5.66  8.799995  4.753004  0.695930  0.900424
 5.67  8.799949  4.752970  0.695990  0.898218
 5.68  8.799949  4.752941  0.696050  0.896018
 5.69  8.799949  4.752941  0.696110  0.893823
 5.70  8.799907  4.752912  0.696170  0.891634
 5.71  8.799907  4.752912  0.696230  0.889450
 5.72  8.799907  4.752883  0.696290  0.887271
 5.73  8.799861  4.752879  0.696350  0.885098
 5.74  8.799861  4.752849  0.696400  0.882930
 5.75  8.799861  4.752820  0.696460  0.880767
 5.76  8.799820  4.752820  0.696520  0.878610
 5.77  8.799820  4.752791  0.696580  0.876458
 5.78  8.799820  4.752791  0.696630  0.874312
 5.79  8.799778  4.752762  0.696690  0.872170
 5.80  8.799778  4.752762  0.696750  0.870034
 5.81  8.799774  4.752728  0.696800  0.867903
 5.82  8.799774  4.752728  0.696860  0.865777
 5.83  8.799732  4.752699  0.696910  0.863656
 5.84  8.799732  4.752699  0.696970  0.861540
 5.85  8.799732  4.752670  0.697020  0.859430
 5.86  8.799691  4.752670  0.697070  0.857325
 5.87  8.799691  4.752670  0.697130  0.855224
 5.88  8.799691  4.752641  0.697180  0.853129
 5.89  8.799691  4.752641  0.697230  0.851038
 5.90  8.799645  4.752607  0.697290  0.848953
 5.91  8.799645  4.752607  0.697340  0.846873
 5.92  8.799645  4.752578  0.697390  0.844797
 5.93  8.799645  4.752578  0.697440  0.842727
 5.94  8.799604  4.752549  0.697490  0.840662
 5.95  8.799604  4.752549  0.697540  0.838601
 5.96  8.799604  4.752549  0.697590  0.836545
 5.97  8.799604  4.752520  0.697640  0.834494
 5.98  8.799562  4.752520  0.697690  0.832448
 5.99  8.799562  4.752490  0.697740  0.830407
 6.00  8.799562  4.752490  0.697790  0.828371
 6.01  8.799562  4.752490  0.697840  0.826339
 6.02  8.799557  4.752457  0.697890  0.824312
 6.03  8.799516  4.752457  0.697940  0.822290
 6.04  8.799516  4.752457  0.697990  0.820273
 6.05  8.799516  4.752428  0.698030  0.818260
 6.06  8.799516  4.752428  0.698080  0.816252
 6.07  8.799516  4.752398  0.698130  0.814249
 6.08  8.799475  4.752398  0.698180  0.812250
 6.09  8.799475  4.752398  0.698220  0.810256
 6.10  8.799475  4.752369  0.698270  0.808266
 6.11  8.799475  4.752369  0.698310  0.806281
 6.12  8.799475  4.752369  0.698360  0.804301
 6.13  8.799475  4.752340  0.698410  0.802325
 6.14  8.799433  4.752340  0.698450  0.800354
 6.15  8.799433  4.752340  0.698500  0.798388
 6.16  8.799433  4.752311  0.698540  0.796425
 6.17  8.799433  4.752311  0.698590  0.794468
 6.18  8.799433  4.752311  0.698630  0.792514
 6.19  8.799433  4.752311  0.698670  0.790566
 6.20  8.799392  4.752282  0.698720  0.788621
 6.21  8.799392  4.752282  0.698760  0.786681
 6.22  8.799392  4.752282  0.698800  0.784746
 6.23  8.799387  4.752248  0.698850  0.782815
 6.24  8.799387  4.752248  0.698890  0.780888
 6.25  8.799387  4.752248  0.698930  0.778966
 6.26  8.799345  4.752248  0.698970  0.777048
 6.27  8.799345  4.752219  0.699010  0.775134
 6.28  8.799345  4.752219  0.699060  0.773224
 6.29  8.799345  4.752219  0.699100  0.771319
 6.30  8.799345  4.752219  0.699140  0.769418
 6.31  8.799345  4.752190  0.699180  0.767521
 6.32  8.799345  4.752190  0.699220  0.765629
 6.33  8.799345  4.752190  0.699260  0.763741
 6.34  8.799304  4.752190  0.699300  0.761857
 6.35  8.799304  4.752160  0.699340  0.759977
 6.36  8.799304  4.752160  0.699380  0.758101
 6.37  8.799304  4.752160  0.699420  0.756230
 6.38  8.799304  4.752160  0.699460  0.754362
 6.39  8.799304  4.752131  0.699500  0.752499
 6.40  8.799304  4.752131  0.699540  0.750640
 6.41  8.799304  4.752131  0.699570  0.748784
 6.42  8.799304  4.752131  0.699610  0.746933
 6.43  8.799262  4.752102  0.699650  0.745086
 6.44  8.799262  4.752102  0.699690  0.743244
 6.45  8.799262  4.752102  0.699730  0.741405
 6.46  8.799262  4.752102  0.699760  0.739570
 6.47  8.799262  4.752102  0.699800  0.737739
 6.48  8.799262  4.752073  0.699840  0.735912
 6.49  8.799262  4.752073  0.699880  0.734089
 6.50  8.799262  4.752073  0.699910  0.732270
 6.51  8.799262  4.752073  0.699950  0.730455
 6.52  8.799262  4.752073  0.699980  0.728644
 6.53  8.799262  4.752044  0.700020  0.726836
 6.54  8.799221  4.752044  0.700060  0.725033
 6.55  8.799221  4.752044  0.700090  0.723233
 6.56  8.799221  4.752044  0.700130  0.721438
 6.57  8.799221  4.752044  0.700160  0.719646
 6.58  8.799221  4.752044  0.700200  0.717858
 6.59  8.799221  4.752015  0.700230  0.716074
 6.60  8.799221  4.752015  0.700270  0.714294
 6.61  8.799221  4.752015  0.700300  0.712517
 6.62  8.799221  4.752015  0.700340  0.710744
 6.63  8.799221  4.752015  0.700370  0.708975
 6.64  8.799221  4.752015  0.700400  0.707210
 6.65  8.799221  4.751985  0.700440  0.705449
 6.66  8.799221  4.751985  0.700470  0.703691
 6.67  8.799225  4.751990  0.700500  0.701937
 6.68  8.799225  4.751990  0.700540  0.700186
 6.69  8.799225  4.751990  0.700570  0.698440
 6.70  8.799184  4.751990  0.700600  0.696697
 6.71  8.799184  4.751990  0.700640  0.694957
 6.72  8.799184  4.751961  0.700670  0.693222
 6.73  8.799184  4.751961  0.700700  0.691489
 6.74  8.799184  4.751961  0.700730  0.689761
 6.75  8.799184  4.751961  0.700760  0.688036
 6.76  8.799184  4.751961  0.700790  0.686315
 6.77  8.799184  4.751961  0.700820  0.684597
 6.78  8.799184  4.751961  0.700860  0.682883
 6.79  8.799184  4.751932  0.700890  0.681172
 6.80  8.799184  4.751932  0.700920  0.679465
 6.81  8.799184  4.751932  0.700950  0.677762
 6.82  8.799184  4.751932  0.700980  0.676062
 6.83  8.799184  4.751932  0.701010  0.674365
 6.84  8.799184  4.751932  0.701040  0.672672
 6.85  8.799184  4.751932  0.701070  0.670982
 6.86  8.799184  4.751932  0.701100  0.669296
 6.87  8.799184  4.751902  0.701130  0.667614
 6.88  8.799184  4.751902  0.701160  0.665934
 6.89  8.799184  4.751902  0.701190  0.664259
 6.90  8.799184  4.751902  0.701210  0.662586
 6.91  8.799184  4.751902  0.701240  0.660917
 6.92  8.799184  4.751902  0.701270  0.659252
 6.93  8.799142  4.751902  0.701300  0.657589
 6.94  8.799142  4.751902  0.701330  0.655931
 6.95  8.799142  4.751902  0.701360  0.654275
 6.96  8.799142  4.751902  0.701390  0.652623
 6.97  8.799142  4.751873  0.701410  0.650974
 6.98  8.799142  4.751873  0.701440  0.649329
 6.99  8.799147  4.751878  0.701470  0.647686
 7.00  8.799147  4.751878  0.701500  0.646047
 7.01  8.799147  4.751878  0.701530  0.644412
 7.02  8.799147  4.751878  0.701550  0.642779
 7.03  8.799147  4.751878  0.701580  0.641150
 7.04  8.799147  4.751878  0.701610  0.639525
 7.05  8.799147  4.751878  0.701640  0.637902
 7.06  8.799147  4.751878  0.701660  0.636283
 7.07  8.799147  4.751878  0.701690  0.634666
 7.08  8.799147  4.751878  0.701720  0.633053
 7.09  8.799147  4.751848  0.701740  0.631444
 7.10  8.799147  4.751848  0.701770  0.629837
 7.11  8.799147  4.751848  0.701800  0.628234
 7.12  8.799147  4.751848  0.701820  0.626633
 7.13  8.799147  4.751848  0.701850  0.625036
 7.14  8.799147  4.751848  0.701870  0.623442
 7.15  8.799147  4.751848  0.701900  0.621851
 7.16  8.799147  4.751848  0.701930  0.620264
 7.17  8.799147  4.751848  0.701950  0.618679
 7.18  8.799147  4.751848  0.701980  0.617098
 7.19  8.799152  4.751853  0.702000  0.615519
 7.20  8.799152  4.751853  0.702030  0.613944
 7.21  8.799152  4.751853  0.702050  0.612371
 7.22  8.799152  4.751853  0.702080  0.610802
 7.23  8.799152  4.751853  0.702100  0.609236
 7.24  8.799152  4.751824  0.702130  0.607673
 7.25  8.799152  4.751824  0.702150  0.606113
 7.26  8.799152  4.751824  0.702180  0.604555
 7.27  8.799152  4.751824  0.702200  0.603001
 7.28  8.799152  4.751824  0.702230  0.601450
 7.29  8.799152  4.751824  0.702250  0.599902
 7.30  8.799152  4.751824  0.702280  0.598357
 7.31  8.799152  4.751824  0.702300  0.596815
 7.32  8.799152  4.751824  0.702330  0.595275
 7.33  8.799152  4.751824  0.702350  0.593739
 7.34  8.799152  4.751824  0.702370  0.592206
 7.35  8.799152  4.751824  0.702400  0.590675
 7.36  8.799156  4.751828  0.702420  0.589147
 7.37  8.799156  4.751828  0.702450  0.587623
 7.38  8.799156  4.751828  0.702470  0.586101
 7.39  8.799156  4.751828  0.702490  0.584582
 7.40  8.799156  4.751828  0.702520  0.583066
 7.41  8.799156  4.751828  0.702540  0.581553
 7.42  8.799156  4.751828  0.702560  0.580043
 7.43  8.799156  4.751828  0.702590  0.578535
 7.44  8.799156  4.751828  0.702610  0.577031
 7.45  8.799156  4.751828  0.702630  0.575529
 7.46  8.799156  4.751828  0.702660  0.574030
 7.47  8.799156  4.751828  0.702680  0.572534
 7.48  8.799198  4.751828  0.702700  0.571040
 7.49  8.799198  4.751828  0.702720  0.569550
 7.50  8.799198  4.751828  0.702750  0.568062
 7.51  8.799198  4.751799  0.702770  0.566577
 7.52  8.799202  4.751804  0.702790  0.565095
 7.53  8.799202  4.751804  0.702810  0.563615
 7.54  8.799202  4.751804  0.702840  0.562138
 7.55  8.799202  4.751804  0.702860  0.560664
 7.56  8.799202  4.751804  0.702880  0.559193
 7.57  8.799202  4.751804  0.702900  0.557724
 7.58  8.799202  4.751804  0.702920  0.556259
 7.59  8.799202  4.751804  0.702950  0.554795
 7.60  8.799202  4.751804  0.702970  0.553335
 7.61  8.799202  4.751804  0.702990  0.551877
 7.62  8.799202  4.751804  0.703010  0.550422
 7.63  8.799202  4.751804  0.703030  0.548970
 7.64  8.799202  4.751804  0.703050  0.547520
 7.65  8.799202  4.751804  0.703070  0.546073
 7.66  8.799207  4.751808  0.703100  0.544628
 7.67  8.799207  4.751808  0.703120  0.543186
 7.68  8.799207  4.751808  0.703140  0.541747
 7.69  8.799207  4.751808  0.703160  0.540310
 7.70  8.799207  4.751808  0.703180  0.538876
 7.71  8.799207  4.751808  0.703200  0.537445
 7.72  8.799207  4.751808  0.703220  0.536016
 7.73  8.799207  4.751808  0.703240  0.534590
 7.74  8.799207  4.751808  0.703260  0.533166
 7.75  8.799207  4.751808  0.703280  0.531745
 7.76  8.799207  4.751808  0.703300  0.530326
 7.77  8.799207  4.751808  0.703320  0.528910
 7.78  8.799207  4.751808  0.703350  0.527497
 7.79  8.799253  4.751813  0.703370  0.526086
 7.80  8.799253  4.751813  0.703390  0.524677
 7.81  8.799253  4.751813  0.703410  0.523271
 7.82  8.799253  4.751813  0.703430  0.521868
 7.83  8.799253  4.751813  0.703450  0.520467
 7.84  8.799253  4.751813  0.703470  0.519069
 7.85  8.799253  4.751813  0.703490  0.517673
 7.86  8.799253  4.751813  0.703510  0.516279
 7.87  8.799253  4.751813  0.703530  0.514888
 7.88  8.799253  4.751813  0.703550  0.513500
 7.89  8.799253  4.751813  0.703570  0.512114
 7.90  8.799253  4.751813  0.703580  0.510730
 7.91  8.799253  4.751813  0.703600  0.509349
 7.92  8.799257  4.751817  0.703620  0.507970
 7.93  8.799257  4.751817  0.703640  0.506594
 7.94  8.799257  4.751817  0.703660  0.505220
 7.95  8.799257  4.751817  0.703680  0.503849
 7.96  8.799257  4.751817  0.703700  0.502479
 7.97  8.799257  4.751817  0.703720  0.501113
 7.98  8.799257  4.751817  0.703740  0.499748
 7.99  8.799257  4.751817  0.703760  0.498386
 8.00  8.799257  4.751817  0.703780  0.497027
 8.01  8.799257  4.751817  0.703800  0.495670
 8.02  8.799299  4.751817  0.703820  0.494315
 8.03  8.799299  4.751817  0.703830  0.492962
 8.04  8.799303  4.751822  0.703850  0.491612
 8.05  8.799303  4.751822  0.703870  0.490264
 8.06  8.799303  4.751822  0.703890  0.488919
 8.07  8.799303  4.751822  0.703910  0.487576
 8.08  8.799303  4.751851  0.703930  0.486235
 8.09  8.799303  4.751851  0.703950  0.484896
 8.10  8.799303  4.751851  0.703960  0.483560
 8.11  8.799303  4.751851  0.703980  0.482226
 8.12  8.799303  4.751851  0.704000  0.480894
 8.13  8.799303  4.751851  0.704020  0.479565
 8.14  8.799303  4.751851  0.704040  0.478238
 8.15  8.799303  4.751851  0.704060  0.476913
 8.16  8.799303  4.751851  0.704070  0.475591
 8.17  8.799308  4.751856  0.704090  0.474270
 8.18  8.799308  4.751856  0.704110  0.472952
 8.19  8.799308  4.751856  0.704130  0.471636
 8.20  8.799308  4.751856  0.704150  0.470323
 8.21  8.799349  4.751856  0.704160  0.469011
 8.22  8.799349  4.751856  0.704180  0.467702
 8.23  8.799349  4.751856  0.704200  0.466395
 8.24  8.799349  4.751856  0.704220  0.465090
 8.25  8.799349  4.751856  0.704230  0.463788
 8.26  8.799349  4.751856  0.704250  0.462487
 8.27  8.799349  4.751856  0.704270  0.461189
 8.28  8.799349  4.751856  0.704290  0.459893
 8.29  8.799354  4.751860  0.704310  0.458599
 8.30  8.799354  4.751860  0.704320  0.457308
 8.31  8.799354  4.751860  0.704340  0.456018
 8.32  8.799354  4.751860  0.704360  0.454731
 8.33  8.799354  4.751860  0.704370  0.453446
 8.34  8.799354  4.751860  0.704390  0.452163
 8.35  8.799354  4.751860  0.704410  0.450882
 8.36  8.799354  4.751860  0.704430  0.449603
 8.37  8.799354  4.751860  0.704440  0.448326
 8.38  8.799354  4.751860  0.704460  0.447052
 8.39  8.799395  4.751860  0.704480  0.445779
 8.40  8.799395  4.751860  0.704490  0.444509
 8.41  8.799400  4.751865  0.704510  0.443240
 8.42  8.799400  4.751865  0.704530  0.441974
 8.43  8.799400  4.751865  0.704540  0.440710
 8.44  8.799400  4.751865  0.704560  0.439448
 8.45  8.799400  4.751865  0.704580  0.438188
 8.46  8.799400  4.751894  0.704600  0.436930
 8.47  8.799400  4.751894  0.704610  0.435675
 8.48  8.799400  4.751894  0.704630  0.434421
 8.49  8.799400  4.751894  0.704650  0.433169
 8.50  8.799400  4.751894  0.704660  0.431919
 8.51  8.799400  4.751894  0.704680  0.430672
 8.52  8.799405  4.751898  0.704690  0.429426
 8.53  8.799405  4.751898  0.704710  0.428183
 8.54  8.799405  4.751898  0.704730  0.426941
 8.55  8.799405  4.751898  0.704740  0.425702
 8.56  8.799446  4.751898  0.704760  0.424464
 8.57  8.799446  4.751898  0.704780  0.423228
 8.58  8.799446  4.751898  0.704790  0.421995
 8.59  8.799446  4.751898  0.704810  0.420763
 8.60  8.799446  4.751898  0.704820  0.419534
 8.61  8.799446  4.751898  0.704840  0.418306
 8.62  8.799446  4.751898  0.704860  0.417081
 8.63  8.799446  4.751898  0.704870  0.415857
 8.64  8.799451  4.751903  0.704890  0.414635
 8.65  8.799451  4.751903  0.704910  0.413416
 8.66  8.799451  4.751903  0.704920  0.412198
 8.67  8.799451  4.751903  0.704940  0.410982
 8.68  8.799451  4.751903  0.704950  0.409768
 8.69  8.799451  4.751903  0.704970  0.408556
 8.70  8.799451  4.751903  0.704980  0.407346
 8.71  8.799451  4.751903  0.705000  0.406138
 8.72  8.799492  4.751903  0.705020  0.404932
 8.73  8.799492  4.751932  0.705030  0.403727
 8.74  8.799492  4.751932  0.705050  0.402525
 8.75  8.799492  4.751932  0.705060  0.401325
 8.76  8.799497  4.751937  0.705080  0.400126
 8.77  8.799497  4.751937  0.705090  0.398929
 8.78  8.799497  4.751937  0.705110  0.397735
 8.79  8.799497  4.751937  0.705120  0.396542
 8.80  8.799497  4.751937  0.705140  0.395351
 8.81  8.799497  4.751937  0.705160  0.394161
 8.82  8.799497  4.751937  0.705170  0.392974
 8.83  8.799497  4.751937  0.705190  0.391789
 8.84  8.799497  4.751937  0.705200  0.390605
 8.85  8.799497  4.751937  0.705220  0.389423
 8.86  8.799497  4.751937  0.705230  0.388243
 8.87  8.799497  4.751937  0.705250  0.387065
 8.88  8.799543  4.751941  0.705260  0.385889
 8.89  8.799543  4.751941  0.705280  0.384715
 8.90  8.799543  4.751941  0.705290  0.383542
 8.91  8.799543  4.751941  0.705310  0.382371
 8.92  8.799543  4.751941  0.705320  0.381202
 8.93  8.799543  4.751941  0.705340  0.380035
 8.94  8.799543  4.751941  0.705350  0.378870
 8.95  8.799543  4.751941  0.705370  0.377706
 8.96  8.799543  4.751941  0.705380  0.376545
 8.97  8.799543  4.751970  0.705400  0.375385
 8.98  8.799543  4.751970  0.705410  0.374226
 8.99  8.799547  4.751975  0.705430  0.373070
 9.00  8.799547  4.751975  0.705440  0.371915
 9.01  8.799547  4.751975  0.705460  0.370763
 9.02  8.799547  4.751975  0.705470  0.369611
 9.03  8.799589  4.751975  0.705490  0.368462
 9.04  8.799589  4.751975  0.705500  0.367314
 9.05  8.799589  4.751975  0.705520  0.366169
 9.06  8.799589  4.751975  0.705530  0.365025
 9.07  8.799589  4.751975  0.705540  0.363882
 9.08  8.799589  4.751975  0.705560  0.362742
 9.09  8.799589  4.751975  0.705570  0.361603
 9.10  8.799589  4.751975  0.705590  0.360466
 9.11  8.799593  4.751980  0.705600  0.359330
 9.12  8.799593  4.751980  0.705620  0.358196
 9.13  8.799593  4.751980  0.705630  0.357064
 9.14  8.799593  4.751980  0.705650  0.355934
 9.15  8.799593  4.751980  0.705660  0.354805
 9.16  8.799593  4.751980  0.705680  0.353679
 9.17  8.799593  4.751980  0.705690  0.352553
 9.18  8.799593  4.752009  0.705700  0.351430
 9.19  8.799635  4.752009  0.705720  0.350308
 9.20  8.799635  4.752009  0.705730  0.349188
 9.21  8.799635  4.752009  0.705750  0.348069
 9.22  8.799635  4.752009  0.705760  0.346953
 9.23  8.799639  4.752013  0.705780  0.345837
 9.24  8.799639  4.752013  0.705790  0.344724
 9.25  8.799639  4.752013  0.705800  0.343612
 9.26  8.799639  4.752013  0.705820  0.342502
 9.27  8.799639  4.752013  0.705830  0.341393
 9.28  8.799639  4.752013  0.705850  0.340287
 9.29  8.799639  4.752013  0.705860  0.339181
 9.30  8.799639  4.752013  0.705870  0.338078
 9.31  8.799639  4.752013  0.705890  0.336976
 9.32  8.799639  4.752013  0.705900  0.335875
 9.33  8.799681  4.752013  0.705920  0.334777
 9.34  8.799681  4.752013  0.705930  0.333680
 9.35  8.799685  4.752018  0.705940  0.332584
 9.36  8.799685  4.752018  0.705960  0.331490
 9.37  8.799685  4.752018  0.705970  0.330398
 9.38  8.799685  4.752018  0.705990  0.329307
 9.39  8.799685  4.752047  0.706000  0.328218
 9.40  8.799685  4.752047  0.706010  0.327131
 9.41  8.799685  4.752047  0.706030  0.326045
 9.42  8.799685  4.752047  0.706040  0.324961
 9.43  8.799685  4.752047  0.706060  0.323878
 9.44  8.799685  4.752047  0.706070  0.322797
 9.45  8.799685  4.752047  0.706080  0.321717
 9.46  8.799685  4.752047  0.706100  0.320639
 9.47  8.799690  4.752052  0.706110  0.319563
 9.48  8.799731  4.752052  0.706120  0.318488
 9.49  8.799731  4.752052  0.706140  0.317414
 9.50  8.799731  4.752052  0.706150  0.316343
 9.51  8.799731  4.752052  0.706160  0.315272
 9.52  8.799731  4.752052  0.706180  0.314204
 9.53  8.799731  4.752052  0.706190  0.313137
 9.54  8.799731  4.752052  0.706210  0.312071
 9.55  8.799731  4.752052  0.706220  0.311007
 9.56  8.799731  4.752052  0.706230  0.309944
 9.57  8.799731  4.752052  0.706250  0.308883
 9.58  8.799731  4.752052  0.706260  0.307824
 9.59  8.799736  4.752085  0.706270  0.306766
 9.60  8.799736  4.752085  0.706290  0.305709
 9.61  8.799736  4.752085  0.706300  0.304654
 9.62  8.799736  4.752085  0.706310  0.303601
 9.63  8.799777  4.752085  0.706330  0.302549
 9.64  8.799777  4.752085  0.706340  0.301499
 9.65  8.799777  4.752085  0.706350  0.300450
 9.66  8.799777  4.752085  0.706370  0.299402
 9.67  8.799777  4.752085  0.706380  0.298356
 9.68  8.799777  4.752085  0.706390  0.297312
 9.69  8.799777  4.752085  0.706400  0.296269
 9.70  8.799777  4.752085  0.706420  0.295227
 9.71  8.799782  4.752090  0.706430  0.294187
 9.72  8.799782  4.752090  0.706440  0.293148
 9.73  8.799782  4.752090  0.706460  0.292111
 9.74  8.799782  4.752090  0.706470  0.291075
 9.75  8.799782  4.752090  0.706480  0.290041
 9.76  8.799782  4.752090  0.706500  0.289008
 9.77  8.799782  4.752090  0.706510  0.287977
 9.78  8.799823  4.752119  0.706520  0.286947
 9.79  8.799823  4.752119  0.706530  0.285919
 9.80  8.799823  4.752119  0.706550  0.284892
 9.81  8.799823  4.752119  0.706560  0.283866
 9.82  8.799823  4.752119  0.706570  0.282842
 9.83  8.799828  4.752124  0.706590  0.281819
 9.84  8.799828  4.752124  0.706600  0.280798
 9.85  8.799828  4.752124  0.706610  0.279778
 9.86  8.799828  4.752124  0.706620  0.278760
 9.87  8.799828  4.752124  0.706640  0.277743
 9.88  8.799828  4.752124  0.706650  0.276727
 9.89  8.799828  4.752124  0.706660  0.275713
 9.90  8.799828  4.752124  0.706680  0.274700
 9.91  8.799828  4.752124  0.706690  0.273688
 9.92  8.799828  4.752124  0.706700  0.272678
 9.93  8.799869  4.752124  0.706710  0.271670
 9.94  8.799869  4.752124  0.706730  0.270662
 9.95  8.799874  4.752128  0.706740  0.269657
 9.96  8.799874  4.752128  0.706750  0.268652
 9.97  8.799874  4.752128  0.706760  0.267649
 9.98  8.799874  4.752157  0.706780  0.266647
 9.99  8.799874  4.752157  0.706790  0.265647
10.00  8.799874  4.752157  0.706800  0.264648
10.01  8.799874  4.752157  0.706810  0.263650
10.02  8.799874  4.752157  0.706830  0.262654
10.03  8.799874  4.752157  0.706840  0.261659
10.04  8.799874  4.752157  0.706850  0.260665
10.05  8.799874  4.752157  0.706860  0.259673
10.06  8.799874  4.752157  0.706880  0.258682
10.07  8.799874  4.752157  0.706890  0.257693
10.08  8.799920  4.752162  0.706900  0.256705
10.09  8.799920  4.752162  0.706910  0.255718
10.10  8.799920  4.752162  0.706920  0.254732
10.11  8.799920  4.752162  0.706940  0.253748
10.12  8.799920  4.752162  0.706950  0.252765
10.13  8.799920  4.752162  0.706960  0.251784
10.14  8.799920  4.752162  0.706970  0.250803
10.15  8.799920  4.752162  0.706990  0.249825
10.16  8.799920  4.752162  0.707000  0.248847
10.17  8.799920  4.752162  0.707010  0.247871
10.18  8.799920  4.752191  0.707020  0.246896
10.19  8.799920  4.752191  0.707030  0.245922
10.20  8.799924  4.752196  0.707050  0.244950
10.21  8.799924  4.752196  0.707060  0.243979
10.22  8.799924  4.752196  0.707070  0.243009
10.23  8.799966  4.752196  0.707080  0.242041
10.24  8.799966  4.752196  0.707100  0.241073
10.25  8.799966  4.752196  0.707110  0.240108
10.26  8.799966  4.752196  0.707120  0.239143
10.27  8.799966  4.752196  0.707130  0.238180
10.28  8.799966  4.752196  0.707140  0.237218
10.29  8.799966  4.752196  0.707150  0.236257
10.30  8.799966  4.752196  0.707170  0.235297
10.31  8.799966  4.752196  0.707180  0.234339
10.32  8.799966  4.752196  0.707190  0.233382
10.33  8.799970  4.752200  0.707200  0.232427
10.34  8.799970  4.752200  0.707210  0.231472
10.35  8.799970  4.752200  0.707230  0.230519
10.36  8.799970  4.752200  0.707240  0.229567
10.37  8.799970  4.752229  0.707250  0.228616
10.38  8.799970  4.752229  0.707260  0.227667
10.39  8.800012  4.752229  0.707270  0.226719
10.40  8.800012  4.752229  0.707290  0.225772
10.41  8.800012  4.752229  0.707300  0.224826
10.42  8.800012  4.752229  0.707310  0.223882
10.43  8.800012  4.752229  0.707320  0.222939
10.44  8.800012  4.752229  0.707330  0.221997
10.45  8.800012  4.752229  0.707340  0.221056
10.46  8.800016  4.752234  0.707360  0.220116
10.47  8.800016  4.752234  0.707370  0.219178
10.48  8.800016  4.752234  0.707380  0.218241
10.49  8.800016  4.752234  0.707390  0.217305
10.50  8.800016  4.752234  0.707400  0.216370
10.51  8.800016  4.752234  0.707410  0.215437
10.52  8.800016  4.752234  0.707430  0.214505
10.53  8.800016  4.752234  0.707440  0.213574
10.54  8.800058  4.752234  0.707450  0.212644
10.55  8.800058  4.752234  0.707460  0.211715
10.56  8.800058  4.752234  0.707470  0.210788
10.57  8.800058  4.752263  0.707480  0.209862
10.58  8.800058  4.752263  0.707490  0.208937
10.59  8.800062  4.752268  0.707510  0.208013
10.60  8.800062  4.752268  0.707520  0.207090
10.61  8.800062  4.752268  0.707530  0.206168
10.62  8.800062  4.752268  0.707540  0.205248
10.63  8.800062  4.752268  0.707550  0.204329
10.64  8.800062  4.752268  0.707560  0.203411
10.65  8.800062  4.752268  0.707570  0.202494
10.66  8.800062  4.752268  0.707590  0.201579
10.67  8.800062  4.752268  0.707600  0.200664
10.68  8.800062  4.752268  0.707610  0.199751
10.69  8.800062  4.752268  0.707620  0.198839
10.70  8.800104  4.752268  0.707630  0.197928
10.71  8.800104  4.752268  0.707640  0.197018
10.72  8.800108  4.752272  0.707650  0.196109
10.73  8.800108  4.752272  0.707660  0.195202
10.74  8.800108  4.752272  0.707680  0.194295
10.75  8.800108  4.752272  0.707690  0.193390
10.76  8.800108  4.752272  0.707700  0.192486
10.77  8.800108  4.752272  0.707710  0.191583
10.78  8.800108  4.752301  0.707720  0.190681
10.79  8.800108  4.752301  0.707730  0.189781
10.80  8.800108  4.752301  0.707740  0.188881
10.81  8.800108  4.752301  0.707750  0.187983
10.82  8.800108  4.752301  0.707770  0.187086
10.83  8.800108  4.752301  0.707780  0.186189
10.84  8.800108  4.752301  0.707790  0.185294
10.85  8.800108  4.752301  0.707800  0.184400
10.86  8.800154  4.752306  0.707810  0.183508
10.87  8.800154  4.752306  0.707820  0.182616
10.88  8.800154  4.752306  0.707830  0.181725
10.89  8.800154  4.752306  0.707840  0.180836
10.90  8.800154  4.752306  0.707850  0.179948
10.91  8.800154  4.752306  0.707860  0.179060
10.92  8.800154  4.752306  0.707880  0.178174
10.93  8.800154  4.752306  0.707890  0.177289
10.94  8.800154  4.752306  0.707900  0.176405
10.95  8.800154  4.752306  0.707910  0.175522
10.96  8.800154  4.752306  0.707920  0.174641
10.97  8.800154  4.752306  0.707930  0.173760
10.98  8.800154  4.752335  0.707940  0.172880
10.99  8.800159  4.752340  0.707950  0.172002
11.00  8.800159  4.752340  0.707960  0.171125
11.01  8.800159  4.752340  0.707970  0.170248
11.02  8.800159  4.752340  0.707980  0.169373
11.03  8.800200  4.752340  0.708000  0.168499
11.04  8.800200  4.752340  0.708010  0.167626
11.05  8.800200  4.752340  0.708020  0.166754
11.06  8.800200  4.752340  0.708030  0.165883
11.07  8.800200  4.752340  0.708040  0.165013
11.08  8.800200  4.752340  0.708050  0.164144
11.09  8.800200  4.752340  0.708060  0.163276
11.10  8.800200  4.752340  0.708070  0.162410
11.11  8.800200  4.752340  0.708080  0.161544
11.12  8.800200  4.752340  0.708090  0.160679
11.13  8.800200  4.752340  0.708100  0.159816
11.14  8.800205  4.752344  0.708110  0.158953
11.15  8.800205  4.752344  0.708120  0.158092
11.16  8.800205  4.752344  0.708140  0.157231
11.17  8.800205  4.752344  0.708150  0.156372
11.18  8.800205  4.752344  0.708160  0.155514
11.19  8.800246  4.752373  0.708170  0.154656
11.20  8.800246  4.752373  0.708180  0.153800
11.21  8.800246  4.752373  0.708190  0.152945
11.22  8.800246  4.752373  0.708200  0.152091
11.23  8.800246  4.752373  0.708210  0.151238
11.24  8.800246  4.752373  0.708220  0.150386
11.25  8.800246  4.752373  0.708230  0.149534
11.26  8.800246  4.752373  0.708240  0.148684
11.27  8.800246  4.752373  0.708250  0.147835
11.28  8.800251  4.752378  0.708260  0.146987
11.29  8.800251  4.752378  0.708270  0.146140
11.30  8.800251  4.752378  0.708280  0.145294
11.31  8.800251  4.752378  0.708290  0.144449
11.32  8.800251  4.752378  0.708300  0.143605
11.33  8.800251  4.752378  0.708310  0.142762
11.34  8.800251  4.752378  0.708330  0.141920
11.35  8.800251  4.752378  0.708340  0.141079
11.36  8.800292  4.752378  0.708350  0.140239
11.37  8.800292  4.752378  0.708360  0.139401
11.38  8.800292  4.752378  0.708370  0.138563
11.39  8.800292  4.752378  0.708380  0.137726
11.40  8.800292  4.752378  0.708390  0.136890
11.41  8.800292  4.752407  0.708400  0.136055
11.42  8.800297  4.752412  0.708410  0.135221
11.43  8.800297  4.752412  0.708420  0.134388
11.44  8.800297  4.752412  0.708430  0.133556
11.45  8.800297  4.752412  0.708440  0.132725
11.46  8.800297  4.752412  0.708450  0.131894
11.47  8.800297  4.752412  0.708460  0.131065
11.48  8.800297  4.752412  0.708470  0.130237
11.49  8.800297  4.752412  0.708480  0.129410
11.50  8.800297  4.752412  0.708490  0.128584
11.51  8.800297  4.752412  0.708500  0.127759
11.52  8.800297  4.752412  0.708510  0.126935
11.53  8.800338  4.752412  0.708520  0.126111
11.54  8.800338  4.752412  0.708530  0.125289
11.55  8.800338  4.752412  0.708540  0.124468
11.56  8.800338  4.752412  0.708550  0.123647
11.57  8.800343  4.752416  0.708560  0.122828
11.58  8.800343  4.752416  0.708570  0.122009
11.59  8.800343  4.752416  0.708580  0.121192
11.60  8.800343  4.752416  0.708590  0.120375
11.61  8.800343  4.752416  0.708600  0.119560
11.62  8.800343  4.752416  0.708610  0.118745
11.63  8.800343  4.752445  0.708620  0.117931
11.64  8.800343  4.752445  0.708630  0.117118
11.65  8.800343  4.752445  0.708640  0.116307
11.66  8.800343  4.752445  0.708650  0.115496
11.67  8.800343  4.752445  0.708660  0.114686
11.68  8.800343  4.752445  0.708670  0.113877
11.69  8.800343  4.752445  0.708680  0.113069
11.70  8.800343  4.752445  0.708690  0.112262
11.71  8.800384  4.752445  0.708700  0.111455
11.72  8.800389  4.752450  0.708710  0.110650
11.73  8.800389  4.752450  0.708720  0.109846
11.74  8.800389  4.752450  0.708730  0.109042
11.75  8.800389  4.752450  0.708740  0.108240
11.76  8.800389  4.752450  0.708750  0.107438
11.77  8.800389  4.752450  0.708760  0.106637
11.78  8.800389  4.752450  0.708770  0.105838
11.79  8.800389  4.752450  0.708780  0.105039
11.80  8.800389  4.752450  0.708790  0.104241
11.81  8.800389  4.752450  0.708800  0.103444
11.82  8.800389  4.752450  0.708810  0.102648
11.83  8.800389  4.752450  0.708820  0.101852
11.84  8.800389  4.752450  0.708830  0.101058
11.85  8.800389  4.752479  0.708840  0.100265
11.86  8.800389  4.752479  0.708850  0.099472
11.87  8.800389  4.752479  0.708860  0.098681
11.88  8.800393  4.752484  0.708870  0.097890
11.89  8.800435  4.752484  0.708880  0.097100
11.90  8.800435  4.752484  0.708890  0.096311
11.91  8.800435  4.752484  0.708900  0.095523
11.92  8.800435  4.752484  0.708910  0.094736
11.93  8.800435  4.752484  0.708920  0.093950
11.94  8.800435  4.752484  0.708930  0.093164
11.95  8.800435  4.752484  0.708940  0.092380
11.96  8.800435  4.752484  0.708950  0.091596
11.97  8.800435  4.752484  0.708960  0.090814
11.98  8.800435  4.752484  0.708970  0.090032
11.99  8.800435  4.752484  0.708980  0.089251
12.00  8.800435  4.752484  0.708990  0.088471
12.01  8.800435  4.752484  0.709000  0.087692
12.02  8.800435  4.752484  0.709010  0.086913
12.03  8.800435  4.752484  0.709020  0.086136
12.04  8.800439  4.752488  0.709030  0.085359
12.05  8.800439  4.752488  0.709040  0.084584
12.06  8.800439  4.752488  0.709050  0.083809
12.07  8.800481  4.752488  0.709060  0.083035
12.08  8.800481  4.752488  0.709070  0.082262
12.09  8.800481  4.752517  0.709080  0.081489
12.10  8.800481  4.752517  0.709090  0.080718
12.11  8.800481  4.752517  0.709100  0.079947
12.12  8.800481  4.752517  0.709110  0.079178
12.13  8.800481  4.752517  0.709110  0.078409
12.14  8.800481  4.752517  0.709120  0.077641
12.15  8.800481  4.752517  0.709130  0.076874
12.16  8.800481  4.752517  0.709140  0.076108
12.17  8.800481  4.752517  0.709150  0.075342
12.18  8.800481  4.752517  0.709160  0.074578
12.19  8.800481  4.752517  0.709170  0.073814
12.20  8.800485  4.752522  0.709180  0.073051
12.21  8.800485  4.752522  0.709190  0.072289
12.22  8.800485  4.752522  0.709200  0.071528
12.23  8.800485  4.752522  0.709210  0.070767
12.24  8.800485  4.752522  0.709220  0.070008
12.25  8.800485  4.752522  0.709230  0.069249
12.26  8.800527  4.752522  0.709240  0.068491
12.27  8.800527  4.752522  0.709250  0.067734
12.28  8.800527  4.752522  0.709260  0.066978
12.29  8.800527  4.752522  0.709270  0.066222
12.30  8.800527  4.752522  0.709280  0.065468
12.31  8.800527  4.752522  0.709290  0.064714
12.32  8.800527  4.752551  0.709300  0.063961
12.33  8.800527  4.752551  0.709300  0.063209
12.34  8.800527  4.752551  0.709310  0.062458
12.35  8.800527  4.752551  0.709320  0.061707
12.36  8.800527  4.752551  0.709330  0.060958
12.37  8.800531  4.752556  0.709340  0.060209
12.38  8.800531  4.752556  0.709350  0.059461
12.39  8.800531  4.752556  0.709360  0.058714
12.40  8.800531  4.752556  0.709370  0.057967
12.41  8.800531  4.752556  0.709380  0.057222
12.42  8.800531  4.752556  0.709390  0.056477
12.43  8.800531  4.752556  0.709400  0.055733
12.44  8.800531  4.752556  0.709410  0.054990
12.45  8.800573  4.752556  0.709420  0.054247
12.46  8.800573  4.752556  0.709430  0.053506
12.47  8.800573  4.752556  0.709440  0.052765
12.48  8.800573  4.752556  0.709440  0.052025
12.49  8.800573  4.752556  0.709450  0.051286
12.50  8.800573  4.752556  0.709460  0.050547
12.51  8.800573  4.752556  0.709470  0.049810
12.52  8.800573  4.752556  0.709480  0.049073
12.53  8.800577  4.752560  0.709490  0.048337
12.54  8.800577  4.752560  0.709500  0.047602
12.55  8.800577  4.752560  0.709510  0.046867
12.56  8.800577  4.752560  0.709520  0.046134
12.57  8.800577  4.752589  0.709530  0.045401
12.58  8.800577  4.752589  0.709540  0.044669
12.59  8.800577  4.752589  0.709550  0.043937
12.60  8.800577  4.752589  0.709560  0.043207
12.61  8.800577  4.752589  0.709560  0.042477
12.62  8.800577  4.752589  0.709570  0.041748
12.63  8.800577  4.752589  0.709580  0.041020
12.64  8.800619  4.752589  0.709590  0.040293
12.65  8.800619  4.752589  0.709600  0.039566
12.66  8.800619  4.752589  0.709610  0.038840
12.67  8.800619  4.752589  0.709620  0.038115
12.68  8.800619  4.752589  0.709630  0.037391
12.69  8.800619  4.752589  0.709640  0.036667
12.70  8.800623  4.752594  0.709650  0.035944
12.71  8.800623  4.752594  0.709660  0.035222
12.72  8.800623  4.752594  0.709660  0.034501
12.73  8.800623  4.752594  0.709670  0.033780
12.74  8.800623  4.752594  0.709680  0.033061
12.75  8.800623  4.752594  0.709690  0.032342
12.76  8.800623  4.752594  0.709700  0.031623
12.77  8.800623  4.752594  0.709710  0.030906
12.78  8.800623  4.752594  0.709720  0.030189
12.79  8.800623  4.752594  0.709730  0.029473
12.80  8.800623  4.752594  0.709740  0.028758
12.81  8.800623  4.752594  0.709740  0.028043
12.82  8.800623  4.752594  0.709750  0.027330
12.83  8.800623  4.752623  0.709760  0.026617
12.84  8.800665  4.752623  0.709770  0.025904
12.85  8.800665  4.752623  0.709780  0.025193
12.86  8.800665  4.752623  0.709790  0.024482
12.87  8.800665  4.752623  0.709800  0.023772
12.88  8.800665  4.752623  0.709810  0.023063
12.89  8.800669  4.752628  0.709820  0.022354
12.90  8.800669  4.752628  0.709820  0.021646
12.91  8.800669  4.752628  0.709830  0.020939
12.92  8.800669  4.752628  0.709840  0.020233
12.93  8.800669  4.752628  0.709850  0.019527
12.94  8.800669  4.752628  0.709860  0.018823
12.95  8.800669  4.752628  0.709870  0.018118
12.96  8.800669  4.752628  0.709880  0.017415
12.97  8.800669  4.752628  0.709890  0.016712
12.98  8.800669  4.752628  0.709890  0.016010
12.99  8.800669  4.752628  0.709900  0.015309
13.00  8.800669  4.752628  0.709910  0.014609
13.01  8.800669  4.752628  0.709920  0.013909
13.02  8.800669  4.752628  0.709930  0.013210
13.03  8.800669  4.752628  0.709940  0.012511
13.04  8.800669  4.752628  0.709950  0.011814
13.05  8.800711  4.752628  0.709960  0.011117
13.06  8.800711  4.752628  0.709960  0.010421
13.07  8.800711  4.752628  0.709970  0.009725
13.08  8.800715  4.752632  0.709980  0.009030
13.09  8.800715  4.752632  0.709990  0.008336
13.10  8.800715  4.752661  0.710000  0.007643
13.11  8.800715  4.752661  0.710010  0.006950
13.12  8.800715  4.752661  0.710020  0.006258
13.13  8.800715  4.752661  0.710030  0.005567
13.14  8.800715  4.752661  0.710030  0.004877
13.15  8.800715  4.752661  0.710040  0.004187
13.16  8.800715  4.752661  0.710050  0.003498
13.17  8.800715  4.752661  0.710060  0.002809
13.18  8.800715  4.752661  0.710070  0.002121
13.19  8.800715  4.752661  0.710080  0.001434
13.20  8.800715  4.752661  0.710090  0.000748
13.21  8.800715  4.752661  0.710090  0.000063
13.22  8.800715  4.752661  0.710100 -1.000000
13.23  8.800715  4.752661  0.710110 -1.000000
13.24  8.800715  4.752661  0.710120 -1.000000
13.25  8.800715  4.752661  0.710130 -1.000000
13.26  8.800756  4.752661  0.710140 -1.000000
13.27  8.800756  4.752661  0.710150 -1.000000
13.28  8.800761  4.752666  0.710150 -1.000000
13.29  8.800761  4.752666  0.710160 -1.000000
13.30  8.800761  4.752666  0.710170 -1.000000
13.31  8.800761  4.752666  0.710180 -1.000000
13.32  8.800761  4.752666  0.710190 -1.000000
13.33  8.800761  4.752666  0.710200 -1.000000
13.34  8.800761  4.752666  0.710210 -1.000000
13.35  8.800761  4.752666  0.710210 -1.000000
13.36  8.800761  4.752666  0.710220 -1.000000
13.37  8.800761  4.752666  0.710230 -1.000000
13.38  8.800761  4.752695  0.710240 -1.000000
13.39  8.800761  4.752695  0.710250 -1.000000
13.40  8.800761  4.752695  0.710260 -1.000000
13.41  8.800761  4.752695  0.710270 -1.000000
13.42  8.800761  4.752695  0.710270 -1.000000
13.43  8.800761  4.752695  0.710280 -1.000000
13.44  8.800761  4.752695  0.710290 -1.000000
13.45  8.800761  4.752695  0.710300 -1.000000
13.46  8.800761  4.752695  0.710310 -1.000000
13.47  8.800802  4.752695  0.710320 -1.000000
13.48  8.800807  4.752700  0.710330 -1.000000
13.49  8.800807  4.752700  0.710330 -1.000000
13.50  8.800807  4.752700  0.710340 -1.000000
13.51  8.800807  4.752700  0.710350 -1.000000
13.52  8.800807  4.752700  0.710360 -1.000000
13.53  8.800807  4.752700  0.710370 -1.000000
13.54  8.800807  4.752700  0.710380 -1.000000
13.55  8.800807  4.752700  0.710380 -1.000000
13.56  8.800807  4.752700  0.710390 -1.000000
13.57  8.800807  4.752700  0.710400 -1.000000
13.58  8.800807  4.752700  0.710410 -1.000000
13.59  8.800807  4.752700  0.710420 -1.000000
13.60  8.800807  4.752700  0.710430 -1.000000
13.61  8.800807  4.752700  0.710430 -1.000000
13.62  8.800807  4.752700  0.710440 -1.000000
13.63  8.800807  4.752700  0.710450 -1.000000
13.64  8.800807  4.752700  0.710460 -1.000000
13.65  8.800807  4.752700  0.710470 -1.000000
13.66  8.800807  4.752729  0.710480 -1.000000
13.67  8.800807  4.752729  0.710490 -1.000000
13.68  8.800807  4.752729  0.710490 -1.000000
13.69  8.800848  4.752729  0.710500 -1.000000
13.70  8.800853  4.752733  0.710510 -1.000000
13.71  8.800853  4.752733  0.710520 -1.000000
13.72  8.800853  4.752733  0.710530 -1.000000
13.73  8.800853  4.752733  0.710540 -1.000000
13.74  8.800853  4.752733  0.710540 -1.000000
13.75  8.800853  4.752733  0.710550 -1.000000
13.76  8.800853  4.752733  0.710560 -1.000000
13.77  8.800853  4.752733  0.710570 -1.000000
13.78  8.800853  4.752733  0.710580 -1.000000
13.79  8.800853  4.752733  0.710590 -1.000000
13.80  8.800853  4.752733  0.710590 -1.000000
13.81  8.800853  4.752733  0.710600 -1.000000
13.82  8.800853  4.752733  0.710610 -1.000000
13.83  8.800853  4.752733  0.710620 -1.000000
13.84  8.800853  4.752733  0.710630 -1.000000
13.85  8.800853  4.752733  0.710640 -1.000000
13.86  8.800853  4.752733  0.710640 -1.000000
13.87  8.800853  4.752733  0.710650 -1.000000
13.88  8.800853  4.752733  0.710660 -1.000000
13.89  8.800853  4.752733  0.710670 -1.000000
13.90  8.800853  4.752733  0.710680 -1.000000
13.91  8.800894  4.752733  0.710680 -1.000000
13.92  8.800899  4.752738  0.710690 -1.000000
13.93  8.800899  4.752738  0.710700 -1.000000
13.94  8.800899  4.752738  0.710710 -1.000000
13.95  8.800899  4.752767  0.710720 -1.000000
13.96  8.800899  4.752767  0.710730 -1.000000
13.97  8.800899  4.752767  0.710730 -1.000000
13.98  8.800899  4.752767  0.710740 -1.000000
13.99  8.800899  4.752767  0.710750 -1.000000
14.00  8.800899  4.752767  0.710760 -1.000000
14.01  8.800899  4.752767  0.710770 -1.000000
14.02  8.800899  4.752767  0.710780 -1.000000
14.03  8.800899  4.752767  0.710780 -1.000000
14.04  8.800899  4.752767  0.710790 -1.000000
14.05  8.800899  4.752767  0.710800 -1.000000
14.06  8.800899  4.752767  0.710810 -1.000000
14.07  8.800899  4.752767  0.710820 -1.000000
14.08  8.800899  4.752767  0.710820 -1.000000
14.09  8.800899  4.752767  0.710830 -1.000000
14.10  8.800899  4.752767  0.710840 -1.000000
14.11  8.800899  4.752767  0.710850 -1.000000
14.12  8.800899  4.752767  0.710860 -1.000000
14.13  8.800940  4.752767  0.710870 -1.000000
14.14  8.800940  4.752767  0.710870 -1.000000
14.15  8.800945  4.752771  0.710880 -1.000000
14.16  8.800945  4.752771  0.710890 -1.000000
14.17  8.800945  4.752771  0.710900 -1.000000
14.18  8.800945  4.752771  0.710910 -1.000000
14.19  8.800945  4.752771  0.710910 -1.000000
14.20  8.800945  4.752771  0.710920 -1.000000
14.21  8.800945  4.752771  0.710930 -1.000000
14.22  8.800945  4.752771  0.710940 -1.000000
14.23  8.800945  4.752771  0.710950 -1.000000
14.24  8.800945  4.752801  0.710950 -1.000000
14.25  8.800945  4.752801  0.710960 -1.000000
14.26  8.800945  4.752801  0.710970 -1.000000
14.27  8.800945  4.752801  0.710980 -1.000000
14.28  8.800945  4.752801  0.710990 -1.000000
14.29  8.800945  4.752801  0.711000 -1.000000
14.30  8.800945  4.752801  0.711000 -1.000000
14.31  8.800945  4.752801  0.711010 -1.000000
14.32  8.800945  4.752801  0.711020 -1.000000
14.33  8.800945  4.752801  0.711030 -1.000000
14.34  8.800945  4.752801  0.711040 -1.000000
14.35  8.800945  4.752801  0.711040 -1.000000
14.36  8.800986  4.752801  0.711050 -1.000000
14.37  8.800986  4.752801  0.711060 -1.000000
14.38  8.800986  4.752801  0.711070 -1.000000
14.39  8.800986  4.752801  0.711080 -1.000000
14.40  8.800991  4.752805  0.711080 -1.000000
14.41  8.800991  4.752805  0.711090 -1.000000
14.42  8.800991  4.752805  0.711100 -1.000000
14.43  8.800991  4.752805  0.711110 -1.000000
14.44  8.800991  4.752805  0.711120 -1.000000
14.45  8.800991  4.752805  0.711120 -1.000000
14.46  8.800991  4.752805  0.711130 -1.000000
14.47  8.800991  4.752805  0.711140 -1.000000
14.48  8.800991  4.752805  0.711150 -1.000000
14.49  8.800991  4.752805  0.711160 -1.000000
14.50  8.800991  4.752805  0.711160 -1.000000
14.51  8.800991  4.752805  0.711170 -1.000000
14.52  8.800991  4.752805  0.711180 -1.000000
14.53  8.800991  4.752834  0.711190 -1.000000
14.54  8.800991  4.752834  0.711200 -1.000000
14.55  8.800991  4.752834  0.711200 -1.000000
14.56  8.800991  4.752834  0.711210 -1.000000
14.57  8.800991  4.752834  0.711220 -1.000000
14.58  8.801032  4.752834  0.711230 -1.000000
14.59  8.801032  4.752834  0.711240 -1.000000
14.60  8.801032  4.752834  0.711240 -1.000000
14.61  8.801032  4.752834  0.711250 -1.000000
14.62  8.801032  4.752834  0.711260 -1.000000
14.63  8.801032  4.752834  0.711270 -1.000000
14.64  8.801032  4.752834  0.711270 -1.000000
14.65  8.801037  4.752839  0.711280 -1.000000
14.66  8.801037  4.752839  0.711290 -1.000000
14.67  8.801037  4.752839  0.711300 -1.000000
14.68  8.801037  4.752839  0.711310 -1.000000
14.69  8.801037  4.752839  0.711310 -1.000000
14.70  8.801037  4.752839  0.711320 -1.000000
14.71  8.801037  4.752839  0.711330 -1.000000
14.72  8.801037  4.752839  0.711340 -1.000000
14.73  8.801037  4.752839  0.711350 -1.000000
14.74  8.801037  4.752839  0.711350 -1.000000
14.75  8.801037  4.752839  0.711360 -1.000000
14.76  8.801037  4.752839  0.711370 -1.000000
14.77  8.801037  4.752839  0.711380 -1.000000
14.78  8.801037  4.752839  0.711390 -1.000000
14.79  8.801037  4.752839  0.711390 -1.000000
14.80  8.801037  4.752839  0.711400 -1.000000
14.81  8.801078  4.752839  0.711410 -1.000000
14.82  8.801078  4.752839  0.711420 -1.000000
14.83  8.801078  4.752868  0.711420 -1.000000
14.84  8.801078  4.752868  0.711430 -1.000000
14.85  8.801078  4.752868  0.711440 -1.000000
14.86  8.801078  4.752868  0.711450 -1.000000
14.87  8.801078  4.752868  0.711460 -1.000000
14.88  8.801078  4.752868  0.711460 -1.000000
14.89  8.801078  4.752868  0.711470 -1.000000
14.90  8.801078  4.752868  0.711480 -1.000000
14.91  8.801082  4.752873  0.711490 -1.000000
14.92  8.801082  4.752873  0.711490 -1.000000
14.93  8.801082  4.752873  0.711500 -1.000000
14.94  8.801082  4.752873  0.711510 -1.000000
14.95  8.801082  4.752873  0.711520 -1.000000
14.96  8.801082  4.752873  0.711530 -1.000000
14.97  8.801082  4.752873  0.711530 -1.000000
14.98  8.801082  4.752873  0.711540 -1.000000
14.99  8.801082  4.752873  0.711550 -1.000000
15.00  8.801082  4.752873  0.711560 -1.000000
