 t       A(O)      A(F)      fg       z
 0.01 -8.000000 -8.000000  0.005000  8.393552
 0.02 -8.000000 -8.000000  0.014765  8.290032
 0.03  6.561498 -1.684139  0.024177  8.189313
 0.04  7.048237 -1.214629  0.033261  8.091276
 0.05  7.324374  0.429872  0.042036  7.995809
 0.06  7.502140  0.947126  0.050515  7.902805
 0.07  7.630549  1.240237  0.058708  7.812163
 0.08  7.730711  1.437113  0.066627  7.723790
 0.09  7.812533  1.582748  0.074281  7.637596
 0.10  7.881492  1.697402  0.081678  7.553496
 0.11  7.938248  1.878289  0.088826  7.471409
 0.12  7.987068  2.056479  0.095733  7.391260
 0.13  8.030010  2.209519  0.102410  7.312977
 0.14  8.068329  2.338291  0.108850  7.236490
 0.15  8.102803  2.447365  0.115080  7.161734
 0.16  8.133494  2.539723  0.121080  7.088648
 0.17  8.161621  2.620620  0.126870  7.017173
 0.18  8.187658  2.692406  0.132460  6.947253
 0.19  8.211944  2.756928  0.137840  6.878833
 0.20  8.234736  2.815420  0.143030  6.811864
 0.21  8.256116  2.868844  0.148030  6.746296
 0.22  8.276278  2.917936  0.152840  6.682083
 0.23  8.295344  2.963272  0.157480  6.619182
 0.24  8.313361  3.005289  0.161940  6.557548
 0.25  8.330480  3.044489  0.166230  6.497143
 0.26  8.346789  3.081237  0.170360  6.437926
 0.27  8.362716  3.116802  0.174340  6.379862
 0.28  8.378157  3.151342  0.178160  6.322914
 0.29  8.392952  3.184837  0.181840  6.267049
 0.30  8.407168  3.217295  0.185370  6.212234
 0.31  8.420887  3.248718  0.188770  6.158438
 0.32  8.434049  3.279078  0.192030  6.105630
 0.33  8.446747  3.308432  0.195160  6.053783
 0.34  8.459054  3.336873  0.198160  6.002867
 0.35  8.470893  3.364329  0.201040  5.952857
 0.36  8.482398  3.390945  0.203790  5.903728
 0.37  8.493489  3.416656  0.206430  5.855454
 0.38  8.504229  3.441547  0.208950  5.808011
 0.39  8.514695  3.465706  0.211370  5.761378
 0.40  8.524810  3.489103  0.213670  5.715532
 0.41  8.534632  3.511817  0.215870  5.670453
 0.42  8.544174  3.533904  0.217960  5.626119
 0.43  8.553502  3.555435  0.219950  5.582511
 0.44  8.562533  3.576349  0.221850  5.539611
 0.45  8.571328  3.596759  0.223650  5.497400
 0.46  8.579892  3.616613  0.225360  5.455861
 0.47  8.588248  3.635981  0.226970  5.414976
 0.48  8.596390  3.654923  0.228510  5.374729
 0.49  8.604341  3.673391  0.229950  5.335105
 0.50  8.612102  3.691443  0.231320  5.296087
 0.51  8.619693  3.709130  0.232600  5.257662
 0.52  8.627107  3.726437  0.233810  5.219815
 0.53  8.634358  3.743381  0.234940  5.182532
 0.54  8.641445  3.759979  0.236000  5.145800
 0.55  8.648381  3.776192  0.236980  5.109606
 0.56  8.655142  3.792075  0.237900  5.073937
 0.57  8.661775  3.807641  0.238740  5.038782
 0.58  8.668272  3.822901  0.239530  5.004128
 0.59  8.674631  3.837859  0.240240  4.969964
 0.60  8.680865  3.852529  0.240900  4.936279
 0.61  8.686978  3.866951  0.241490  4.903062
 0.62  8.692972  3.881110  0.242030  4.870304
 0.63  8.698851  3.895032  0.242510  4.837993
 0.64  8.704617  3.908710  0.242930  4.806120
 0.65  8.710278  3.922192  0.243300  4.774677
 0.66  8.715833  3.935445  0.243620  4.743653
 0.67  8.721291  3.948510  0.243880  4.713039
 0.68  8.726651  3.961382  0.244100  4.682828
 0.69  8.731915  3.974060  0.244270  4.653010
 0.70  8.737088  3.986557  0.244390  4.623577
 0.71  8.742173  3.998903  0.244470  4.594522
 0.72  8.747172  4.011058  0.244500  4.565837
 0.73  8.752083  4.023090  0.244490  4.537514
 0.74  8.756917  4.034939  0.244440  4.509546
 0.75  8.761668  4.046666  0.244350  4.481926
 0.76  8.766350  4.058253  0.244220  4.454646
 0.77  8.770939  4.069684  0.244060  4.427702
 0.78  8.775480  4.080973  0.243860  4.401084
 0.79  8.779936  4.092129  0.243620  4.374789
 0.80  8.784313  4.103119  0.243360  4.348808
 0.81  8.788647  4.113930  0.243050  4.323137
 0.82  8.792901  4.124608  0.242720  4.297769
 0.83  8.797077  4.135097  0.242360  4.272698
 0.84  8.801217  4.145406  0.241970  4.247919
 0.85  8.805282  4.155506  0.241550  4.223428
 0.86  8.809308  4.165404  0.241100  4.199217
 0.87  8.813267  4.175104  0.240620  4.175282
 0.88  8.817150  4.184576  0.240120  4.151619
 0.89  8.821002  4.193834  0.239590  4.128222
 0.90  8.824786  4.202886  0.239040  4.105086
 0.91  8.828502  4.211712  0.238460  4.082207
 0.92  8.832191  4.220331  0.237860  4.059581
 0.93  8.835810  4.228729  0.237240  4.037202
 0.94  8.839406  4.236913  0.236600  4.015066
 0.95  8.842972  4.244876  0.235930  3.993170
 0.96  8.846440  4.252631  0.235250  3.971509
 0.97  8.849878  4.260155  0.234540  3.950078
 0.98  8.853297  4.267491  0.233810  3.928875
 0.99  8.856652  4.274640  0.233070  3.907896
 1.00  8.859985  4.281619  0.232310  3.887135
 1.01  8.863150  4.288233  0.237810  3.866591
 1.02  8.857313  4.287382  0.242850  3.846259
 1.03  8.850433  4.285354  0.247600  3.826135
 1.04  8.843698  4.283271  0.252180  3.806217
 1.05  8.837156  4.281478  0.256630  3.786501
 1.06  8.830844  4.279860  0.260970  3.766984
 1.07  8.824716  4.278402  0.265220  3.747662
 1.08  8.818772  4.277081  0.269400  3.728532
 1.09  8.812990  4.275871  0.273500  3.709592
 1.10  8.807372  4.274762  0.277530  3.690838
 1.11  8.801891  4.273706  0.281500  3.672267
 1.12  8.796593  4.272696  0.285410  3.653877
 1.13  8.791402  4.271698  0.289270  3.635664
 1.14  8.786364  4.270736  0.293070  3.617627
 1.15  8.781444  4.269804  0.296820  3.599762
 1.16  8.776603  4.268917  0.300520  3.582066
 1.17  8.771929  4.268077  0.304170  3.564538
 1.18  8.767343  4.267267  0.307780  3.547173
 1.19  8.762863  4.266464  0.311340  3.529971
 1.20  8.758491  4.265677  0.314860  3.512929
 1.21  8.754215  4.264903  0.318340  3.496044
 1.22  8.750034  4.264123  0.321770  3.479314
 1.23  8.745938  4.263334  0.325170  3.462736
 1.24  8.741934  4.262540  0.328520  3.446309
 1.25  8.738019  4.261718  0.331840  3.430030
 1.26  8.734178  4.260873  0.335120  3.413897
 1.27  8.730423  4.260001  0.338360  3.397908
 1.28  8.726745  4.259093  0.341570  3.382061
 1.29  8.723138  4.258143  0.344740  3.366354
 1.30  8.719604  4.257156  0.347880  3.350785
 1.31  8.716139  4.256128  0.350980  3.335352
 1.32  8.712741  4.255054  0.354050  3.320053
 1.33  8.709411  4.253955  0.357090  3.304886
 1.34  8.706151  4.252832  0.360090  3.289850
 1.35  8.702947  4.251688  0.363070  3.274942
 1.36  8.699806  4.250519  0.366010  3.260161
 1.37  8.696725  4.249339  0.368920  3.245505
 1.38  8.693694  4.248138  0.371800  3.230972
 1.39  8.690725  4.246939  0.374650  3.216561
 1.40  8.687814  4.245723  0.377470  3.202270
 1.41  8.684947  4.244499  0.380260  3.188098
 1.42  8.682139  4.243282  0.383020  3.174043
 1.43  8.679378  4.242057  0.385750  3.160103
 1.44  8.676663  4.240824  0.388460  3.146277
 1.45  8.674006  4.239602  0.391140  3.132563
 1.46  8.671387  4.238376  0.393790  3.118960
 1.47  8.668813  4.237157  0.396410  3.105466
 1.48  8.666284  4.235935  0.399010  3.092080
 1.49  8.663799  4.234723  0.401580  3.078802
 1.50  8.661356  4.233508  0.404130  3.065628
 1.51  8.658960  4.232304  0.406650  3.052558
 1.52  8.656601  4.231097  0.409150  3.039591
 1.53  8.654280  4.229887  0.411620  3.026725
 1.54  8.651998  4.228693  0.414070  3.013960
 1.55  8.649754  4.227490  0.416490  3.001293
 1.56  8.647544  4.226304  0.418890  2.988723
 1.57  8.645374  4.225114  0.421270  2.976250
 1.58  8.643239  4.223926  0.423620  2.963872
 1.59  8.641135  4.222740  0.425950  2.951588
 1.60  8.639066  4.221565  0.428260  2.939397
 1.61  8.637029  4.220388  0.430550  2.927298
 1.62  8.635027  4.219211  0.432810  2.915289
 1.63  8.633058  4.218051  0.435050  2.903370
 1.64  8.631111  4.216874  0.437270  2.891539
 1.65  8.629206  4.215722  0.439480  2.879796
 1.66  8.627330  4.214563  0.441660  2.868139
 1.67  8.625476  4.213401  0.443810  2.856567
 1.68  8.623655  4.212251  0.445950  2.845080
 1.69  8.621862  4.211107  0.448070  2.833676
 1.70  8.620099  4.209970  0.450170  2.822354
 1.71  8.618358  4.208821  0.452250  2.811114
 1.72  8.616646  4.207693  0.454310  2.799954
 1.73  8.614960  4.206557  0.456350  2.788874
 1.74  8.613297  4.205434  0.458380  2.777872
 1.75  8.611664  4.204307  0.460380  2.766948
 1.76  8.610056  4.203188  0.462370  2.756101
 1.77  8.608471  4.202070  0.464330  2.745330
 1.78  8.606908  4.200966  0.466280  2.734634
 1.79  8.605368  4.199853  0.468220  2.724012
 1.80  8.603850  4.198753  0.470130  2.713464
 1.81  8.602357  4.197655  0.472030  2.702988
 1.82  8.600890  4.196564  0.473910  2.692584
 1.83  8.599442  4.195485  0.475780  2.682252
 1.84  8.598016  4.194399  0.477620  2.671989
 1.85  8.596609  4.193326  0.479460  2.661796
 1.86  8.595226  4.192255  0.481270  2.651671
 1.87  8.593862  4.191197  0.483070  2.641615
 1.88  8.592519  4.190136  0.484860  2.631625
 1.89  8.591198  4.189073  0.486620  2.621703
 1.90  8.589892  4.188027  0.488370  2.611846
 1.91  8.588616  4.186980  0.490100  2.602054
 1.92  8.587352  4.185934  0.491820  2.592326
 1.93  8.586107  4.184902  0.493520  2.582662
 1.94  8.584883  4.183873  0.495210  2.573061
 1.95  8.583670  4.182847  0.496880  2.563523
 1.96  8.582485  4.181833  0.498540  2.554046
 1.97  8.581317  4.180818  0.500180  2.544630
 1.98  8.580158  4.179821  0.501810  2.535275
 1.99  8.579023  4.178821  0.503420  2.525980
 2.00  8.577905  4.177830  0.505020  2.516743
 2.01  8.576802  4.176852  0.506600  2.507566
 2.02  8.575719  4.175878  0.508170  2.498446
 2.03  8.574651  4.174917  0.509730  2.489384
 2.04  8.573589  4.173960  0.511280  2.480378
 2.05  8.572556  4.173015  0.512810  2.471429
 2.06  8.571534  4.172080  0.514320  2.462535
 2.07  8.570523  4.171143  0.515830  2.453696
 2.08  8.569530  4.170214  0.517320  2.444912
 2.09  8.568555  4.169305  0.518790  2.436182
 2.10  8.567585  4.168383  0.520250  2.427506
 2.11  8.566634  4.167481  0.521700  2.418882
 2.12  8.565700  4.166577  0.523140  2.410311
 2.13  8.564776  4.165698  0.524560  2.401792
 2.14  8.563860  4.164812  0.525960  2.393324
 2.15  8.562962  4.163924  0.527360  2.384907
 2.16  8.562073  4.163061  0.528740  2.376540
 2.17  8.561197  4.162197  0.530100  2.368223
 2.18  8.560335  4.161337  0.531460  2.359956
 2.19  8.559483  4.160479  0.532800  2.351738
 2.20  8.558643  4.159643  0.534120  2.343568
 2.21  8.557811  4.158800  0.535440  2.335446
 2.22  8.556996  4.157971  0.536730  2.327371
 2.23  8.556186  4.157151  0.538020  2.319344
 2.24  8.555389  4.156330  0.539300  2.311364
 2.25  8.554604  4.155519  0.540560  2.303429
 2.26  8.553825  4.154717  0.541810  2.295541
 2.27  8.553058  4.153924  0.543040  2.287697
 2.28  8.552309  4.153135  0.544260  2.279899
 2.29  8.551561  4.152362  0.545480  2.272145
 2.30  8.550819  4.151588  0.546670  2.264436
 2.31  8.550090  4.150813  0.547860  2.256770
 2.32  8.549378  4.150063  0.549030  2.249147
 2.33  8.548661  4.149307  0.550190  2.241567
 2.34  8.547956  4.148562  0.551340  2.234030
 2.35  8.547262  4.147819  0.552470  2.226535
 2.36  8.546577  4.147082  0.553600  2.219082
 2.37  8.545895  4.146360  0.554700  2.211670
 2.38  8.545223  4.145643  0.555800  2.204299
 2.39  8.544560  4.144941  0.556890  2.196968
 2.40  8.543899  4.144233  0.557960  2.189678
 2.41  8.543249  4.143540  0.559020  2.182428
 2.42  8.542613  4.142846  0.560070  2.175217
 2.43  8.541971  4.142170  0.561110  2.168045
 2.44  8.541340  4.141496  0.562140  2.160913
 2.45  8.540715  4.140822  0.563150  2.153819
 2.46  8.540103  4.140169  0.564160  2.146763
 2.47  8.539487  4.139511  0.565150  2.139744
 2.48  8.538881  4.138869  0.566130  2.132764
 2.49  8.538282  4.138225  0.567100  2.125820
 2.50  8.537689  4.137591  0.568060  2.118914
 2.51  8.537102  4.136969  0.569010  2.112044
 2.52  8.536523  4.136345  0.569940  2.105210
 2.53  8.535949  4.135732  0.570870  2.098412
 2.54  8.535375  4.135130  0.571790  2.091650
 2.55  8.534808  4.134527  0.572690  2.084923
 2.56  8.534254  4.133935  0.573590  2.078231
 2.57  8.533700  4.133342  0.574480  2.071573
 2.58  8.533152  4.132760  0.575360  2.064950
 2.59  8.532611  4.132189  0.576230  2.058362
 2.60  8.532077  4.131617  0.577090  2.051807
 2.61  8.531550  4.131056  0.577940  2.045285
 2.62  8.531033  4.130499  0.578790  2.038797
 2.63  8.530519  4.129948  0.579620  2.032342
 2.64  8.530012  4.129397  0.580450  2.025920
 2.65  8.529509  4.128861  0.581270  2.019530
 2.66  8.529015  4.128332  0.582080  2.013172
 2.67  8.528521  4.127802  0.582890  2.006846
 2.68  8.528038  4.127288  0.583680  2.000552
 2.69  8.527558  4.126769  0.584470  1.994289
 2.70  8.527082  4.126265  0.585250  1.988058
 2.71  8.526615  4.125757  0.586020  1.981857
 2.72  8.526153  4.125252  0.586790  1.975687
 2.73  8.525697  4.124770  0.587550  1.969547
 2.74  8.525237  4.124272  0.588300  1.963438
 2.75  8.524796  4.123789  0.589040  1.957358
 2.76  8.524354  4.123318  0.589770  1.951308
 2.77  8.523920  4.122854  0.590500  1.945288
 2.78  8.523501  4.122403  0.591220  1.939297
 2.79  8.523038  4.121907  0.591940  1.933334
 2.80  8.522625  4.121454  0.592640  1.927401
 2.81  8.522220  4.121013  0.593340  1.921496
 2.82  8.521814  4.120571  0.594040  1.915619
 2.83  8.521372  4.120098  0.594720  1.909771
 2.84  8.520973  4.119667  0.595400  1.903950
 2.85  8.520582  4.119248  0.596080  1.898157
 2.86  8.520197  4.118828  0.596740  1.892391
 2.87  8.519820  4.118409  0.597400  1.886653
 2.88  8.519398  4.117957  0.598060  1.880941
 2.89  8.519020  4.117548  0.598700  1.875256
 2.90  8.518650  4.117139  0.599350  1.869598
 2.91  8.518286  4.116742  0.599980  1.863966
 2.92  8.517922  4.116344  0.600610  1.858361
 2.93  8.517522  4.115915  0.601230  1.852781
 2.94  8.517173  4.115528  0.601850  1.847228
 2.95  8.516824  4.115153  0.602460  1.841699
 2.96  8.516481  4.114766  0.603060  1.836197
 2.97  8.516139  4.114391  0.603660  1.830719
 2.98  8.515796  4.114028  0.604260  1.825267
 2.99  8.515425  4.113608  0.604850  1.819839
 3.00  8.515089  4.113256  0.605430  1.814436
 3.01  8.514761  4.112892  0.606000  1.809057
 3.02  8.514440  4.112539  0.606580  1.803703
 3.03  8.514119  4.112186  0.607140  1.798373
 3.04  8.513805  4.111833  0.607700  1.793067
 3.05  8.513448  4.111449  0.608260  1.787784
 3.06  8.513142  4.111107  0.608810  1.782525
 3.07  8.512835  4.110765  0.609350  1.777290
 3.08  8.512536  4.110436  0.609890  1.772077
 3.09  8.512236  4.110105  0.610420  1.766888
 3.10  8.511937  4.109775  0.610950  1.761722
 3.11  8.511644  4.109457  0.611480  1.756578
 3.12  8.511316  4.109095  0.612000  1.751457
 3.13  8.511031  4.108776  0.612510  1.746358
 3.14  8.510746  4.108457  0.613020  1.741282
 3.15  8.510469  4.108150  0.613520  1.736228
 3.16  8.510191  4.107843  0.614020  1.731195
 3.17  8.509913  4.107535  0.614520  1.726185
 3.18  8.509651  4.107228  0.615010  1.721196
 3.19  8.509337  4.106889  0.615500  1.716228
 3.20  8.509074  4.106593  0.615980  1.711282
 3.21  8.508811  4.106297  0.616460  1.706357
 3.22  8.508555  4.106013  0.616930  1.701453
 3.23  8.508300  4.105729  0.617400  1.696570
 3.24  8.508052  4.105445  0.617860  1.691707
 3.25  8.507796  4.105161  0.618330  1.686866
 3.26  8.507555  4.104889  0.618780  1.682044
 3.27  8.507263  4.104561  0.619230  1.677243
 3.28  8.507030  4.104301  0.619680  1.672462
 3.29  8.506789  4.104028  0.620130  1.667701
 3.30  8.506556  4.103755  0.620570  1.662960
 3.31  8.506323  4.103494  0.621000  1.658239
 3.32  8.506089  4.103234  0.621440  1.653537
 3.33  8.505863  4.102973  0.621860  1.648855
 3.34  8.505645  4.102724  0.622290  1.644192
 3.35  8.505419  4.102463  0.622710  1.639548
 3.36  8.505157  4.102171  0.623130  1.634923
 3.37  8.504938  4.101921  0.623540  1.630318
 3.38  8.504727  4.101685  0.623950  1.625731
 3.39  8.504517  4.101435  0.624360  1.621163
 3.40  8.504305  4.101198  0.624760  1.616613
 3.41  8.504102  4.100961  0.625160  1.612082
 3.42  8.503891  4.100724  0.625550  1.607569
 3.43  8.503695  4.100487  0.625940  1.603074
 3.44  8.503491  4.100262  0.626330  1.598598
 3.45  8.503296  4.100024  0.626720  1.594139
 3.46  8.503056  4.099755  0.627100  1.589698
 3.47  8.502868  4.099530  0.627480  1.585275
 3.48  8.502672  4.099317  0.627850  1.580870
 3.49  8.502483  4.099091  0.628220  1.576482
 3.50  8.502303  4.098878  0.628590  1.572111
 3.51  8.502114  4.098665  0.628950  1.567758
 3.52  8.501934  4.098451  0.629310  1.563422
 3.53  8.501753  4.098238  0.629670  1.559103
 3.54  8.501580  4.098024  0.630030  1.554800
 3.55  8.501399  4.097823  0.630380  1.550515
 3.56  8.501225  4.097622  0.630730  1.546246
 3.57  8.501052  4.097421  0.631070  1.541994
 3.58  8.500843  4.097176  0.631410  1.537759
 3.59  8.500678  4.096974  0.631750  1.533539
 3.60  8.500512  4.096785  0.632090  1.529336
 3.61  8.500347  4.096584  0.632420  1.525150
 3.62  8.500181  4.096394  0.632750  1.520979
 3.63  8.500023  4.096205  0.633080  1.516824
 3.64  8.499865  4.096016  0.633400  1.512685
 3.65  8.499707  4.095826  0.633720  1.508562
 3.66  8.499557  4.095650  0.634040  1.504455
 3.67  8.499407  4.095460  0.634360  1.500363
 3.68  8.499249  4.095283  0.634670  1.496287
 3.69  8.499106  4.095106  0.634980  1.492226
 3.70  8.498956  4.094929  0.635290  1.488180
 3.71  8.498813  4.094751  0.635590  1.484150
 3.72  8.498663  4.094574  0.635890  1.480135
 3.73  8.498477  4.094366  0.636190  1.476134
 3.74  8.498342  4.094189  0.636490  1.472149
 3.75  8.498200  4.094024  0.636780  1.468178
 3.76  8.498065  4.093859  0.637080  1.464222
 3.77  8.497930  4.093694  0.637360  1.460281
 3.78  8.497795  4.093529  0.637650  1.456354
 3.79  8.497660  4.093364  0.637930  1.452442
 3.80  8.497525  4.093199  0.638220  1.448544
 3.81  8.497398  4.093046  0.638490  1.444661
 3.82  8.497271  4.092894  0.638770  1.440791
 3.83  8.497144  4.092728  0.639040  1.436936
 3.84  8.497017  4.092576  0.639310  1.433095
 3.85  8.496898  4.092423  0.639580  1.429267
 3.86  8.496770  4.092270  0.639850  1.425454
 3.87  8.496651  4.092130  0.640110  1.421654
 3.88  8.496532  4.091977  0.640380  1.417868
 3.89  8.496412  4.091837  0.640640  1.414096
 3.90  8.496301  4.091684  0.640890  1.410337
 3.91  8.496181  4.091544  0.641150  1.406592
 3.92  8.496027  4.091360  0.641400  1.402860
 3.93  8.495907  4.091220  0.641650  1.399141
 3.94  8.495795  4.091079  0.641900  1.395435
 3.95  8.495692  4.090939  0.642140  1.391743
 3.96  8.495580  4.090798  0.642390  1.388064
 3.97  8.495469  4.090671  0.642630  1.384397
 3.98  8.495365  4.090530  0.642870  1.380744
 3.99  8.495261  4.090402  0.643110  1.377103
 4.00  8.495157  4.090274  0.643340  1.373475
 4.01  8.495054  4.090133  0.643580  1.369860
 4.02  8.494950  4.090005  0.643810  1.366257
 4.03  8.494854  4.089877  0.644040  1.362667
 4.04  8.494750  4.089762  0.644260  1.359090
 4.05  8.494654  4.089634  0.644490  1.355524
 4.06  8.494558  4.089506  0.644710  1.351972
 4.07  8.494462  4.089391  0.644930  1.348431
 4.08  8.494366  4.089263  0.645150  1.344902
 4.09  8.494270  4.089147  0.645370  1.341386
 4.10  8.494182  4.089032  0.645590  1.337882
 4.11  8.494086  4.088903  0.645800  1.334389
 4.12  8.493998  4.088788  0.646010  1.330909
 4.13  8.493910  4.088672  0.646220  1.327440
 4.14  8.493822  4.088557  0.646430  1.323983
 4.15  8.493734  4.088454  0.646640  1.320538
 4.16  8.493646  4.088338  0.646840  1.317104
 4.17  8.493558  4.088223  0.647040  1.313682
 4.18  8.493434  4.088077  0.647240  1.310272
 4.19  8.493346  4.087961  0.647440  1.306873
 4.20  8.493266  4.087858  0.647640  1.303485
 4.21  8.493186  4.087755  0.647840  1.300109
 4.22  8.493106  4.087639  0.648030  1.296744
 4.23  8.493026  4.087536  0.648220  1.293390
 4.24  8.492945  4.087433  0.648410  1.290047
 4.25  8.492865  4.087330  0.648600  1.286715
 4.26  8.492793  4.087227  0.648790  1.283394
 4.27  8.492713  4.087137  0.648970  1.280085
 4.28  8.492640  4.087034  0.649160  1.276786
 4.29  8.492560  4.086931  0.649340  1.273498
 4.30  8.492488  4.086841  0.649520  1.270220
 4.31  8.492416  4.086738  0.649700  1.266954
 4.32  8.492343  4.086647  0.649880  1.263698
 4.33  8.492271  4.086544  0.650060  1.260452
 4.34  8.492207  4.086454  0.650230  1.257217
 4.35  8.492134  4.086364  0.650400  1.253993
 4.36  8.492070  4.086273  0.650580  1.250779
 4.37  8.491998  4.086183  0.650750  1.247575
 4.38  8.491933  4.086093  0.650920  1.244382
 4.39  8.491869  4.086002  0.651080  1.241199
 4.40  8.491797  4.085912  0.651250  1.238026
 4.41  8.491732  4.085821  0.651410  1.234863
 4.42  8.491676  4.085744  0.651580  1.231711
 4.43  8.491612  4.085653  0.651740  1.228568
 4.44  8.491547  4.085563  0.651900  1.225435
 4.45  8.491483  4.085485  0.652060  1.222312
 4.46  8.491427  4.085395  0.652220  1.219200
 4.47  8.491362  4.085317  0.652380  1.216097
 4.48  8.491306  4.085239  0.652530  1.213003
 4.49  8.491249  4.085162  0.652690  1.209920
 4.50  8.491193  4.085071  0.652840  1.206846
 4.51  8.491129  4.084994  0.652990  1.203781
 4.52  8.491072  4.084916  0.653140  1.200727
 4.53  8.491024  4.084838  0.653290  1.197682
 4.54  8.490967  4.084760  0.653440  1.194646
 4.55  8.490911  4.084683  0.653580  1.191619
 4.56  8.490855  4.084618  0.653730  1.188602
 4.57  8.490806  4.084540  0.653870  1.185595
 4.58  8.490750  4.084462  0.654020  1.182596
 4.59  8.490701  4.084385  0.654160  1.179607
 4.60  8.490645  4.084320  0.654300  1.176627
 4.61  8.490597  4.084242  0.654440  1.173656
 4.62  8.490548  4.084177  0.654580  1.170695
 4.63  8.490500  4.084099  0.654720  1.167742
 4.64  8.490451  4.084035  0.654850  1.164798
 4.65  8.490403  4.083970  0.654990  1.161863
 4.66  8.490355  4.083892  0.655120  1.158937
 4.67  8.490263  4.083783  0.655250  1.156020
 4.68  8.490214  4.083719  0.655390  1.153112
 4.69  8.490174  4.083654  0.655520  1.150212
 4.70  8.490125  4.083589  0.655650  1.147322
 4.71  8.490085  4.083524  0.655780  1.144439
 4.72  8.490037  4.083459  0.655900  1.141566
 4.73  8.489996  4.083394  0.656030  1.138701
 4.74  8.489948  4.083329  0.656160  1.135845
 4.75  8.489907  4.083264  0.656280  1.132997
 4.76  8.489867  4.083199  0.656400  1.130157
 4.77  8.489827  4.083134  0.656530  1.127326
 4.78  8.489786  4.083082  0.656650  1.124504
 4.79  8.489746  4.083017  0.656770  1.121689
 4.80  8.489705  4.082965  0.656890  1.118883
 4.81  8.489665  4.082900  0.657010  1.116086
 4.82  8.489625  4.082835  0.657130  1.113296
 4.83  8.489592  4.082783  0.657240  1.110515
 4.84  8.489552  4.082731  0.657360  1.107741
 4.85  8.489511  4.082666  0.657470  1.104976
 4.86  8.489479  4.082614  0.657590  1.102219
 4.87  8.489439  4.082549  0.657700  1.099470
 4.88  8.489406  4.082497  0.657810  1.096729
 4.89  8.489366  4.082444  0.657930  1.093995
 4.90  8.489334  4.082392  0.658040  1.091270
 4.91  8.489301  4.082340  0.658150  1.088553
 4.92  8.489269  4.082288  0.658250  1.085843
 4.93  8.489228  4.082223  0.658360  1.083141
 4.94  8.489196  4.082171  0.658470  1.080447
 4.95  8.489164  4.082119  0.658580  1.077760
 4.96  8.489131  4.082067  0.658680  1.075082
 4.97  8.489099  4.082028  0.658790  1.072410
 4.98  8.489067  4.081975  0.658890  1.069747
 4.99  8.489034  4.081923  0.658990  1.067091
 5.00  8.489010  4.081871  0.659100  1.064442
 5.01  8.488978  4.081819  0.659200  1.061801
 5.02  8.488945  4.081780  0.659300  1.059168
 5.03  8.488921  4.081728  0.659400  1.056542
 5.04  8.488888  4.081676  0.659500  1.053923
 5.05  8.488856  4.081636  0.659600  1.051311
 5.06  8.488832  4.081584  0.659690  1.048707
 5.07  8.488799  4.081532  0.659790  1.046110
 5.08  8.488775  4.081493  0.659890  1.043521
 5.09  8.488751  4.081441  0.659980  1.040938
 5.10  8.488718  4.081402  0.660080  1.038363
 5.11  8.488694  4.081349  0.660170  1.035795
 5.12  8.488670  4.081310  0.660270  1.033234
 5.13  8.488645  4.081271  0.660360  1.030680
 5.14  8.488613  4.081219  0.660450  1.028133
 5.15  8.488589  4.081180  0.660540  1.025593
 5.16  8.488564  4.081140  0.660630  1.023060
 5.17  8.488540  4.081101  0.660720  1.020534
 5.18  8.488516  4.081049  0.660810  1.018015
 5.19  8.488492  4.081010  0.660900  1.015503
 5.20  8.488467  4.080971  0.660990  1.012997
 5.21  8.488451  4.080931  0.661080  1.010499
 5.22  8.488427  4.080892  0.661160  1.008007
 5.23  8.488402  4.080853  0.661250  1.005522
 5.24  8.488378  4.080814  0.661330  1.003043
 5.25  8.488362  4.080775  0.661420  1.000572
 5.26  8.488338  4.080735  0.661500  0.998107
 5.27  8.488313  4.080696  0.661590  0.995648
 5.28  8.488297  4.080657  0.661670  0.993197
 5.29  8.488273  4.080618  0.661750  0.990751
 5.30  8.488256  4.080578  0.661830  0.988313
 5.31  8.488232  4.080539  0.661910  0.985881
 5.32  8.488216  4.080500  0.661990  0.983455
 5.33  8.488192  4.080461  0.662070  0.981036
 5.34  8.488175  4.080435  0.662150  0.978623
 5.35  8.488159  4.080395  0.662230  0.976216
 5.36  8.488135  4.080356  0.662310  0.973816
 5.37  8.488119  4.080317  0.662390  0.971422
 5.38  8.488102  4.080291  0.662470  0.969035
 5.39  8.488086  4.080251  0.662540  0.966654
 5.40  8.488062  4.080212  0.662620  0.964279
 5.41  8.488046  4.080186  0.662700  0.961910
 5.42  8.488029  4.080147  0.662770  0.959548
 5.43  8.488013  4.080121  0.662850  0.957191
 5.44  8.487997  4.080081  0.662920  0.954841
 5.45  8.487981  4.080055  0.662990  0.952497
 5.46  8.487964  4.080016  0.663070  0.950159
 5.47  8.487948  4.079990  0.663140  0.947827
 5.48  8.487932  4.079950  0.663210  0.945501
 5.49  8.487924  4.079924  0.663280  0.943181
 5.50  8.487908  4.079885  0.663350  0.940867
 5.51  8.487891  4.079859  0.663420  0.938559
 5.52  8.487875  4.079832  0.663490  0.936257
 5.53  8.487859  4.079793  0.663560  0.933961
 5.54  8.487851  4.079767  0.663630  0.931671
 5.55  8.487835  4.079741  0.663700  0.929386
 5.56  8.487818  4.079701  0.663770  0.927107
 5.57  8.487810  4.079675  0.663840  0.924835
 5.58  8.487794  4.079649  0.663910  0.922567
 5.59  8.487778  4.079623  0.663970  0.920306
 5.60  8.487770  4.079597  0.664040  0.918051
 5.61  8.487753  4.079557  0.664110  0.915801
 5.62  8.487745  4.079531  0.664170  0.913556
 5.63  8.487729  4.079505  0.664240  0.911318
 5.64  8.487721  4.079479  0.664300  0.909085
 5.65  8.487713  4.079452  0.664370  0.906857
 5.66  8.487697  4.079426  0.664430  0.904636
 5.67  8.487688  4.079400  0.664490  0.902419
 5.68  8.487672  4.079374  0.664560  0.900209
 5.69  8.487664  4.079347  0.664620  0.898003
 5.70  8.487656  4.079321  0.664680  0.895804
 5.71  8.487648  4.079295  0.664740  0.893609
 5.72  8.487632  4.079269  0.664800  0.891420
 5.73  8.487624  4.079243  0.664870  0.889237
 5.74  8.487615  4.079216  0.664930  0.887059
 5.75  8.487607  4.079190  0.664990  0.884886
 5.76  8.487599  4.079164  0.665050  0.882719
 5.77  8.487583  4.079138  0.665110  0.880557
 5.78  8.487575  4.079111  0.665170  0.878400
 5.79  8.487567  4.079085  0.665220  0.876249
 5.80  8.487559  4.079072  0.665280  0.874103
 5.81  8.487550  4.079046  0.665340  0.871962
 5.82  8.487542  4.079020  0.665400  0.869826
 5.83  8.487534  4.078993  0.665460  0.867695
 5.84  8.487526  4.078967  0.665510  0.865570
 5.85  8.487518  4.078954  0.665570  0.863450
 5.86  8.487510  4.078928  0.665630  0.861334
 5.87  8.487502  4.078901  0.665680  0.859224
 5.88  8.487494  4.078875  0.665740  0.857119
 5.89  8.487494  4.078862  0.665790  0.855020
 5.90  8.487485  4.078836  0.665850  0.852925
 5.91  8.487477  4.078809  0.665900  0.850835
 5.92  8.487513  4.078840  0.665960  0.848750
 5.93  8.487504  4.078813  0.666010  0.846670
 5.94  8.487496  4.078787  0.666060  0.844595
 5.95  8.487496  4.078774  0.666120  0.842525
 5.96  8.487488  4.078748  0.666170  0.840460
 5.97  8.487480  4.078735  0.666220  0.838400
 5.98  8.487480  4.078708  0.666270  0.836345
 5.99  8.487472  4.078682  0.666330  0.834295
 6.00  8.487464  4.078669  0.666380  0.832249
 6.01  8.487456  4.078643  0.666430  0.830208
 6.02  8.487456  4.078630  0.666480  0.828172
 6.03  8.487448  4.078603  0.666530  0.826141
 6.04  8.487448  4.078590  0.666580  0.824115
 6.05  8.487439  4.078564  0.666630  0.822093
 6.06  8.487431  4.078551  0.666680  0.820076
 6.07  8.487431  4.078524  0.666730  0.818064
 6.08  8.487423  4.078511  0.666780  0.816056
 6.09  8.487423  4.078498  0.666830  0.814053
 6.10  8.487415  4.078472  0.666880  0.812055
 6.11  8.487415  4.078459  0.666930  0.810062
 6.12  8.487407  4.078432  0.666970  0.808073
 6.13  8.487407  4.078419  0.667020  0.806088
 6.14  8.487399  4.078406  0.667070  0.804108
 6.15  8.487399  4.078380  0.667120  0.802133
 6.16  8.487391  4.078367  0.667160  0.800162
 6.17  8.487391  4.078340  0.667210  0.798196
 6.18  8.487391  4.078327  0.667260  0.796234
 6.19  8.487383  4.078314  0.667300  0.794277
 6.20  8.487383  4.078301  0.667350  0.792324
 6.21  8.487383  4.078275  0.667390  0.790376
 6.22  8.487374  4.078262  0.667440  0.788432
 6.23  8.487374  4.078248  0.667480  0.786493
 6.24  8.487374  4.078222  0.667530  0.784557
 6.25  8.487366  4.078209  0.667570  0.782627
 6.26  8.487366  4.078196  0.667620  0.780700
 6.27  8.487366  4.078183  0.667660  0.778778
 6.28  8.487358  4.078156  0.667700  0.776861
 6.29  8.487358  4.078143  0.667750  0.774947
 6.30  8.487358  4.078130  0.667790  0.773038
 6.31  8.487358  4.078117  0.667830  0.771134
 6.32  8.487350  4.078104  0.667880  0.769233
 6.33  8.487350  4.078077  0.667920  0.767337
 6.34  8.487350  4.078064  0.667960  0.765445
 6.35  8.487350  4.078051  0.668000  0.763557
 6.36  8.487350  4.078038  0.668050  0.761673
 6.37  8.487342  4.078025  0.668090  0.759794
 6.38  8.487342  4.078012  0.668130  0.757918
 6.39  8.487342  4.077999  0.668170  0.756047
 6.40  8.487342  4.077972  0.668210  0.754180
 6.41  8.487342  4.077959  0.668250  0.752317
 6.42  8.487342  4.077946  0.668290  0.750459
 6.43  8.487342  4.077933  0.668330  0.748604
 6.44  8.487342  4.077920  0.668370  0.746753
 6.45  8.487334  4.077906  0.668410  0.744907
 6.46  8.487334  4.077893  0.668450  0.743064
 6.47  8.487334  4.077880  0.668490  0.741226
 6.48  8.487334  4.077867  0.668530  0.739391
 6.49  8.487334  4.077854  0.668570  0.737560
 6.50  8.487334  4.077841  0.668610  0.735734
 6.51  8.487334  4.077827  0.668650  0.733911
 6.52  8.487334  4.077814  0.668690  0.732093
 6.53  8.487334  4.077801  0.668720  0.730278
 6.54  8.487334  4.077788  0.668760  0.728467
 6.55  8.487334  4.077775  0.668800  0.726660
 6.56  8.487334  4.077762  0.668840  0.724857
 6.57  8.487334  4.077749  0.668870  0.723058
 6.58  8.487334  4.077735  0.668910  0.721263
 6.59  8.487334  4.077722  0.668950  0.719472
 6.60  8.487334  4.077709  0.668990  0.717684
 6.61  8.487334  4.077696  0.669020  0.715900
 6.62  8.487334  4.077683  0.669060  0.714120
 6.63  8.487334  4.077670  0.669090  0.712344
 6.64  8.487334  4.077656  0.669130  0.710572
 6.65  8.487334  4.077643  0.669170  0.708803
 6.66  8.487342  4.077630  0.669200  0.707038
 6.67  8.487342  4.077617  0.669240  0.705277
 6.68  8.487342  4.077604  0.669270  0.703520
 6.69  8.487342  4.077591  0.669310  0.701766
 6.70  8.487342  4.077591  0.669340  0.700016
 6.71  8.487342  4.077577  0.669380  0.698270
 6.72  8.487342  4.077564  0.669410  0.696527
 6.73  8.487342  4.077551  0.669450  0.694788
 6.74  8.487350  4.077538  0.669480  0.693053
 6.75  8.487350  4.077525  0.669520  0.691321
 6.76  8.487350  4.077511  0.669550  0.689593
 6.77  8.487350  4.077498  0.669580  0.687868
 6.78  8.487350  4.077498  0.669620  0.686147
 6.79  8.487350  4.077485  0.669650  0.684430
 6.80  8.487358  4.077472  0.669680  0.682716
 6.81  8.487358  4.077459  0.669720  0.681006
 6.82  8.487358  4.077446  0.669750  0.679299
 6.83  8.487358  4.077432  0.669780  0.677596
 6.84  8.487358  4.077432  0.669810  0.675896
 6.85  8.487366  4.077419  0.669850  0.674200
 6.86  8.487366  4.077406  0.669880  0.672507
 6.87  8.487366  4.077393  0.669910  0.670818
 6.88  8.487366  4.077380  0.669940  0.669132
 6.89  8.487366  4.077380  0.669980  0.667450
 6.90  8.487374  4.077367  0.670010  0.665771
 6.91  8.487374  4.077353  0.670040  0.664095
 6.92  8.487374  4.077340  0.670070  0.662423
 6.93  8.487374  4.077340  0.670100  0.660755
 6.94  8.487383  4.077327  0.670130  0.659089
 6.95  8.487383  4.077314  0.670160  0.657428
 6.96  8.487383  4.077301  0.670200  0.655769
 6.97  8.487391  4.077301  0.670230  0.654114
 6.98  8.487391  4.077288  0.670260  0.652462
 6.99  8.487391  4.077274  0.670290  0.650814
 7.00  8.487399  4.077261  0.670320  0.649168
 7.01  8.487399  4.077261  0.670350  0.647526
 7.02  8.487399  4.077248  0.670380  0.645888
 7.03  8.487399  4.077235  0.670410  0.644253
 7.04  8.487450  4.077278  0.670440  0.642621
 7.05  8.487450  4.077265  0.670470  0.640992
 7.06  8.487450  4.077252  0.670500  0.639366
 7.07  8.487458  4.077239  0.670530  0.637744
 7.08  8.487458  4.077239  0.670560  0.636125
 7.09  8.487458  4.077225  0.670590  0.634509
 7.10  8.487467  4.077212  0.670620  0.632896
 7.11  8.487467  4.077212  0.670640  0.631287
 7.12  8.487475  4.077199  0.670670  0.629681
 7.13  8.487475  4.077186  0.670700  0.628077
 7.14  8.487475  4.077186  0.670730  0.626477
 7.15  8.487483  4.077173  0.670760  0.624881
 7.16  8.487483  4.077160  0.670790  0.623287
 7.17  8.487483  4.077160  0.670820  0.621696
 7.18  8.487491  4.077146  0.670850  0.620109
 7.19  8.487491  4.077133  0.670870  0.618525
 7.20  8.487499  4.077133  0.670900  0.616943
 7.21  8.487499  4.077120  0.670930  0.615365
 7.22  8.487499  4.077120  0.670960  0.613790
 7.23  8.487507  4.077107  0.670980  0.612218
 7.24  8.487507  4.077094  0.671010  0.610649
 7.25  8.487515  4.077094  0.671040  0.609083
 7.26  8.487515  4.077080  0.671070  0.607520
 7.27  8.487523  4.077067  0.671090  0.605961
 7.28  8.487523  4.077067  0.671120  0.604404
 7.29  8.487523  4.077054  0.671150  0.602850
 7.30  8.487532  4.077054  0.671180  0.601299
 7.31  8.487532  4.077041  0.671200  0.599751
 7.32  8.487540  4.077028  0.671230  0.598206
 7.33  8.487540  4.077028  0.671260  0.596664
 7.34  8.487548  4.077015  0.671280  0.595125
 7.35  8.487548  4.077015  0.671310  0.593589
 7.36  8.487556  4.077001  0.671340  0.592056
 7.37  8.487556  4.076988  0.671360  0.590526
 7.38  8.487564  4.076988  0.671390  0.588999
 7.39  8.487564  4.076975  0.671410  0.587474
 7.40  8.487572  4.076975  0.671440  0.585953
 7.41  8.487572  4.076962  0.671470  0.584434
 7.42  8.487580  4.076962  0.671490  0.582918
 7.43  8.487580  4.076949  0.671520  0.581406
 7.44  8.487580  4.076935  0.671540  0.579896
 7.45  8.487588  4.076935  0.671570  0.578388
 7.46  8.487588  4.076922  0.671590  0.576884
 7.47  8.487597  4.076922  0.671620  0.575383
 7.48  8.487597  4.076909  0.671640  0.573884
 7.49  8.487605  4.076909  0.671670  0.572388
 7.50  8.487605  4.076896  0.671690  0.570895
 7.51  8.487613  4.076896  0.671720  0.569405
 7.52  8.487621  4.076883  0.671740  0.567917
 7.53  8.487621  4.076883  0.671770  0.566432
 7.54  8.487629  4.076869  0.671790  0.564950
 7.55  8.487629  4.076856  0.671820  0.563471
 7.56  8.487637  4.076856  0.671840  0.561995
 7.57  8.487637  4.076843  0.671870  0.560521
 7.58  8.487645  4.076843  0.671890  0.559050
 7.59  8.487645  4.076830  0.671920  0.557581
 7.60  8.487653  4.076830  0.671940  0.556116
 7.61  8.487653  4.076817  0.671960  0.554653
 7.62  8.487662  4.076817  0.671990  0.553193
 7.63  8.487662  4.076803  0.672010  0.551735
 7.64  8.487670  4.076803  0.672040  0.550280
 7.65  8.487670  4.076790  0.672060  0.548828
 7.66  8.487678  4.076790  0.672080  0.547379
 7.67  8.487686  4.076777  0.672110  0.545932
 7.68  8.487686  4.076777  0.672130  0.544487
 7.69  8.487694  4.076764  0.672150  0.543046
 7.70  8.487694  4.076764  0.672180  0.541607
 7.71  8.487702  4.076751  0.672200  0.540170
 7.72  8.487702  4.076751  0.672220  0.538737
 7.73  8.487710  4.076738  0.672250  0.537305
 7.74  8.487710  4.076738  0.672270  0.535877
 7.75  8.487718  4.076738  0.672290  0.534451
 7.76  8.487726  4.076724  0.672320  0.533027
 7.77  8.487726  4.076724  0.672340  0.531606
 7.78  8.487735  4.076711  0.672360  0.530188
 7.79  8.487735  4.076711  0.672390  0.528772
 7.80  8.487743  4.076698  0.672410  0.527359
 7.81  8.487743  4.076698  0.672430  0.525948
 7.82  8.487751  4.076685  0.672450  0.524540
 7.83  8.487759  4.076685  0.672480  0.523134
 7.84  8.487759  4.076672  0.672500  0.521731
 7.85  8.487767  4.076672  0.672520  0.520331
 7.86  8.487767  4.076658  0.672540  0.518932
 7.87  8.487775  4.076658  0.672570  0.517537
 7.88  8.487783  4.076658  0.672590  0.516144
 7.89  8.487783  4.076645  0.672610  0.514753
 7.90  8.487791  4.076645  0.672630  0.513365
 7.91  8.487791  4.076632  0.672650  0.511979
 7.92  8.487800  4.076632  0.672680  0.510595
 7.93  8.487808  4.076619  0.672700  0.509214
 7.94  8.487808  4.076619  0.672720  0.507836
 7.95  8.487816  4.076619  0.672740  0.506460
 7.96  8.487816  4.076606  0.672760  0.505086
 7.97  8.487824  4.076606  0.672780  0.503715
 7.98  8.487832  4.076592  0.672810  0.502346
 7.99  8.487832  4.076592  0.672830  0.500980
 8.00  8.487840  4.076579  0.672850  0.499615
 8.01  8.487840  4.076579  0.672870  0.498254
 8.02  8.487848  4.076579  0.672890  0.496894
 8.03  8.487856  4.076566  0.672910  0.495537
 8.04  8.487900  4.076609  0.672930  0.494183
 8.05  8.487908  4.076596  0.672950  0.492831
 8.06  8.487908  4.076596  0.672980  0.491481
 8.07  8.487916  4.076583  0.673000  0.490133
 8.08  8.487924  4.076583  0.673020  0.488788
 8.09  8.487924  4.076583  0.673040  0.487445
 8.10  8.487932  4.076570  0.673060  0.486104
 8.11  8.487940  4.076570  0.673080  0.484766
 8.12  8.487940  4.076556  0.673100  0.483430
 8.13  8.487948  4.076556  0.673120  0.482096
 8.14  8.487948  4.076556  0.673140  0.480765
 8.15  8.487957  4.076543  0.673160  0.479436
 8.16  8.487965  4.076543  0.673180  0.478109
 8.17  8.487965  4.076530  0.673200  0.476784
 8.18  8.487973  4.076530  0.673220  0.475462
 8.19  8.487981  4.076530  0.673240  0.474142
 8.20  8.487981  4.076517  0.673260  0.472824
 8.21  8.487989  4.076517  0.673280  0.471508
 8.22  8.487989  4.076517  0.673300  0.470195
 8.23  8.487997  4.076504  0.673320  0.468883
 8.24  8.488005  4.076504  0.673340  0.467575
 8.25  8.488005  4.076490  0.673360  0.466268
 8.26  8.488013  4.076490  0.673380  0.464963
 8.27  8.488022  4.076490  0.673400  0.463661
 8.28  8.488022  4.076477  0.673420  0.462361
 8.29  8.488030  4.076477  0.673440  0.461063
 8.30  8.488038  4.076477  0.673460  0.459767
 8.31  8.488038  4.076464  0.673480  0.458473
 8.32  8.488046  4.076464  0.673500  0.457182
 8.33  8.488046  4.076451  0.673520  0.455893
 8.34  8.488054  4.076451  0.673540  0.454605
 8.35  8.488062  4.076451  0.673560  0.453320
 8.36  8.488062  4.076438  0.673580  0.452038
 8.37  8.488070  4.076438  0.673600  0.450757
 8.38  8.488078  4.076438  0.673620  0.449478
 8.39  8.488078  4.076424  0.673640  0.448202
 8.40  8.488086  4.076424  0.673660  0.446927
 8.41  8.488095  4.076424  0.673680  0.445655
 8.42  8.488095  4.076411  0.673700  0.444385
 8.43  8.488103  4.076411  0.673720  0.443117
 8.44  8.488111  4.076398  0.673740  0.441851
 8.45  8.488111  4.076398  0.673750  0.440587
 8.46  8.488119  4.076398  0.673770  0.439325
 8.47  8.488127  4.076385  0.673790  0.438066
 8.48  8.488127  4.076385  0.673810  0.436808
 8.49  8.488135  4.076385  0.673830  0.435552
 8.50  8.488143  4.076372  0.673850  0.434299
 8.51  8.488143  4.076372  0.673870  0.433047
 8.52  8.488151  4.076372  0.673890  0.431798
 8.53  8.488151  4.076358  0.673910  0.430550
 8.54  8.488159  4.076358  0.673920  0.429305
 8.55  8.488168  4.076358  0.673940  0.428061
 8.56  8.488168  4.076345  0.673960  0.426820
 8.57  8.488176  4.076345  0.673980  0.425581
 8.58  8.488184  4.076345  0.674000  0.424343
 8.59  8.488184  4.076332  0.674020  0.423108
 8.60  8.488192  4.076332  0.674040  0.421875
 8.61  8.488200  4.076332  0.674050  0.420643
 8.62  8.488200  4.076319  0.674070  0.419414
 8.63  8.488208  4.076319  0.674090  0.418187
 8.64  8.488216  4.076319  0.674110  0.416961
 8.65  8.488216  4.076306  0.674130  0.415738
 8.66  8.488224  4.076306  0.674150  0.414516
 8.67  8.488232  4.076306  0.674160  0.413297
 8.68  8.488232  4.076292  0.674180  0.412079
 8.69  8.488241  4.076292  0.674200  0.410863
 8.70  8.488249  4.076292  0.674220  0.409650
 8.71  8.488249  4.076279  0.674240  0.408438
 8.72  8.488257  4.076279  0.674260  0.407228
 8.73  8.488265  4.076279  0.674270  0.406020
 8.74  8.488265  4.076266  0.674290  0.404814
 8.75  8.488273  4.076266  0.674310  0.403610
 8.76  8.488281  4.076266  0.674330  0.402408
 8.77  8.488281  4.076253  0.674340  0.401208
 8.78  8.488289  4.076253  0.674360  0.400009
 8.79  8.488297  4.076253  0.674380  0.398813
 8.80  8.488297  4.076253  0.674400  0.397618
 8.81  8.488305  4.076240  0.674420  0.396425
 8.82  8.488314  4.076240  0.674430  0.395235
 8.83  8.488314  4.076240  0.674450  0.394046
 8.84  8.488322  4.076226  0.674470  0.392858
 8.85  8.488330  4.076226  0.674490  0.391673
 8.86  8.488330  4.076226  0.674500  0.390490
 8.87  8.488338  4.076213  0.674520  0.389308
 8.88  8.488346  4.076213  0.674540  0.388128
 8.89  8.488346  4.076213  0.674560  0.386951
 8.90  8.488354  4.076200  0.674570  0.385774
 8.91  8.488362  4.076200  0.674590  0.384600
 8.92  8.488362  4.076200  0.674610  0.383428
 8.93  8.488370  4.076200  0.674630  0.382257
 8.94  8.488378  4.076187  0.674640  0.381088
 8.95  8.488378  4.076187  0.674660  0.379921
 8.96  8.488387  4.076187  0.674680  0.378756
 8.97  8.488395  4.076173  0.674690  0.377593
 8.98  8.488395  4.076173  0.674710  0.376431
 8.99  8.488403  4.076173  0.674730  0.375272
 9.00  8.488411  4.076160  0.674750  0.374114
 9.01  8.488411  4.076160  0.674760  0.372957
 9.02  8.488419  4.076160  0.674780  0.371803
 9.03  8.488427  4.076160  0.674800  0.370650
 9.04  8.488427  4.076147  0.674810  0.369499
 9.05  8.488435  4.076147  0.674830  0.368350
 9.06  8.488443  4.076147  0.674850  0.367203
 9.07  8.488443  4.076134  0.674870  0.366057
 9.08  8.488451  4.076134  0.674880  0.364913
 9.09  8.488460  4.076134  0.674900  0.363771
 9.10  8.488460  4.076134  0.674920  0.362630
 9.11  8.488511  4.076164  0.674930  0.361492
 9.12  8.488519  4.076164  0.674950  0.360355
 9.13  8.488519  4.076164  0.674970  0.359219
 9.14  8.488527  4.076151  0.674980  0.358086
 9.15  8.488535  4.076151  0.675000  0.356954
 9.16  8.488535  4.076151  0.675020  0.355824
 9.17  8.488543  4.076151  0.675030  0.354696
 9.18  8.488552  4.076138  0.675050  0.353569
 9.19  8.488552  4.076138  0.675070  0.352444
 9.20  8.488560  4.076138  0.675080  0.351320
 9.21  8.488568  4.076124  0.675100  0.350199
 9.22  8.488568  4.076124  0.675120  0.349079
 9.23  8.488576  4.076124  0.675130  0.347960
 9.24  8.488584  4.076124  0.675150  0.346844
 9.25  8.488584  4.076111  0.675170  0.345729
 9.26  8.488592  4.076111  0.675180  0.344615
 9.27  8.488600  4.076111  0.675200  0.343504
 9.28  8.488600  4.076098  0.675210  0.342394
 9.29  8.488608  4.076098  0.675230  0.341285
 9.30  8.488616  4.076098  0.675250  0.340179
 9.31  8.488616  4.076098  0.675260  0.339074
 9.32  8.488624  4.076085  0.675280  0.337970
 9.33  8.488633  4.076085  0.675300  0.336868
 9.34  8.488633  4.076085  0.675310  0.335768
 9.35  8.488641  4.076085  0.675330  0.334670
 9.36  8.488649  4.076071  0.675340  0.333573
 9.37  8.488649  4.076071  0.675360  0.332477
 9.38  8.488657  4.076071  0.675380  0.331384
 9.39  8.488665  4.076058  0.675390  0.330292
 9.40  8.488665  4.076058  0.675410  0.329201
 9.41  8.488673  4.076058  0.675420  0.328112
 9.42  8.488681  4.076058  0.675440  0.327025
 9.43  8.488681  4.076045  0.675460  0.325939
 9.44  8.488689  4.076045  0.675470  0.324855
 9.45  8.488697  4.076045  0.675490  0.323772
 9.46  8.488697  4.076045  0.675500  0.322691
 9.47  8.488706  4.076032  0.675520  0.321612
 9.48  8.488714  4.076032  0.675540  0.320534
 9.49  8.488714  4.076032  0.675550  0.319458
 9.50  8.488722  4.076032  0.675570  0.318383
 9.51  8.488730  4.076019  0.675580  0.317310
 9.52  8.488730  4.076019  0.675600  0.316238
 9.53  8.488738  4.076019  0.675610  0.315168
 9.54  8.488738  4.076005  0.675630  0.314100
 9.55  8.488746  4.076005  0.675640  0.313033
 9.56  8.488754  4.076005  0.675660  0.311967
 9.57  8.488754  4.076005  0.675680  0.310903
 9.58  8.488762  4.075992  0.675690  0.309841
 9.59  8.488770  4.075992  0.675710  0.308780
 9.60  8.488770  4.075992  0.675720  0.307721
 9.61  8.488778  4.075992  0.675740  0.306663
 9.62  8.488787  4.075979  0.675750  0.305606
 9.63  8.488787  4.075979  0.675770  0.304552
 9.64  8.488795  4.075979  0.675780  0.303498
 9.65  8.488803  4.075979  0.675800  0.302447
 9.66  8.488803  4.075966  0.675820  0.301396
 9.67  8.488811  4.075966  0.675830  0.300347
 9.68  8.488819  4.075966  0.675850  0.299300
 9.69  8.488819  4.075966  0.675860  0.298254
 9.70  8.488827  4.075952  0.675880  0.297210
 9.71  8.488827  4.075952  0.675890  0.296167
 9.72  8.488835  4.075952  0.675910  0.295126
 9.73  8.488843  4.075952  0.675920  0.294086
 9.74  8.488843  4.075939  0.675940  0.293047
 9.75  8.488851  4.075939  0.675950  0.292010
 9.76  8.488859  4.075939  0.675970  0.290975
 9.77  8.488859  4.075939  0.675980  0.289940
 9.78  8.488868  4.075926  0.676000  0.288908
 9.79  8.488876  4.075926  0.676010  0.287877
 9.80  8.488876  4.075926  0.676030  0.286847
 9.81  8.488884  4.075926  0.676040  0.285819
 9.82  8.488892  4.075913  0.676060  0.284792
 9.83  8.488892  4.075913  0.676070  0.283766
 9.84  8.488900  4.075913  0.676090  0.282742
 9.85  8.488900  4.075913  0.676100  0.281720
 9.86  8.488908  4.075900  0.676120  0.280698
 9.87  8.488916  4.075900  0.676130  0.279679
 9.88  8.488916  4.075900  0.676150  0.278660
 9.89  8.488924  4.075900  0.676160  0.277643
 9.90  8.488932  4.075886  0.676180  0.276628
 9.91  8.488932  4.075886  0.676190  0.275614
 9.92  8.488940  4.075886  0.676210  0.274601
 9.93  8.488940  4.075886  0.676220  0.273590
 9.94  8.488949  4.075873  0.676240  0.272580
 9.95  8.488957  4.075873  0.676250  0.271571
 9.96  8.488957  4.075873  0.676270  0.270564
 9.97  8.488965  4.075873  0.676280  0.269559
 9.98  8.488973  4.075860  0.676300  0.268554
 9.99  8.488973  4.075860  0.676310  0.267551
10.00  8.488981  4.075860  0.676320  0.266550
10.01  8.488981  4.075860  0.676340  0.265549
10.02  8.488989  4.075847  0.676350  0.264550
10.03  8.488997  4.075847  0.676370  0.263553
10.04  8.488997  4.075847  0.676380  0.262557
10.05  8.489005  4.075847  0.676400  0.261562
10.06  8.489013  4.075833  0.676410  0.260569
10.07  8.489013  4.075833  0.676430  0.259576
10.08  8.489021  4.075833  0.676440  0.258586
10.09  8.489021  4.075833  0.676460  0.257596
10.10  8.489030  4.075820  0.676470  0.256608
10.11  8.489038  4.075820  0.676480  0.255622
10.12  8.489038  4.075820  0.676500  0.254636
10.13  8.489046  4.075820  0.676510  0.253652
10.14  8.489054  4.075807  0.676530  0.252669
10.15  8.489054  4.075807  0.676540  0.251688
10.16  8.489062  4.075807  0.676560  0.250708
10.17  8.489062  4.075807  0.676570  0.249729
10.18  8.489070  4.075794  0.676580  0.248752
10.19  8.489078  4.075794  0.676600  0.247776
10.20  8.489078  4.075794  0.676610  0.246801
10.21  8.489086  4.075794  0.676630  0.245827
10.22  8.489086  4.075781  0.676640  0.244855
10.23  8.489094  4.075781  0.676660  0.243884
10.24  8.489102  4.075781  0.676670  0.242915
10.25  8.489102  4.075781  0.676680  0.241946
10.26  8.489111  4.075781  0.676700  0.240979
10.27  8.489111  4.075767  0.676710  0.240013
10.28  8.489119  4.075767  0.676730  0.239049
10.29  8.489127  4.075767  0.676740  0.238086
10.30  8.489127  4.075767  0.676760  0.237124
10.31  8.489135  4.075754  0.676770  0.236163
10.32  8.489186  4.075797  0.676780  0.235204
10.33  8.489186  4.075797  0.676800  0.234246
10.34  8.489194  4.075797  0.676810  0.233289
10.35  8.489194  4.075784  0.676830  0.232334
10.36  8.489202  4.075784  0.676840  0.231379
10.37  8.489202  4.075784  0.676850  0.230426
10.38  8.489211  4.075784  0.676870  0.229474
10.39  8.489219  4.075771  0.676880  0.228524
10.40  8.489219  4.075771  0.676900  0.227575
10.41  8.489227  4.075771  0.676910  0.226627
10.42  8.489227  4.075771  0.676920  0.225680
10.43  8.489235  4.075771  0.676940  0.224734
10.44  8.489243  4.075758  0.676950  0.223790
10.45  8.489243  4.075758  0.676960  0.222847
10.46  8.489251  4.075758  0.676980  0.221905
10.47  8.489251  4.075758  0.676990  0.220964
10.48  8.489259  4.075745  0.677010  0.220025
10.49  8.489267  4.075745  0.677020  0.219087
10.50  8.489267  4.075745  0.677030  0.218150
10.51  8.489275  4.075745  0.677050  0.217214
10.52  8.489275  4.075731  0.677060  0.216279
10.53  8.489283  4.075731  0.677070  0.215346
10.54  8.489291  4.075731  0.677090  0.214414
10.55  8.489291  4.075731  0.677100  0.213483
10.56  8.489300  4.075731  0.677120  0.212553
10.57  8.489300  4.075718  0.677130  0.211625
10.58  8.489308  4.075718  0.677140  0.210697
10.59  8.489316  4.075718  0.677160  0.209771
10.60  8.489316  4.075718  0.677170  0.208846
10.61  8.489324  4.075705  0.677180  0.207923
10.62  8.489324  4.075705  0.677200  0.207000
10.63  8.489332  4.075705  0.677210  0.206079
10.64  8.489332  4.075705  0.677220  0.205158
10.65  8.489340  4.075705  0.677240  0.204239
10.66  8.489348  4.075692  0.677250  0.203322
10.67  8.489348  4.075692  0.677270  0.202405
10.68  8.489356  4.075692  0.677280  0.201489
10.69  8.489356  4.075692  0.677290  0.200575
10.70  8.489364  4.075678  0.677310  0.199662
10.71  8.489372  4.075678  0.677320  0.198750
10.72  8.489372  4.075678  0.677330  0.197839
10.73  8.489381  4.075678  0.677350  0.196929
10.74  8.489381  4.075665  0.677360  0.196021
10.75  8.489389  4.075665  0.677370  0.195113
10.76  8.489389  4.075665  0.677390  0.194207
10.77  8.489397  4.075665  0.677400  0.193302
10.78  8.489405  4.075665  0.677410  0.192398
10.79  8.489405  4.075652  0.677430  0.191495
10.80  8.489413  4.075652  0.677440  0.190594
10.81  8.489413  4.075652  0.677450  0.189693
10.82  8.489421  4.075652  0.677470  0.188794
10.83  8.489421  4.075639  0.677480  0.187895
10.84  8.489429  4.075639  0.677490  0.186998
10.85  8.489437  4.075639  0.677510  0.186102
10.86  8.489437  4.075639  0.677520  0.185207
10.87  8.489445  4.075639  0.677530  0.184313
10.88  8.489445  4.075625  0.677550  0.183421
10.89  8.489453  4.075625  0.677560  0.182529
10.90  8.489453  4.075625  0.677570  0.181639
10.91  8.489461  4.075625  0.677590  0.180749
10.92  8.489461  4.075612  0.677600  0.179861
10.93  8.489470  4.075612  0.677610  0.178974
10.94  8.489478  4.075612  0.677620  0.178088
10.95  8.489478  4.075612  0.677640  0.177203
10.96  8.489486  4.075612  0.677650  0.176319
10.97  8.489486  4.075599  0.677660  0.175436
10.98  8.489494  4.075599  0.677680  0.174555
10.99  8.489494  4.075599  0.677690  0.173674
11.00  8.489502  4.075599  0.677700  0.172795
11.01  8.489510  4.075586  0.677720  0.171916
11.02  8.489510  4.075586  0.677730  0.171039
11.03  8.489518  4.075586  0.677740  0.170163
11.04  8.489518  4.075586  0.677760  0.169288
11.05  8.489526  4.075586  0.677770  0.168414
11.06  8.489526  4.075573  0.677780  0.167541
11.07  8.489534  4.075573  0.677790  0.166669
11.08  8.489534  4.075573  0.677810  0.165798
11.09  8.489542  4.075573  0.677820  0.164928
11.10  8.489550  4.075559  0.677830  0.164059
11.11  8.489550  4.075559  0.677850  0.163192
11.12  8.489558  4.075559  0.677860  0.162325
11.13  8.489558  4.075559  0.677870  0.161460
11.14  8.489567  4.075559  0.677890  0.160595
11.15  8.489567  4.075546  0.677900  0.159732
11.16  8.489575  4.075546  0.677910  0.158869
11.17  8.489575  4.075546  0.677920  0.158008
11.18  8.489583  4.075546  0.677940  0.157148
11.19  8.489583  4.075533  0.677950  0.156288
11.20  8.489591  4.075533  0.677960  0.155430
11.21  8.489599  4.075533  0.677980  0.154573
11.22  8.489599  4.075533  0.677990  0.153717
11.23  8.489607  4.075533  0.678000  0.152862
11.24  8.489607  4.075520  0.678010  0.152008
11.25  8.489615  4.075520  0.678030  0.151155
11.26  8.489615  4.075520  0.678040  0.150303
11.27  8.489623  4.075520  0.678050  0.149452
11.28  8.489623  4.075506  0.678060  0.148602
11.29  8.489631  4.075506  0.678080  0.147753
11.30  8.489639  4.075506  0.678090  0.146905
11.31  8.489639  4.075506  0.678100  0.146058
11.32  8.489647  4.075506  0.678120  0.145212
11.33  8.489647  4.075493  0.678130  0.144367
11.34  8.489656  4.075493  0.678140  0.143523
11.35  8.489656  4.075493  0.678150  0.142680
11.36  8.489664  4.075493  0.678170  0.141838
11.37  8.489664  4.075493  0.678180  0.140998
11.38  8.489672  4.075480  0.678190  0.140158
11.39  8.489672  4.075480  0.678200  0.139319
11.40  8.489680  4.075480  0.678220  0.138481
11.41  8.489680  4.075480  0.678230  0.137644
11.42  8.489688  4.075467  0.678240  0.136808
11.43  8.489696  4.075467  0.678250  0.135973
11.44  8.489696  4.075467  0.678270  0.135139
11.45  8.489704  4.075467  0.678280  0.134306
11.46  8.489704  4.075467  0.678290  0.133475
11.47  8.489712  4.075453  0.678300  0.132644
11.48  8.489712  4.075453  0.678320  0.131814
11.49  8.489720  4.075453  0.678330  0.130985
11.50  8.489720  4.075453  0.678340  0.130157
11.51  8.489728  4.075453  0.678350  0.129330
11.52  8.489728  4.075440  0.678370  0.128503
11.53  8.489736  4.075440  0.678380  0.127678
11.54  8.489736  4.075440  0.678390  0.126854
11.55  8.489744  4.075440  0.678400  0.126031
11.56  8.489744  4.075427  0.678420  0.125209
11.57  8.489753  4.075427  0.678430  0.124388
11.58  8.489761  4.075427  0.678440  0.123567
11.59  8.489761  4.075427  0.678450  0.122748
11.60  8.489769  4.075427  0.678470  0.121930
11.61  8.489769  4.075414  0.678480  0.121112
11.62  8.489777  4.075414  0.678490  0.120296
11.63  8.489777  4.075414  0.678500  0.119480
11.64  8.489785  4.075414  0.678520  0.118666
11.65  8.489785  4.075414  0.678530  0.117852
11.66  8.489793  4.075400  0.678540  0.117039
11.67  8.489793  4.075400  0.678550  0.116228
11.68  8.489801  4.075400  0.678560  0.115417
11.69  8.489801  4.075400  0.678580  0.114607
11.70  8.489809  4.075400  0.678590  0.113798
11.71  8.489809  4.075387  0.678600  0.112990
11.72  8.489817  4.075387  0.678610  0.112183
11.73  8.489817  4.075387  0.678630  0.111377
11.74  8.489825  4.075387  0.678640  0.110572
11.75  8.489825  4.075374  0.678650  0.109767
11.76  8.489833  4.075374  0.678660  0.108964
11.77  8.489841  4.075374  0.678670  0.108161
11.78  8.489841  4.075374  0.678690  0.107360
11.79  8.489850  4.075374  0.678700  0.106559
11.80  8.489850  4.075361  0.678710  0.105760
11.81  8.489858  4.075361  0.678720  0.104961
11.82  8.489858  4.075361  0.678740  0.104163
11.83  8.489866  4.075361  0.678750  0.103366
11.84  8.489866  4.075361  0.678760  0.102570
11.85  8.489874  4.075347  0.678770  0.101775
11.86  8.489874  4.075347  0.678780  0.100981
11.87  8.489882  4.075347  0.678800  0.100187
11.88  8.489925  4.075391  0.678810  0.099395
11.89  8.489933  4.075391  0.678820  0.098604
11.90  8.489933  4.075378  0.678830  0.097813
11.91  8.489941  4.075378  0.678840  0.097023
11.92  8.489941  4.075378  0.678860  0.096234
11.93  8.489950  4.075378  0.678870  0.095446
11.94  8.489950  4.075364  0.678880  0.094659
11.95  8.489958  4.075364  0.678890  0.093873
11.96  8.489958  4.075364  0.678900  0.093088
11.97  8.489966  4.075364  0.678920  0.092304
11.98  8.489966  4.075364  0.678930  0.091520
11.99  8.489974  4.075351  0.678940  0.090737
12.00  8.489974  4.075351  0.678950  0.089956
12.01  8.489982  4.075351  0.678960  0.089175
12.02  8.489982  4.075351  0.678980  0.088395
12.03  8.489990  4.075351  0.678990  0.087616
12.04  8.489990  4.075338  0.679000  0.086838
12.05  8.489998  4.075338  0.679010  0.086060
12.06  8.489998  4.075338  0.679020  0.085284
12.07  8.490006  4.075338  0.679040  0.084508
12.08  8.490006  4.075338  0.679050  0.083733
12.09  8.490014  4.075325  0.679060  0.082959
12.10  8.490014  4.075325  0.679070  0.082186
12.11  8.490022  4.075325  0.679080  0.081414
12.12  8.490022  4.075325  0.679100  0.080643
12.13  8.490030  4.075325  0.679110  0.079872
12.14  8.490030  4.075311  0.679120  0.079103
12.15  8.490038  4.075311  0.679130  0.078334
12.16  8.490038  4.075311  0.679140  0.077566
12.17  8.490046  4.075311  0.679160  0.076799
12.18  8.490055  4.075311  0.679170  0.076033
12.19  8.490055  4.075298  0.679180  0.075268
12.20  8.490063  4.075298  0.679190  0.074503
12.21  8.490063  4.075298  0.679200  0.073739
12.22  8.490071  4.075298  0.679210  0.072977
12.23  8.490071  4.075298  0.679230  0.072215
12.24  8.490079  4.075285  0.679240  0.071453
12.25  8.490079  4.075285  0.679250  0.070693
12.26  8.490087  4.075285  0.679260  0.069934
12.27  8.490087  4.075285  0.679270  0.069175
12.28  8.490095  4.075285  0.679280  0.068417
12.29  8.490095  4.075272  0.679300  0.067660
12.30  8.490103  4.075272  0.679310  0.066904
12.31  8.490103  4.075272  0.679320  0.066149
12.32  8.490111  4.075272  0.679330  0.065394
12.33  8.490111  4.075272  0.679340  0.064641
12.34  8.490119  4.075258  0.679360  0.063888
12.35  8.490119  4.075258  0.679370  0.063136
12.36  8.490127  4.075258  0.679380  0.062385
12.37  8.490127  4.075258  0.679390  0.061634
12.38  8.490127  4.075258  0.679400  0.060885
12.39  8.490135  4.075245  0.679410  0.060136
12.40  8.490135  4.075245  0.679430  0.059388
12.41  8.490143  4.075245  0.679440  0.058641
12.42  8.490143  4.075245  0.679450  0.057894
12.43  8.490152  4.075245  0.679460  0.057149
12.44  8.490152  4.075232  0.679470  0.056404
12.45  8.490160  4.075232  0.679480  0.055660
12.46  8.490160  4.075232  0.679490  0.054917
12.47  8.490168  4.075232  0.679510  0.054175
12.48  8.490168  4.075232  0.679520  0.053433
12.49  8.490176  4.075219  0.679530  0.052693
12.50  8.490176  4.075219  0.679540  0.051953
12.51  8.490184  4.075219  0.679550  0.051214
12.52  8.490184  4.075219  0.679560  0.050475
12.53  8.490192  4.075205  0.679580  0.049738
12.54  8.490192  4.075205  0.679590  0.049001
12.55  8.490200  4.075205  0.679600  0.048265
12.56  8.490200  4.075205  0.679610  0.047530
12.57  8.490208  4.075205  0.679620  0.046796
12.58  8.490208  4.075205  0.679630  0.046062
12.59  8.490216  4.075192  0.679640  0.045329
12.60  8.490216  4.075192  0.679660  0.044597
12.61  8.490224  4.075192  0.679670  0.043866
12.62  8.490224  4.075192  0.679680  0.043136
12.63  8.490232  4.075192  0.679690  0.042406
12.64  8.490232  4.075179  0.679700  0.041677
12.65  8.490240  4.075179  0.679710  0.040949
12.66  8.490240  4.075179  0.679720  0.040222
12.67  8.490248  4.075179  0.679740  0.039495
12.68  8.490248  4.075179  0.679750  0.038769
12.69  8.490257  4.075166  0.679760  0.038044
12.70  8.490257  4.075166  0.679770  0.037320
12.71  8.490265  4.075166  0.679780  0.036597
12.72  8.490265  4.075166  0.679790  0.035874
12.73  8.490273  4.075166  0.679800  0.035152
12.74  8.490273  4.075152  0.679820  0.034431
12.75  8.490281  4.075152  0.679830  0.033710
12.76  8.490281  4.075152  0.679840  0.032991
12.77  8.490289  4.075152  0.679850  0.032272
12.78  8.490289  4.075152  0.679860  0.031553
12.79  8.490297  4.075139  0.679870  0.030836
12.80  8.490297  4.075139  0.679880  0.030119
12.81  8.490297  4.075139  0.679900  0.029403
12.82  8.490305  4.075139  0.679910  0.028688
12.83  8.490305  4.075139  0.679920  0.027974
12.84  8.490313  4.075126  0.679930  0.027260
12.85  8.490313  4.075126  0.679940  0.026547
12.86  8.490321  4.075126  0.679950  0.025835
12.87  8.490321  4.075126  0.679960  0.025124
12.88  8.490329  4.075126  0.679970  0.024413
12.89  8.490329  4.075113  0.679990  0.023703
12.90  8.490337  4.075113  0.680000  0.022994
12.91  8.490337  4.075113  0.680010  0.022285
12.92  8.490345  4.075113  0.680020  0.021578
12.93  8.490345  4.075113  0.680030  0.020871
12.94  8.490353  4.075099  0.680040  0.020164
12.95  8.490353  4.075099  0.680050  0.019459
12.96  8.490362  4.075099  0.680060  0.018754
12.97  8.490362  4.075099  0.680080  0.018050
12.98  8.490370  4.075099  0.680090  0.017346
12.99  8.490370  4.075086  0.680100  0.016644
13.00  8.490378  4.075086  0.680110  0.015942
13.01  8.490378  4.075086  0.680120  0.015241
13.02  8.490378  4.075086  0.680130  0.014540
13.03  8.490386  4.075086  0.680140  0.013841
13.04  8.490386  4.075073  0.680150  0.013142
13.05  8.490394  4.075073  0.680170  0.012443
13.06  8.490394  4.075073  0.680180  0.011746
13.07  8.490402  4.075073  0.680190  0.011049
13.08  8.490402  4.075073  0.680200  0.010353
13.09  8.490410  4.075073  0.680210  0.009657
13.10  8.490410  4.075060  0.680220  0.008963
13.11  8.490418  4.075060  0.680230  0.008269
13.12  8.490418  4.075060  0.680240  0.007575
13.13  8.490426  4.075060  0.680250  0.006883
13.14  8.490426  4.075060  0.680270  0.006191
13.15  8.490434  4.075046  0.680280  0.005500
13.16  8.490434  4.075046  0.680290  0.004809
13.17  8.490442  4.075046  0.680300  0.004120
13.18  8.490442  4.075046  0.680310  0.003430
13.19  8.490442  4.075046  0.680320  0.002742
13.20  8.490450  4.075033  0.680330  0.002054
13.21  8.490450  4.075033  0.680340  0.001368
13.22  8.490458  4.075033  0.680350  0.000681
13.23  8.490458  4.075033  0.680370 -1.000000
13.24  8.490466  4.075033  0.680380 -1.000000
13.25  8.490466  4.075020  0.680390 -1.000000
13.26  8.490475  4.075020  0.680400 -1.000000
13.27  8.490475  4.075020  0.680410 -1.000000
13.28  8.490483  4.075020  0.680420 -1.000000
13.29  8.490483  4.075020  0.680430 -1.000000
13.30  8.490491  4.075020  0.680440 -1.000000
13.31  8.490491  4.075007  0.680450 -1.000000
13.32  8.490499  4.075007  0.680460 -1.000000
13.33  8.490499  4.075007  0.680480 -1.000000
13.34  8.490499  4.075007  0.680490 -1.000000
13.35  8.490507  4.075007  0.680500 -1.000000
13.36  8.490507  4.074993  0.680510 -1.000000
13.37  8.490515  4.074993  0.680520 -1.000000
13.38  8.490515  4.074993  0.680530 -1.000000
13.39  8.490523  4.074993  0.680540 -1.000000
13.40  8.490523  4.074993  0.680550 -1.000000
13.41  8.490531  4.074980  0.680560 -1.000000
13.42  8.490531  4.074980  0.680570 -1.000000
13.43  8.490539  4.074980  0.680590 -1.000000
13.44  8.490539  4.074980  0.680600 -1.000000
13.45  8.490547  4.074980  0.680610 -1.000000
13.46  8.490547  4.074967  0.680620 -1.000000
13.47  8.490547  4.074967  0.680630 -1.000000
13.48  8.490555  4.074967  0.680640 -1.000000
13.49  8.490555  4.074967  0.680650 -1.000000
13.50  8.490563  4.074967  0.680660 -1.000000
13.51  8.490563  4.074967  0.680670 -1.000000
13.52  8.490571  4.074954  0.680680 -1.000000
13.53  8.490571  4.074954  0.680690 -1.000000
13.54  8.490579  4.074954  0.680700 -1.000000
13.55  8.490579  4.074954  0.680720 -1.000000
13.56  8.490588  4.074954  0.680730 -1.000000
13.57  8.490588  4.074940  0.680740 -1.000000
13.58  8.490588  4.074940  0.680750 -1.000000
13.59  8.490596  4.074940  0.680760 -1.000000
13.60  8.490596  4.074940  0.680770 -1.000000
13.61  8.490604  4.074940  0.680780 -1.000000
13.62  8.490604  4.074940  0.680790 -1.000000
13.63  8.490612  4.074927  0.680800 -1.000000
13.64  8.490612  4.074927  0.680810 -1.000000
13.65  8.490620  4.074927  0.680820 -1.000000
13.66  8.490620  4.074927  0.680830 -1.000000
13.67  8.490628  4.074927  0.680850 -1.000000
13.68  8.490628  4.074914  0.680860 -1.000000
13.69  8.490628  4.074914  0.680870 -1.000000
13.70  8.490636  4.074914  0.680880 -1.000000
13.71  8.490636  4.074914  0.680890 -1.000000
13.72  8.490644  4.074914  0.680900 -1.000000
13.73  8.490644  4.074901  0.680910 -1.000000
13.74  8.490652  4.074901  0.680920 -1.000000
13.75  8.490652  4.074901  0.680930 -1.000000
13.76  8.490660  4.074901  0.680940 -1.000000
13.77  8.490660  4.074901  0.680950 -1.000000
13.78  8.490668  4.074901  0.680960 -1.000000
13.79  8.490668  4.074887  0.680970 -1.000000
13.80  8.490668  4.074887  0.680980 -1.000000
13.81  8.490676  4.074887  0.681000 -1.000000
13.82  8.490676  4.074887  0.681010 -1.000000
13.83  8.490684  4.074887  0.681020 -1.000000
13.84  8.490684  4.074874  0.681030 -1.000000
13.85  8.490692  4.074874  0.681040 -1.000000
13.86  8.490692  4.074874  0.681050 -1.000000
13.87  8.490700  4.074874  0.681060 -1.000000
13.88  8.490700  4.074874  0.681070 -1.000000
13.89  8.490700  4.074874  0.681080 -1.000000
13.90  8.490709  4.074861  0.681090 -1.000000
13.91  8.490709  4.074861  0.681100 -1.000000
13.92  8.490717  4.074861  0.681110 -1.000000
13.93  8.490717  4.074861  0.681120 -1.000000
13.94  8.490725  4.074861  0.681130 -1.000000
13.95  8.490725  4.074848  0.681140 -1.000000
13.96  8.490733  4.074848  0.681150 -1.000000
13.97  8.490733  4.074848  0.681170 -1.000000
13.98  8.490733  4.074848  0.681180 -1.000000
13.99  8.490741  4.074848  0.681190 -1.000000
14.00  8.490741  4.074848  0.681200 -1.000000
14.01  8.490749  4.074834  0.681210 -1.000000
14.02  8.490749  4.074834  0.681220 -1.000000
14.03  8.490757  4.074834  0.681230 -1.000000
14.04  8.490757  4.074834  0.681240 -1.000000
14.05  8.490765  4.074834  0.681250 -1.000000
14.06  8.490765  4.074821  0.681260 -1.000000
14.07  8.490765  4.074821  0.681270 -1.000000
14.08  8.490773  4.074821  0.681280 -1.000000
14.09  8.490773  4.074821  0.681290 -1.000000
14.10  8.490781  4.074821  0.681300 -1.000000
14.11  8.490781  4.074821  0.681310 -1.000000
14.12  8.490789  4.074808  0.681320 -1.000000
14.13  8.490789  4.074808  0.681330 -1.000000
14.14  8.490797  4.074808  0.681340 -1.000000
14.15  8.490797  4.074808  0.681350 -1.000000
14.16  8.490797  4.074808  0.681370 -1.000000
14.17  8.490805  4.074808  0.681380 -1.000000
14.18  8.490805  4.074795  0.681390 -1.000000
14.19  8.490813  4.074795  0.681400 -1.000000
14.20  8.490813  4.074795  0.681410 -1.000000
14.21  8.490821  4.074795  0.681420 -1.000000
14.22  8.490821  4.074795  0.681430 -1.000000
14.23  8.490821  4.074781  0.681440 -1.000000
14.24  8.490830  4.074781  0.681450 -1.000000
14.25  8.490830  4.074781  0.681460 -1.000000
14.26  8.490838  4.074781  0.681470 -1.000000
14.27  8.490838  4.074781  0.681480 -1.000000
14.28  8.490846  4.074781  0.681490 -1.000000
14.29  8.490846  4.074768  0.681500 -1.000000
14.30  8.490846  4.074768  0.681510 -1.000000
14.31  8.490854  4.074768  0.681520 -1.000000
14.32  8.490854  4.074768  0.681530 -1.000000
14.33  8.490905  4.074811  0.681540 -1.000000
14.34  8.490905  4.074811  0.681550 -1.000000
14.35  8.490913  4.074798  0.681560 -1.000000
14.36  8.490913  4.074798  0.681570 -1.000000
14.37  8.490921  4.074798  0.681580 -1.000000
14.38  8.490921  4.074798  0.681590 -1.000000
14.39  8.490921  4.074798  0.681600 -1.000000
14.40  8.490929  4.074785  0.681610 -1.000000
14.41  8.490929  4.074785  0.681620 -1.000000
14.42  8.490937  4.074785  0.681640 -1.000000
14.43  8.490937  4.074785  0.681650 -1.000000
14.44  8.490946  4.074785  0.681660 -1.000000
14.45  8.490946  4.074785  0.681670 -1.000000
14.46  8.490946  4.074772  0.681680 -1.000000
14.47  8.490954  4.074772  0.681690 -1.000000
14.48  8.490954  4.074772  0.681700 -1.000000
14.49  8.490962  4.074772  0.681710 -1.000000
14.50  8.490962  4.074772  0.681720 -1.000000
14.51  8.490970  4.074772  0.681730 -1.000000
14.52  8.490970  4.074758  0.681740 -1.000000
14.53  8.490970  4.074758  0.681750 -1.000000
14.54  8.490978  4.074758  0.681760 -1.000000
14.55  8.490978  4.074758  0.681770 -1.000000
14.56  8.490986  4.074758  0.681780 -1.000000
14.57  8.490986  4.074758  0.681790 -1.000000
14.58  8.490994  4.074745  0.681800 -1.000000
14.59  8.490994  4.074745  0.681810 -1.000000
14.60  8.490994  4.074745  0.681820 -1.000000
14.61  8.491002  4.074745  0.681830 -1.000000
14.62  8.491002  4.074745  0.681840 -1.000000
14.63  8.491010  4.074732  0.681850 -1.000000
14.64  8.491010  4.074732  0.681860 -1.000000
14.65  8.491010  4.074732  0.681870 -1.000000
14.66  8.491018  4.074732  0.681880 -1.000000
14.67  8.491018  4.074732  0.681890 -1.000000
14.68  8.491026  4.074732  0.681900 -1.000000
14.69  8.491026  4.074719  0.681910 -1.000000
14.70  8.491034  4.074719  0.681920 -1.000000
14.71  8.491034  4.074719  0.681930 -1.000000
14.72  8.491034  4.074719  0.681940 -1.000000
14.73  8.491042  4.074719  0.681950 -1.000000
14.74  8.491042  4.074719  0.681960 -1.000000
14.75  8.491050  4.074705  0.681970 -1.000000
14.76  8.491050  4.074705  0.681980 -1.000000
14.77  8.491058  4.074705  0.681990 -1.000000
14.78  8.491058  4.074705  0.682000 -1.000000
14.79  8.491058  4.074705  0.682010 -1.000000
14.80  8.491066  4.074705  0.682020 -1.000000
14.81  8.491066  4.074692  0.682030 -1.000000
14.82  8.491075  4.074692  0.682040 -1.000000
14.83  8.491075  4.074692  0.682050 -1.000000
14.84  8.491075  4.074692  0.682060 -1.000000
14.85  8.491083  4.074692  0.682070 -1.000000
14.86  8.491083  4.074692  0.682080 -1.000000
14.87  8.491091  4.074679  0.682090 -1.000000
14.88  8.491091  4.074679  0.682100 -1.000000
14.89  8.491099  4.074679  0.682110 -1.000000
14.90  8.491099  4.074679  0.682120 -1.000000
14.91  8.491099  4.074679  0.682130 -1.000000
14.92  8.491107  4.074679  0.682140 -1.000000
14.93  8.491107  4.074666  0.682150 -1.000000
14.94  8.491115  4.074666  0.682160 -1.000000
14.95  8.491115  4.074666  0.682170 -1.000000
14.96  8.491115  4.074666  0.682180 -1.000000
14.97  8.491123  4.074666  0.682190 -1.000000
14.98  8.491123  4.074666  0.682200 -1.000000
14.99  8.491131  4.074652  0.682210 -1.000000
15.00  8.491131  4.074652  0.682220 -1.000000
