 t       A(O)      A(F)      fg       z
 0.01 -8.000000 -8.000000  0.005000  8.393552
 0.02 -8.000000 -8.000000  0.014765  8.290032
 0.03  6.463331  2.362750  0.024177  8.189313
 0.04  7.006675  2.847901  0.033258  8.091276
 0.05  7.311302  3.134366  0.042030  7.995809
 0.06  7.506961  3.331693  0.050507  7.902805
 0.07  7.647021  3.477129  0.058698  7.812163
 0.08  7.755508  3.590714  0.066616  7.723790
 0.09  7.843702  3.683219  0.074268  7.637596
 0.10  7.917201  3.760349  0.081664  7.553496
 0.11  7.979617  3.826444  0.088812  7.471409
 0.12  8.033884  3.885302  0.095722  7.391260
 0.13  8.081762  3.938177  0.102400  7.312977
 0.14  8.123342  3.985059  0.108850  7.236490
 0.15  8.159989  4.027099  0.115070  7.161734
 0.16  8.193582  4.065830  0.121070  7.088648
 0.17  8.224780  4.101785  0.126870  7.017173
 0.18  8.253876  4.135290  0.132450  6.947253
 0.19  8.280967  4.166483  0.137840  6.878833
 0.20  8.306324  4.195620  0.143030  6.811864
 0.21  8.330214  4.223013  0.148040  6.746296
 0.22  8.353232  4.248063  0.152860  6.682083
 0.23  8.375243  4.270713  0.157520  6.619182
 0.24  8.395951  4.291751  0.162010  6.557548
 0.25  8.415342  4.311594  0.166340  6.497143
 0.26  8.433615  4.330435  0.170520  6.437926
 0.27  8.450868  4.348365  0.174540  6.379862
 0.28  8.467155  4.365441  0.178420  6.322914
 0.29  8.482707  4.381855  0.182160  6.267049
 0.30  8.497472  4.397555  0.185750  6.212234
 0.31  8.511565  4.412635  0.189210  6.158438
 0.32  8.525085  4.427192  0.192530  6.105630
 0.33  8.538002  4.441172  0.195730  6.053783
 0.34  8.550444  4.454715  0.198800  6.002867
 0.35  8.562366  4.467758  0.201740  5.952857
 0.36  8.573897  4.480436  0.204570  5.903728
 0.37  8.585001  4.492708  0.207280  5.855454
 0.38  8.595787  4.504846  0.209880  5.808011
 0.39  8.606354  4.517083  0.212360  5.761378
 0.40  8.616676  4.529180  0.214740  5.715532
 0.41  8.626745  4.540942  0.217010  5.670453
 0.42  8.636560  4.552382  0.219180  5.626119
 0.43  8.646151  4.563517  0.221240  5.582511
 0.44  8.655516  4.574397  0.223210  5.539611
 0.45  8.664681  4.584991  0.225080  5.497400
 0.46  8.673639  4.595310  0.226860  5.455861
 0.47  8.682398  4.605405  0.228550  5.414976
 0.48  8.690981  4.615292  0.230150  5.374729
 0.49  8.699379  4.624940  0.231670  5.335105
 0.50  8.707605  4.634393  0.233100  5.296087
 0.51  8.715671  4.643664  0.234450  5.257662
 0.52  8.723567  4.652719  0.235720  5.219815
 0.53  8.731315  4.661607  0.236920  5.182532
 0.54  8.738910  4.670330  0.238040  5.145800
 0.55  8.746361  4.678865  0.239090  5.109606
 0.56  8.753675  4.687252  0.240060  5.073937
 0.57  8.760851  4.695492  0.240970  5.038782
 0.58  8.767903  4.703563  0.241810  5.004128
 0.59  8.774847  4.711503  0.242590  4.969964
 0.60  8.781640  4.719280  0.243300  4.936279
 0.61  8.788300  4.726935  0.243950  4.903062
 0.62  8.794872  4.734473  0.244540  4.870304
 0.63  8.801355  4.741862  0.245070  4.837993
 0.64  8.807675  4.749143  0.245540  4.806120
 0.65  8.813951  4.756284  0.245960  4.774677
 0.66  8.820077  4.763356  0.246330  4.743653
 0.67  8.826124  4.770324  0.246640  4.713039
 0.68  8.832063  4.777168  0.246910  4.682828
 0.69  8.837932  4.783920  0.247130  4.653010
 0.70  8.843693  4.790576  0.247300  4.623577
 0.71  8.849390  4.797118  0.247420  4.594522
 0.72  8.854988  4.803576  0.247500  4.565837
 0.73  8.860489  4.809926  0.247530  4.537514
 0.74  8.865927  4.816192  0.247530  4.509546
 0.75  8.871274  4.822406  0.247480  4.481926
 0.76  8.876565  4.828495  0.247390  4.454646
 0.77  8.881769  4.834535  0.247270  4.427702
 0.78  8.886883  4.840476  0.247110  4.401084
 0.79  8.891947  4.846348  0.246910  4.374789
 0.80  8.896929  4.852152  0.246680  4.348808
 0.81  8.901831  4.857891  0.246420  4.323137
 0.82  8.906683  4.863539  0.246120  4.297769
 0.83  8.911495  4.869107  0.245790  4.272698
 0.84  8.916196  4.874610  0.245430  4.247919
 0.85  8.920886  4.880012  0.245040  4.223428
 0.86  8.925468  4.885352  0.244620  4.199217
 0.87  8.930011  4.890638  0.244180  4.175282
 0.88  8.934516  4.895828  0.243700  4.151619
 0.89  8.938952  4.900945  0.243200  4.128222
 0.90  8.943321  4.905991  0.242680  4.105086
 0.91  8.947651  4.910964  0.242120  4.082207
 0.92  8.951916  4.915870  0.241550  4.059581
 0.93  8.956148  4.920689  0.240950  4.037202
 0.94  8.960313  4.925461  0.240330  4.015066
 0.95  8.964480  4.930174  0.239690  3.993170
 0.96  8.968582  4.934821  0.239030  3.971509
 0.97  8.972624  4.939428  0.238340  3.950078
 0.98  8.976637  4.943956  0.237640  3.928875
 0.99  8.980616  4.948404  0.236920  3.907896
 1.00  8.984538  4.952815  0.236180  3.887135
 1.01  8.988405  4.957152  0.235430  3.866591
 1.02  8.992245  4.961436  0.234660  3.846259
 1.03  8.996027  4.965663  0.233870  3.826135
 1.04  8.999783  4.969839  0.233060  3.806217
 1.05  9.003488  4.973965  0.232250  3.786501
 1.06  9.007167  4.978042  0.231410  3.766984
 1.07  9.010792  4.982066  0.230570  3.747662
 1.08  9.014393  4.986042  0.229710  3.728532
 1.09  9.017945  4.989973  0.228840  3.709592
 1.10  9.021449  4.993875  0.227950  3.690838
 1.11  9.024927  4.997711  0.227060  3.672267
 1.12  9.028383  5.001520  0.226150  3.653877
 1.13  9.031793  5.005286  0.225240  3.635664
 1.14  9.035158  5.009010  0.224310  3.617627
 1.15  9.038499  5.012704  0.223380  3.599762
 1.16  9.041819  5.016341  0.222430  3.582066
 1.17  9.045097  5.019953  0.221480  3.564538
 1.18  9.048331  5.023543  0.220520  3.547173
 1.19  9.051547  5.027077  0.219550  3.529971
 1.20  9.054740  5.030584  0.218570  3.512929
 1.21  9.057892  5.034054  0.217590  3.496044
 1.22  9.061003  5.037502  0.216600  3.479314
 1.23  9.064117  5.040909  0.215600  3.462736
 1.24  9.067171  5.044284  0.214600  3.446309
 1.25  9.070205  5.047635  0.213590  3.430030
 1.26  9.073223  5.050950  0.212570  3.413897
 1.27  9.076203  5.054231  0.211560  3.397908
 1.28  9.079163  5.057489  0.210530  3.382061
 1.29  9.082086  5.060713  0.209510  3.366354
 1.30  9.084971  5.063903  0.208470  3.350785
 1.31  9.087865  5.067076  0.207440  3.335352
 1.32  9.090700  5.070217  0.206400  3.320053
 1.33  9.093539  5.073321  0.205360  3.304886
 1.34  9.096321  5.076394  0.204320  3.289850
 1.35  9.099111  5.079451  0.203270  3.274942
 1.36  9.101862  5.082473  0.202220  3.260161
 1.37  9.104583  5.085469  0.201170  3.245505
 1.38  9.107288  5.088445  0.200120  3.230972
 1.39  9.109959  5.091392  0.199070  3.216561
 1.40  9.112613  5.094305  0.198010  3.202270
 1.41  9.115260  5.097195  0.196960  3.188098
 1.42  9.117870  5.100051  0.195900  3.174043
 1.43  9.120469  5.102894  0.194850  3.160103
 1.44  9.123031  5.105705  0.193790  3.146277
 1.45  9.125583  5.108489  0.192730  3.132563
 1.46  9.128108  5.111251  0.191680  3.118960
 1.47  9.130613  5.113990  0.190620  3.105466
 1.48  9.133092  5.116695  0.189570  3.092080
 1.49  9.135556  5.119383  0.188510  3.078802
 1.50  9.137990  5.122045  0.187460  3.065628
 1.51  9.140415  5.124683  0.186400  3.052558
 1.52  9.142830  5.127296  0.185350  3.039591
 1.53  9.145211  5.129879  0.184300  3.026725
 1.54  9.147583  5.132452  0.183250  3.013960
 1.55  9.149927  5.134988  0.182210  3.001293
 1.56  9.152256  5.137508  0.181160  2.988723
 1.57  9.154558  5.140005  0.180120  2.976250
 1.58  9.156851  5.142466  0.179080  2.963872
 1.59  9.159135  5.144918  0.178040  2.951588
 1.60  9.161393  5.147360  0.177010  2.939397
 1.61  9.163618  5.149762  0.175970  2.927298
 1.62  9.165854  5.152142  0.174940  2.915289
 1.63  9.168063  5.154513  0.173910  2.903370
 1.64  9.170241  5.156846  0.172890  2.891539
 1.65  9.172412  5.159169  0.171870  2.879796
 1.66  9.174556  5.161472  0.170850  2.868139
 1.67  9.176712  5.163754  0.169840  2.856567
 1.68  9.178823  5.166016  0.168830  2.845080
 1.69  9.180923  5.168252  0.167820  2.833676
 1.70  9.183015  5.170469  0.166820  2.822354
 1.71  9.185096  5.172660  0.165820  2.811114
 1.72  9.187139  5.174838  0.164830  2.799954
 1.73  9.189188  5.176990  0.163840  2.788874
 1.74  9.191213  5.179136  0.162850  2.777872
 1.75  9.193232  5.181251  0.161870  2.766948
 1.76  9.195221  5.183354  0.160890  2.756101
 1.77  9.197204  5.185438  0.159920  2.745330
 1.78  9.199164  5.187492  0.158950  2.734634
 1.79  9.201117  5.189540  0.157990  2.724012
 1.80  9.203060  5.191565  0.157030  2.713464
 1.81  9.204979  5.193571  0.156070  2.702988
 1.82  9.206875  5.195572  0.155120  2.692584
 1.83  9.208784  5.197544  0.154170  2.682252
 1.84  9.210664  5.199505  0.153230  2.671989
 1.85  9.212539  5.201448  0.152290  2.661796
 1.86  9.214392  5.203375  0.151360  2.651671
 1.87  9.216239  5.205296  0.150430  2.641615
 1.88  9.218081  5.207200  0.149500  2.631625
 1.89  9.219913  5.209082  0.148580  2.621703
 1.90  9.221723  5.210948  0.147670  2.611846
 1.91  9.223529  5.212809  0.146750  2.602054
 1.92  9.225329  5.214654  0.145850  2.592326
 1.93  9.227103  5.216477  0.144940  2.582662
 1.94  9.228872  5.218296  0.144050  2.573061
 1.95  9.230636  5.220098  0.143150  2.563523
 1.96  9.232379  5.221885  0.142260  2.554046
 1.97  9.234117  5.223656  0.141380  2.544630
 1.98  9.235847  5.225418  0.140500  2.535275
 1.99  9.237571  5.227175  0.139620  2.525980
 2.00  9.239275  5.228917  0.138750  2.516743
 2.01  9.240975  5.230644  0.137880  2.507566
 2.02  9.242670  5.232366  0.137020  2.498446
 2.03  9.244340  5.234068  0.136160  2.489384
 2.04  9.246022  5.235767  0.135300  2.480378
 2.05  9.247689  5.237455  0.134450  2.471429
 2.06  9.249347  5.239134  0.133610  2.462535
 2.07  9.250996  5.240804  0.132760  2.453696
 2.08  9.252629  5.242465  0.131930  2.444912
 2.09  9.254254  5.244106  0.131090  2.436182
 2.10  9.255896  5.245748  0.130260  2.427506
 2.11  9.257514  5.247382  0.129440  2.418882
 2.12  9.259127  5.249001  0.128620  2.410311
 2.13  9.260721  5.250627  0.127800  2.401792
 2.14  9.262327  5.252229  0.126990  2.393324
 2.15  9.263914  5.253837  0.126180  2.384907
 2.16  9.265508  5.255426  0.125370  2.376540
 2.17  9.267088  5.257027  0.124570  2.368223
 2.18  9.268659  5.258609  0.123770  2.359956
 2.19  9.270232  5.260193  0.122980  2.351738
 2.20  9.271796  5.261758  0.122180  2.343568
 2.21  9.273356  5.263329  0.121400  2.335446
 2.22  9.274914  5.264887  0.120610  2.327371
 2.23  9.276468  5.266452  0.119830  2.319344
 2.24  9.278003  5.268003  0.119050  2.311364
 2.25  9.279550  5.269551  0.118280  2.303429
 2.26  9.281079  5.271096  0.117510  2.295541
 2.27  9.282620  5.272627  0.116740  2.287697
 2.28  9.284137  5.274160  0.115970  2.279899
 2.29  9.285671  5.275685  0.115210  2.272145
 2.30  9.287182  5.277212  0.114460  2.264436
 2.31  9.288694  5.278730  0.113700  2.256770
 2.32  9.290199  5.280241  0.112950  2.249147
 2.33  9.291705  5.281753  0.112210  2.241567
 2.34  9.293203  5.283257  0.111460  2.234030
 2.35  9.294698  5.284758  0.110720  2.226535
 2.36  9.296176  5.286246  0.109990  2.219082
 2.37  9.297665  5.287741  0.109260  2.211670
 2.38  9.299151  5.289223  0.108530  2.204299
 2.39  9.300619  5.290712  0.107800  2.196968
 2.40  9.302084  5.292188  0.107080  2.189678
 2.41  9.303562  5.293661  0.106360  2.182428
 2.42  9.305016  5.295126  0.105650  2.175217
 2.43  9.306473  5.296594  0.104940  2.168045
 2.44  9.307927  5.298058  0.104230  2.160913
 2.45  9.309373  5.299505  0.103530  2.153819
 2.46  9.310821  5.300964  0.102830  2.146763
 2.47  9.312261  5.302406  0.102130  2.139744
 2.48  9.313684  5.303854  0.101440  2.132764
 2.49  9.315124  5.305295  0.100750  2.125820
 2.50  9.316542  5.306728  0.100070  2.118914
 2.51  9.317971  5.308158  0.099386  2.112044
 2.52  9.319383  5.309586  0.098709  2.105210
 2.53  9.320793  5.311002  0.098035  2.098412
 2.54  9.322200  5.312424  0.097364  2.091650
 2.55  9.323605  5.313835  0.096698  2.084923
 2.56  9.325001  5.315246  0.096035  2.078231
 2.57  9.326401  5.316652  0.095376  2.071573
 2.58  9.327783  5.318054  0.094721  2.064950
 2.59  9.329172  5.319440  0.094069  2.058362
 2.60  9.330545  5.320832  0.093422  2.051807
 2.61  9.331920  5.322218  0.092778  2.045285
 2.62  9.333288  5.323597  0.092138  2.038797
 2.63  9.334653  5.324972  0.091502  2.032342
 2.64  9.336016  5.326346  0.090870  2.025920
 2.65  9.337362  5.327707  0.090241  2.019530
 2.66  9.338720  5.329076  0.089617  2.013172
 2.67  9.340062  5.330433  0.088996  2.006846
 2.68  9.341396  5.331782  0.088379  2.000552
 2.69  9.342733  5.333126  0.087766  1.994289
 2.70  9.344063  5.334471  0.087156  1.988058
 2.71  9.345396  5.335810  0.086551  1.981857
 2.72  9.346707  5.337141  0.085949  1.975687
 2.73  9.348030  5.338470  0.085351  1.969547
 2.74  9.349337  5.339788  0.084758  1.963438
 2.75  9.350642  5.341113  0.084167  1.957358
 2.76  9.351945  5.342426  0.083581  1.951308
 2.77  9.353241  5.343724  0.082999  1.945288
 2.78  9.354526  5.345033  0.082420  1.939297
 2.79  9.355804  5.346326  0.081846  1.933334
 2.80  9.357085  5.347623  0.081275  1.927401
 2.81  9.358358  5.348903  0.080708  1.921496
 2.82  9.359630  5.350190  0.080144  1.915619
 2.83  9.360886  5.351466  0.079585  1.909771
 2.84  9.362154  5.352741  0.079029  1.903950
 2.85  9.363407  5.354004  0.078477  1.898157
 2.86  9.364652  5.355261  0.077929  1.892391
 2.87  9.365900  5.356520  0.077384  1.886653
 2.88  9.367142  5.357773  0.076843  1.880941
 2.89  9.368373  5.359028  0.076306  1.875256
 2.90  9.369598  5.360268  0.075773  1.869598
 2.91  9.370821  5.361507  0.075243  1.863966
 2.92  9.372041  5.362735  0.074718  1.858361
 2.93  9.373260  5.363969  0.074195  1.852781
 2.94  9.374472  5.365188  0.073677  1.847228
 2.95  9.375675  5.366402  0.073162  1.841699
 2.96  9.376870  5.367617  0.072650  1.836197
 2.97  9.378069  5.368827  0.072143  1.830719
 2.98  9.379261  5.370031  0.071639  1.825267
 2.99  9.380451  5.371224  0.071138  1.819839
 3.00  9.381627  5.372424  0.070641  1.814436
 3.01  9.382801  5.373614  0.070148  1.809057
 3.02  9.383968  5.374788  0.069658  1.803703
 3.03  9.385139  5.375966  0.069172  1.798373
 3.04  9.386308  5.377143  0.068689  1.793067
 3.05  9.387457  5.378312  0.068210  1.787784
 3.06  9.388605  5.379480  0.067734  1.782525
 3.07  9.389751  5.380638  0.067262  1.777290
 3.08  9.390896  5.381787  0.066793  1.772077
 3.09  9.392039  5.382941  0.066328  1.766888
 3.10  9.393168  5.384087  0.065866  1.761722
 3.11  9.394303  5.385225  0.065407  1.756578
 3.12  9.395429  5.386359  0.064952  1.751457
 3.13  9.396549  5.387486  0.064500  1.746358
 3.14  9.397654  5.388612  0.064052  1.741282
 3.15  9.398770  5.389736  0.063607  1.736228
 3.16  9.399873  5.390851  0.063165  1.731195
 3.17  9.400974  5.391964  0.062727  1.726185
 3.18  9.402073  5.393076  0.062292  1.721196
 3.19  9.403172  5.394178  0.061860  1.716228
 3.20  9.404263  5.395274  0.061431  1.711282
 3.21  9.405341  5.396368  0.061005  1.706357
 3.22  9.406423  5.397458  0.060583  1.701453
 3.23  9.407498  5.398542  0.060164  1.696570
 3.24  9.408572  5.399624  0.059747  1.691707
 3.25  9.409644  5.400705  0.059334  1.686866
 3.26  9.410703  5.401777  0.058924  1.682044
 3.27  9.411768  5.402841  0.058517  1.677243
 3.28  9.412824  5.403910  0.058113  1.672462
 3.29  9.413874  5.404965  0.057712  1.667701
 3.30  9.414928  5.406024  0.057314  1.662960
 3.31  9.415963  5.407076  0.056919  1.658239
 3.32  9.417009  5.408126  0.056527  1.653537
 3.33  9.418042  5.409168  0.056138  1.648855
 3.34  9.419073  5.410208  0.055752  1.644192
 3.35  9.420104  5.411248  0.055369  1.639548
 3.36  9.421133  5.412286  0.054988  1.634923
 3.37  9.422161  5.413315  0.054611  1.630318
 3.38  9.423183  5.414337  0.054236  1.625731
 3.39  9.424197  5.415364  0.053864  1.621163
 3.40  9.425204  5.416377  0.053494  1.616613
 3.41  9.426210  5.417396  0.053128  1.612082
 3.42  9.427215  5.418406  0.052764  1.607569
 3.43  9.428219  5.419415  0.052403  1.603074
 3.44  9.429221  5.420416  0.052044  1.598598
 3.45  9.430223  5.421423  0.051688  1.594139
 3.46  9.431212  5.422421  0.051335  1.589698
 3.47  9.432200  5.423418  0.050985  1.585275
 3.48  9.433187  5.424406  0.050637  1.580870
 3.49  9.434167  5.425396  0.050291  1.576482
 3.50  9.435151  5.426382  0.049949  1.572111
 3.51  9.436129  5.427362  0.049608  1.567758
 3.52  9.437107  5.428341  0.049271  1.563422
 3.53  9.438071  5.429311  0.048936  1.559103
 3.54  9.439034  5.430280  0.048603  1.554800
 3.55  9.440008  5.431249  0.048273  1.550515
 3.56  9.440970  5.432216  0.047945  1.546246
 3.57  9.441930  5.433175  0.047620  1.541994
 3.58  9.442878  5.434140  0.047297  1.537759
 3.59  9.443831  5.435091  0.046977  1.533539
 3.60  9.444777  5.436047  0.046659  1.529336
 3.61  9.445728  5.436989  0.046344  1.525150
 3.62  9.446672  5.437936  0.046030  1.520979
 3.63  9.447610  5.438876  0.045720  1.516824
 3.64  9.448547  5.439815  0.045411  1.512685
 3.65  9.449483  5.440753  0.045105  1.508562
 3.66  9.450406  5.441683  0.044801  1.504455
 3.67  9.451340  5.442612  0.044500  1.500363
 3.68  9.452262  5.443541  0.044201  1.496287
 3.69  9.453183  5.444468  0.043904  1.492226
 3.70  9.454097  5.445381  0.043609  1.488180
 3.71  9.455016  5.446307  0.043316  1.484150
 3.72  9.455929  5.447212  0.043026  1.480135
 3.73  9.456847  5.448128  0.042738  1.476134
 3.74  9.457746  5.449038  0.042452  1.472149
 3.75  9.458656  5.449940  0.042168  1.468178
 3.76  9.459555  5.450842  0.041887  1.464222
 3.77  9.460452  5.451735  0.041608  1.460281
 3.78  9.461348  5.452634  0.041330  1.456354
 3.79  9.462233  5.453526  0.041055  1.452442
 3.80  9.463122  5.454411  0.040782  1.448544
 3.81  9.464005  5.455301  0.040511  1.444661
 3.82  9.464892  5.456177  0.040242  1.440791
 3.83  9.465774  5.457058  0.039975  1.436936
 3.84  9.466649  5.457933  0.039711  1.433095
 3.85  9.467523  5.458807  0.039448  1.429267
 3.86  9.468396  5.459681  0.039187  1.425454
 3.87  9.469258  5.460546  0.038928  1.421654
 3.88  9.470130  5.461411  0.038671  1.417868
 3.89  9.470990  5.462275  0.038416  1.414096
 3.90  9.471860  5.463138  0.038163  1.410337
 3.91  9.472719  5.463993  0.037912  1.406592
 3.92  9.473571  5.464842  0.037663  1.402860
 3.93  9.474428  5.465696  0.037416  1.399141
 3.94  9.475268  5.466544  0.037170  1.395435
 3.95  9.476124  5.467396  0.036927  1.391743
 3.96  9.476974  5.468236  0.036685  1.388064
 3.97  9.477811  5.469074  0.036445  1.384397
 3.98  9.478648  5.469912  0.036207  1.380744
 3.99  9.479485  5.470749  0.035970  1.377103
 4.00  9.480321  5.471586  0.035736  1.373475
 4.01  9.481156  5.472414  0.035503  1.369860
 4.02  9.481990  5.473243  0.035272  1.366257
 4.03  9.482819  5.474064  0.035043  1.362667
 4.04  9.483641  5.474891  0.034815  1.359090
 4.05  9.484473  5.475711  0.034589  1.355524
 4.06  9.485289  5.476530  0.034365  1.351972
 4.07  9.486109  5.477349  0.034143  1.348431
 4.08  9.486923  5.478160  0.033922  1.344902
 4.09  9.487737  5.478971  0.033703  1.341386
 4.10  9.488550  5.479775  0.033485  1.337882
 4.11  9.489362  5.480585  0.033269  1.334389
 4.12  9.490163  5.481387  0.033055  1.330909
 4.13  9.490974  5.482189  0.032843  1.327440
 4.14  9.491773  5.482983  0.032632  1.323983
 4.15  9.492573  5.483784  0.032422  1.320538
 4.16  9.493371  5.484577  0.032214  1.317104
 4.17  9.494163  5.485364  0.032008  1.313682
 4.18  9.494961  5.486156  0.031803  1.310272
 4.19  9.495752  5.486941  0.031600  1.306873
 4.20  9.496548  5.487732  0.031398  1.303485
 4.21  9.497327  5.488510  0.031198  1.300109
 4.22  9.498117  5.489294  0.030999  1.296744
 4.23  9.498895  5.490064  0.030802  1.293390
 4.24  9.499673  5.490840  0.030606  1.290047
 4.25  9.500450  5.491616  0.030412  1.286715
 4.26  9.501226  5.492384  0.030219  1.283394
 4.27  9.502002  5.493158  0.030028  1.280085
 4.28  9.502778  5.493926  0.029838  1.276786
 4.29  9.503536  5.494680  0.029649  1.273498
 4.30  9.504311  5.495446  0.029462  1.270220
 4.31  9.505074  5.496212  0.029276  1.266954
 4.32  9.505831  5.496964  0.029092  1.263698
 4.33  9.506598  5.497716  0.028909  1.260452
 4.34  9.507360  5.498474  0.028727  1.257217
 4.35  9.508105  5.499225  0.028547  1.253993
 4.36  9.508861  5.499969  0.028368  1.250779
 4.37  9.509615  5.500712  0.028190  1.247575
 4.38  9.510369  5.501455  0.028014  1.244382
 4.39  9.511112  5.502198  0.027839  1.241199
 4.40  9.511855  5.502940  0.027666  1.238026
 4.41  9.512608  5.503681  0.027493  1.234863
 4.42  9.513344  5.504410  0.027322  1.231711
 4.43  9.514085  5.505151  0.027152  1.228568
 4.44  9.514826  5.505884  0.026983  1.225435
 4.45  9.515560  5.506612  0.026816  1.222312
 4.46  9.516300  5.507344  0.026650  1.219200
 4.47  9.517024  5.508070  0.026485  1.216097
 4.48  9.517757  5.508790  0.026321  1.213003
 4.49  9.518485  5.509514  0.026158  1.209920
 4.50  9.519217  5.510240  0.025997  1.206846
 4.51  9.519939  5.510957  0.025837  1.203781
 4.52  9.520660  5.511668  0.025677  1.200727
 4.53  9.521381  5.512386  0.025520  1.197682
 4.54  9.522101  5.513102  0.025363  1.194646
 4.55  9.522821  5.513812  0.025207  1.191619
 4.56  9.523534  5.514515  0.025053  1.188602
 4.57  9.524243  5.515224  0.024900  1.185595
 4.58  9.524955  5.515920  0.024748  1.182596
 4.59  9.525663  5.516628  0.024597  1.179607
 4.60  9.526365  5.517324  0.024447  1.176627
 4.61  9.527066  5.518019  0.024298  1.173656
 4.62  9.527773  5.518712  0.024151  1.170695
 4.63  9.528473  5.519407  0.024004  1.167742
 4.64  9.529163  5.520094  0.023859  1.164798
 4.65  9.529857  5.520775  0.023714  1.161863
 4.66  9.530546  5.521461  0.023571  1.158937
 4.67  9.531235  5.522141  0.023429  1.156020
 4.68  9.531917  5.522814  0.023288  1.153112
 4.69  9.532605  5.523493  0.023148  1.150212
 4.70  9.533287  5.524165  0.023009  1.147322
 4.71  9.533958  5.524831  0.022871  1.144439
 4.72  9.534645  5.525509  0.022734  1.141566
 4.73  9.535316  5.526168  0.022599  1.138701
 4.74  9.535980  5.526826  0.022464  1.135845
 4.75  9.536650  5.527484  0.022330  1.132997
 4.76  9.537310  5.528148  0.022197  1.130157
 4.77  9.537979  5.528799  0.022066  1.127326
 4.78  9.538632  5.529450  0.021935  1.124504
 4.79  9.539284  5.530095  0.021805  1.121689
 4.80  9.539936  5.530739  0.021677  1.118883
 4.81  9.540594  5.531388  0.021549  1.116086
 4.82  9.541246  5.532025  0.021422  1.113296
 4.83  9.541881  5.532656  0.021297  1.110515
 4.84  9.542532  5.533292  0.021172  1.107741
 4.85  9.543173  5.533928  0.021048  1.104976
 4.86  9.543807  5.534552  0.020925  1.102219
 4.87  9.544438  5.535181  0.020803  1.099470
 4.88  9.545071  5.535803  0.020682  1.096729
 4.89  9.545695  5.536420  0.020562  1.093995
 4.90  9.546328  5.537036  0.020443  1.091270
 4.91  9.546951  5.537651  0.020325  1.088553
 4.92  9.547574  5.538260  0.020207  1.085843
 4.93  9.548181  5.538863  0.020091  1.083141
 4.94  9.548803  5.539471  0.019975  1.080447
 4.95  9.549409  5.540074  0.019861  1.077760
 4.96  9.550015  5.540669  0.019747  1.075082
 4.97  9.550620  5.541265  0.019634  1.072410
 4.98  9.551226  5.541860  0.019522  1.069747
 4.99  9.551831  5.542448  0.019411  1.067091
 5.00  9.552426  5.543037  0.019300  1.064442
 5.01  9.553020  5.543625  0.019191  1.061801
 5.02  9.553609  5.544200  0.019082  1.059168
 5.03  9.554197  5.544776  0.018975  1.056542
 5.04  9.554791  5.545357  0.018868  1.053923
 5.05  9.555369  5.545932  0.018762  1.051311
 5.06  9.555947  5.546500  0.018656  1.048707
 5.07  9.556518  5.547062  0.018552  1.046110
 5.08  9.557095  5.547624  0.018448  1.043521
 5.09  9.557672  5.548185  0.018345  1.040938
 5.10  9.558233  5.548741  0.018243  1.038363
 5.11  9.558804  5.549296  0.018142  1.035795
 5.12  9.559365  5.549844  0.018041  1.033234
 5.13  9.559925  5.550393  0.017942  1.030680
 5.14  9.560476  5.550941  0.017843  1.028133
 5.15  9.561036  5.551483  0.017745  1.025593
 5.16  9.561580  5.552018  0.017647  1.023060
 5.17  9.562130  5.552559  0.017551  1.020534
 5.18  9.562673  5.553088  0.017455  1.018015
 5.19  9.563217  5.553617  0.017359  1.015503
 5.20  9.563760  5.554146  0.017265  1.012997
 5.21  9.564293  5.554674  0.017171  1.010499
 5.22  9.564827  5.555196  0.017078  1.008007
 5.23  9.565360  5.555718  0.016986  1.005522
 5.24  9.565886  5.556227  0.016895  1.003043
 5.25  9.566419  5.556743  0.016804  1.000572
 5.26  9.566936  5.557252  0.016714  0.998107
 5.27  9.567453  5.557761  0.016624  0.995648
 5.28  9.567969  5.558263  0.016535  0.993197
 5.29  9.568486  5.558766  0.016447  0.990751
 5.30  9.568996  5.559256  0.016360  0.988313
 5.31  9.569502  5.559758  0.016273  0.985881
 5.32  9.570002  5.560248  0.016187  0.983455
 5.33  9.570508  5.560738  0.016102  0.981036
 5.34  9.571008  5.561227  0.016017  0.978623
 5.35  9.571508  5.561710  0.015933  0.976216
 5.36  9.571998  5.562187  0.015850  0.973816
 5.37  9.572491  5.562664  0.015767  0.971422
 5.38  9.572981  5.563141  0.015685  0.969035
 5.39  9.573465  5.563611  0.015603  0.966654
 5.40  9.573945  5.564081  0.015522  0.964279
 5.41  9.574428  5.564545  0.015442  0.961910
 5.42  9.574901  5.565009  0.015362  0.959548
 5.43  9.575375  5.565473  0.015283  0.957191
 5.44  9.575848  5.565931  0.015205  0.954841
 5.45  9.576315  5.566382  0.015127  0.952497
 5.46  9.576788  5.566834  0.015050  0.950159
 5.47  9.577246  5.567285  0.014973  0.947827
 5.48  9.577718  5.567736  0.014897  0.945501
 5.49  9.578175  5.568181  0.014821  0.943181
 5.50  9.578632  5.568625  0.014746  0.940867
 5.51  9.579089  5.569070  0.014672  0.938559
 5.52  9.579546  5.569508  0.014598  0.936257
 5.53  9.579993  5.569947  0.014525  0.933961
 5.54  9.580443  5.570379  0.014452  0.931671
 5.55  9.580890  5.570817  0.014380  0.929386
 5.56  9.581346  5.571249  0.014308  0.927107
 5.57  9.581787  5.571674  0.014237  0.924835
 5.58  9.582227  5.572100  0.014166  0.922567
 5.59  9.582668  5.572525  0.014096  0.920306
 5.60  9.583105  5.572957  0.014026  0.918051
 5.61  9.583545  5.573376  0.013957  0.915801
 5.62  9.583976  5.573802  0.013888  0.913556
 5.63  9.584409  5.574214  0.013820  0.911318
 5.64  9.584840  5.574633  0.013752  0.909085
 5.65  9.585270  5.575046  0.013685  0.906857
 5.66  9.585700  5.575465  0.013618  0.904636
 5.67  9.586124  5.575872  0.013552  0.902419
 5.68  9.586548  5.576278  0.013486  0.900209
 5.69  9.586969  5.576691  0.013420  0.898003
 5.70  9.587392  5.577097  0.013356  0.895804
 5.71  9.587806  5.577497  0.013291  0.893609
 5.72  9.588230  5.577897  0.013227  0.891420
 5.73  9.588644  5.578297  0.013164  0.889237
 5.74  9.589058  5.578697  0.013101  0.887059
 5.75  9.589472  5.579097  0.013038  0.884886
 5.76  9.589870  5.579491  0.012976  0.882719
 5.77  9.590284  5.579885  0.012914  0.880557
 5.78  9.590697  5.580278  0.012853  0.878400
 5.79  9.591095  5.580666  0.012792  0.876249
 5.80  9.591502  5.581053  0.012731  0.874103
 5.81  9.591906  5.581441  0.012671  0.871962
 5.82  9.592304  5.581828  0.012612  0.869826
 5.83  9.592702  5.582209  0.012552  0.867695
 5.84  9.593099  5.582590  0.012493  0.865570
 5.85  9.593488  5.582971  0.012435  0.863450
 5.86  9.593879  5.583346  0.012377  0.861334
 5.87  9.594276  5.583721  0.012319  0.859224
 5.88  9.594664  5.584101  0.012262  0.857119
 5.89  9.595046  5.584470  0.012205  0.855020
 5.90  9.595443  5.584845  0.012149  0.852925
 5.91  9.595824  5.585207  0.012093  0.850835
 5.92  9.596197  5.585576  0.012037  0.848750
 5.93  9.596584  5.585944  0.011982  0.846670
 5.94  9.596966  5.586312  0.011927  0.844595
 5.95  9.597347  5.586675  0.011873  0.842525
 5.96  9.597719  5.587037  0.011818  0.840460
 5.97  9.598100  5.587393  0.011765  0.838400
 5.98  9.598466  5.587749  0.011711  0.836345
 5.99  9.598838  5.588105  0.011658  0.834295
 6.00  9.599209  5.588461  0.011606  0.832249
 6.01  9.599575  5.588811  0.011553  0.830208
 6.02  9.599940  5.589161  0.011501  0.828172
 6.03  9.600303  5.589516  0.011450  0.826141
 6.04  9.600668  5.589860  0.011398  0.824115
 6.05  9.601033  5.590210  0.011347  0.822093
 6.06  9.601389  5.590553  0.011297  0.820076
 6.07  9.601745  5.590897  0.011247  0.818064
 6.08  9.602101  5.591240  0.011197  0.816056
 6.09  9.602456  5.591578  0.011147  0.814053
 6.10  9.602812  5.591921  0.011098  0.812055
 6.11  9.603161  5.592252  0.011049  0.810062
 6.12  9.603517  5.592590  0.011000  0.808073
 6.13  9.603857  5.592921  0.010952  0.806088
 6.14  9.604213  5.593252  0.010904  0.804108
 6.15  9.604553  5.593583  0.010857  0.802133
 6.16  9.604893  5.593909  0.010809  0.800162
 6.17  9.605233  5.594234  0.010762  0.798196
 6.18  9.605572  5.594559  0.010716  0.796234
 6.19  9.605912  5.594884  0.010669  0.794277
 6.20  9.606252  5.595203  0.010623  0.792324
 6.21  9.606583  5.595528  0.010578  0.790376
 6.22  9.606916  5.595840  0.010532  0.788432
 6.23  9.607247  5.596159  0.010487  0.786493
 6.24  9.607580  5.596472  0.010442  0.784557
 6.25  9.607910  5.596785  0.010398  0.782627
 6.26  9.608235  5.597097  0.010353  0.780700
 6.27  9.608559  5.597404  0.010309  0.778778
 6.28  9.608883  5.597717  0.010266  0.776861
 6.29  9.609198  5.598017  0.010222  0.774947
 6.30  9.609522  5.598324  0.010179  0.773038
 6.31  9.609836  5.598630  0.010136  0.771134
 6.32  9.610160  5.598931  0.010094  0.769233
 6.33  9.610469  5.599225  0.010052  0.767337
 6.34  9.610783  5.599532  0.010010  0.765445
 6.35  9.611092  5.599820  0.009968  0.763557
 6.36  9.611407  5.600121  0.009926  0.761673
 6.37  9.611715  5.600415  0.009885  0.759794
 6.38  9.612014  5.600703  0.009845  0.757918
 6.39  9.612322  5.600992  0.009804  0.756047
 6.40  9.612622  5.601280  0.009763  0.754180
 6.41  9.612930  5.601568  0.009723  0.752317
 6.42  9.613229  5.601857  0.009683  0.750459
 6.43  9.613528  5.602145  0.009644  0.748604
 6.44  9.613827  5.602427  0.009605  0.746753
 6.45  9.614120  5.602703  0.009565  0.744907
 6.46  9.614419  5.602986  0.009527  0.743064
 6.47  9.614711  5.603262  0.009488  0.741226
 6.48  9.614995  5.603537  0.009450  0.739391
 6.49  9.615294  5.603814  0.009412  0.737560
 6.50  9.615577  5.604090  0.009374  0.735734
 6.51  9.615861  5.604360  0.009336  0.733911
 6.52  9.616144  5.604630  0.009299  0.732093
 6.53  9.616428  5.604900  0.009262  0.730278
 6.54  9.616711  5.605164  0.009225  0.728467
 6.55  9.616988  5.605428  0.009188  0.726660
 6.56  9.617271  5.605692  0.009152  0.724857
 6.57  9.617555  5.605962  0.009115  0.723058
 6.58  9.617823  5.606214  0.009080  0.721263
 6.59  9.618091  5.606472  0.009044  0.719472
 6.60  9.618374  5.606736  0.009008  0.717684
 6.61  9.618642  5.606994  0.008973  0.715900
 6.62  9.618910  5.607246  0.008938  0.714120
 6.63  9.619178  5.607498  0.008903  0.712344
 6.64  9.619446  5.607750  0.008868  0.710572
 6.65  9.619713  5.608002  0.008834  0.708803
 6.66  9.619972  5.608253  0.008800  0.707038
 6.67  9.620234  5.608499  0.008766  0.705277
 6.68  9.620493  5.608745  0.008732  0.703520
 6.69  9.620754  5.608985  0.008698  0.701766
 6.70  9.621013  5.609231  0.008665  0.700016
 6.71  9.621265  5.609470  0.008632  0.698270
 6.72  9.621517  5.609710  0.008599  0.696527
 6.73  9.621776  5.609956  0.008566  0.694788
 6.74  9.622029  5.610190  0.008533  0.693053
 6.75  9.622272  5.610424  0.008501  0.691321
 6.76  9.622524  5.610664  0.008469  0.689593
 6.77  9.622761  5.610891  0.008437  0.687868
 6.78  9.623014  5.611119  0.008405  0.686147
 6.79  9.623257  5.611353  0.008374  0.684430
 6.80  9.623500  5.611587  0.008342  0.682716
 6.81  9.623737  5.611808  0.008311  0.681006
 6.82  9.623974  5.612030  0.008280  0.679299
 6.83  9.624218  5.612258  0.008249  0.677596
 6.84  9.624454  5.612480  0.008219  0.675896
 6.85  9.624691  5.612701  0.008188  0.674200
 6.86  9.624919  5.612923  0.008158  0.672507
 6.87  9.625156  5.613139  0.008128  0.670818
 6.88  9.625384  5.613355  0.008098  0.669132
 6.89  9.625621  5.613571  0.008068  0.667450
 6.90  9.625849  5.613787  0.008039  0.665771
 6.91  9.626077  5.614002  0.008010  0.664095
 6.92  9.626298  5.614212  0.007980  0.662423
 6.93  9.626526  5.614422  0.007951  0.660755
 6.94  9.626739  5.614631  0.007923  0.659089
 6.95  9.626960  5.614835  0.007894  0.657428
 6.96  9.627188  5.615045  0.007865  0.655769
 6.97  9.627410  5.615254  0.007837  0.654114
 6.98  9.627629  5.615465  0.007809  0.652462
 6.99  9.627850  5.615674  0.007781  0.650814
 7.00  9.628087  5.615890  0.007753  0.649168
 7.01  9.628308  5.616099  0.007725  0.647526
 7.02  9.628536  5.616309  0.007697  0.645888
 7.03  9.628757  5.616518  0.007670  0.644253
 7.04  9.628985  5.616734  0.007642  0.642621
 7.05  9.629206  5.616943  0.007615  0.640992
 7.06  9.629433  5.617159  0.007588  0.639366
 7.07  9.629655  5.617368  0.007561  0.637744
 7.08  9.629882  5.617584  0.007534  0.636125
 7.09  9.630103  5.617793  0.007507  0.634509
 7.10  9.630325  5.618002  0.007480  0.632896
 7.11  9.630552  5.618218  0.007454  0.631287
 7.12  9.630773  5.618421  0.007428  0.629681
 7.13  9.630994  5.618630  0.007402  0.628077
 7.14  9.631207  5.618834  0.007375  0.626477
 7.15  9.631428  5.619037  0.007350  0.624881
 7.16  9.631640  5.619241  0.007324  0.623287
 7.17  9.631861  5.619444  0.007298  0.621696
 7.18  9.632073  5.619648  0.007273  0.620109
 7.19  9.632286  5.619845  0.007247  0.618525
 7.20  9.632491  5.620042  0.007222  0.616943
 7.21  9.632704  5.620240  0.007197  0.615365
 7.22  9.632909  5.620431  0.007172  0.613790
 7.23  9.633122  5.620629  0.007148  0.612218
 7.24  9.633327  5.620820  0.007123  0.610649
 7.25  9.633524  5.621012  0.007099  0.609083
 7.26  9.633721  5.621197  0.007074  0.607520
 7.27  9.633927  5.621383  0.007050  0.605961
 7.28  9.634124  5.621569  0.007026  0.604404
 7.29  9.634321  5.621754  0.007002  0.602850
 7.30  9.634518  5.621940  0.006979  0.601299
 7.31  9.634700  5.622113  0.006955  0.599751
 7.32  9.634897  5.622293  0.006932  0.598206
 7.33  9.635078  5.622467  0.006908  0.596664
 7.34  9.635269  5.622640  0.006885  0.595125
 7.35  9.635451  5.622813  0.006862  0.593589
 7.36  9.635632  5.622981  0.006839  0.592056
 7.37  9.635814  5.623149  0.006816  0.590526
 7.38  9.635996  5.623317  0.006794  0.588999
 7.39  9.636169  5.623485  0.006771  0.587474
 7.40  9.636344  5.623640  0.006749  0.585953
 7.41  9.636517  5.623808  0.006727  0.584434
 7.42  9.636684  5.623964  0.006705  0.582918
 7.43  9.636857  5.624120  0.006683  0.581406
 7.44  9.637023  5.624276  0.006661  0.579896
 7.45  9.637190  5.624426  0.006639  0.578388
 7.46  9.637356  5.624576  0.006618  0.576884
 7.47  9.637507  5.624720  0.006596  0.575383
 7.48  9.637665  5.624870  0.006575  0.573884
 7.49  9.637832  5.625020  0.006554  0.572388
 7.50  9.637983  5.625158  0.006533  0.570895
 7.51  9.638141  5.625302  0.006512  0.569405
 7.52  9.638292  5.625440  0.006491  0.567917
 7.53  9.638435  5.625572  0.006470  0.566432
 7.54  9.638586  5.625710  0.006450  0.564950
 7.55  9.638729  5.625843  0.006429  0.563471
 7.56  9.638872  5.625975  0.006409  0.561995
 7.57  9.639008  5.626095  0.006389  0.560521
 7.58  9.639151  5.626228  0.006369  0.559050
 7.59  9.639287  5.626348  0.006349  0.557581
 7.60  9.639429  5.626474  0.006329  0.556116
 7.61  9.639557  5.626595  0.006309  0.554653
 7.62  9.639684  5.626709  0.006290  0.553193
 7.63  9.639812  5.626830  0.006270  0.551735
 7.64  9.639948  5.626944  0.006251  0.550280
 7.65  9.640067  5.627059  0.006232  0.548828
 7.66  9.640188  5.627167  0.006213  0.547379
 7.67  9.640315  5.627276  0.006194  0.545932
 7.68  9.640428  5.627378  0.006175  0.544487
 7.69  9.640555  5.627487  0.006156  0.543046
 7.70  9.640668  5.627590  0.006138  0.541607
 7.71  9.640780  5.627692  0.006119  0.540170
 7.72  9.640893  5.627795  0.006101  0.538737
 7.73  9.641005  5.627892  0.006082  0.537305
 7.74  9.641117  5.627989  0.006064  0.535877
 7.75  9.641221  5.628086  0.006046  0.534451
 7.76  9.641333  5.628183  0.006028  0.533027
 7.77  9.641431  5.628267  0.006010  0.531606
 7.78  9.641528  5.628352  0.005993  0.530188
 7.79  9.641640  5.628444  0.005975  0.528772
 7.80  9.641738  5.628528  0.005957  0.527359
 7.81  9.641826  5.628613  0.005940  0.525948
 7.82  9.641923  5.628692  0.005923  0.524540
 7.83  9.642021  5.628777  0.005905  0.523134
 7.84  9.642109  5.628857  0.005888  0.521731
 7.85  9.642198  5.628936  0.005871  0.520331
 7.86  9.642289  5.629003  0.005854  0.518932
 7.87  9.642377  5.629082  0.005837  0.517537
 7.88  9.642459  5.629149  0.005821  0.516144
 7.89  9.642548  5.629229  0.005804  0.514753
 7.90  9.642630  5.629296  0.005788  0.513365
 7.91  9.642704  5.629363  0.005771  0.511979
 7.92  9.642786  5.629430  0.005755  0.510595
 7.93  9.642860  5.629491  0.005739  0.509214
 7.94  9.642942  5.629553  0.005722  0.507836
 7.95  9.643015  5.629620  0.005706  0.506460
 7.96  9.643089  5.629682  0.005690  0.505086
 7.97  9.643156  5.629737  0.005675  0.503715
 7.98  9.643229  5.629793  0.005659  0.502346
 7.99  9.643296  5.629848  0.005643  0.500980
 8.00  9.643370  5.629904  0.005628  0.499615
 8.01  9.643428  5.629953  0.005612  0.498254
 8.02  9.643495  5.630003  0.005597  0.496894
 8.03  9.643554  5.630052  0.005581  0.495537
 8.04  9.643619  5.630108  0.005566  0.494183
 8.05  9.643686  5.630158  0.005551  0.492831
 8.06  9.643738  5.630195  0.005536  0.491481
 8.07  9.643796  5.630239  0.005521  0.490133
 8.08  9.643855  5.630288  0.005506  0.488788
 8.09  9.643904  5.630332  0.005491  0.487445
 8.10  9.643956  5.630370  0.005477  0.486104
 8.11  9.644015  5.630408  0.005462  0.484766
 8.12  9.644058  5.630445  0.005448  0.483430
 8.13  9.644110  5.630477  0.005433  0.482096
 8.14  9.644160  5.630521  0.005419  0.480765
 8.15  9.644203  5.630553  0.005404  0.479436
 8.16  9.644255  5.630585  0.005390  0.478109
 8.17  9.644298  5.630616  0.005376  0.476784
 8.18  9.644342  5.630648  0.005362  0.475462
 8.19  9.644385  5.630674  0.005348  0.474142
 8.20  9.644420  5.630706  0.005334  0.472824
 8.21  9.644457  5.630726  0.005320  0.471508
 8.22  9.644500  5.630758  0.005307  0.470195
 8.23  9.644535  5.630784  0.005293  0.468883
 8.24  9.644572  5.630804  0.005279  0.467575
 8.25  9.644606  5.630830  0.005266  0.466268
 8.26  9.644643  5.630850  0.005253  0.464963
 8.27  9.644671  5.630864  0.005239  0.463661
 8.28  9.644706  5.630890  0.005226  0.462361
 8.29  9.644743  5.630904  0.005213  0.461063
 8.30  9.644771  5.630924  0.005200  0.459767
 8.31  9.644799  5.630938  0.005187  0.458473
 8.32  9.644819  5.630952  0.005174  0.457182
 8.33  9.644847  5.630966  0.005161  0.455893
 8.34  9.644876  5.630980  0.005148  0.454605
 8.35  9.644904  5.630994  0.005135  0.453320
 8.36  9.644924  5.631003  0.005122  0.452038
 8.37  9.644945  5.631010  0.005110  0.450757
 8.38  9.644965  5.631024  0.005097  0.449478
 8.39  9.644987  5.631026  0.005085  0.448202
 8.40  9.645006  5.631035  0.005072  0.446927
 8.41  9.645026  5.631044  0.005060  0.445655
 8.42  9.645048  5.631051  0.005048  0.444385
 8.43  9.645061  5.631047  0.005035  0.443117
 8.44  9.645080  5.631056  0.005023  0.441851
 8.45  9.645094  5.631058  0.005011  0.440587
 8.46  9.645107  5.631060  0.004999  0.439325
 8.47  9.645120  5.631062  0.004987  0.438066
 8.48  9.645133  5.631058  0.004975  0.436808
 8.49  9.645146  5.631055  0.004964  0.435552
 8.50  9.645151  5.631057  0.004952  0.434299
 8.51  9.645164  5.631053  0.004940  0.433047
 8.52  9.645177  5.631050  0.004928  0.431798
 8.53  9.645182  5.631052  0.004917  0.430550
 8.54  9.645195  5.631048  0.004905  0.429305
 8.55  9.645193  5.631038  0.004894  0.428061
 8.56  9.645206  5.631029  0.004882  0.426820
 8.57  9.645204  5.631018  0.004871  0.425581
 8.58  9.645208  5.631015  0.004860  0.424343
 8.59  9.645213  5.631011  0.004849  0.423108
 8.60  9.645211  5.630996  0.004837  0.421875
 8.61  9.645218  5.630980  0.004826  0.420643
 8.62  9.645222  5.630976  0.004815  0.419414
 8.63  9.645220  5.630960  0.004804  0.418187
 8.64  9.645218  5.630950  0.004794  0.416961
 8.65  9.645223  5.630941  0.004783  0.415738
 8.66  9.645212  5.630925  0.004772  0.414516
 8.67  9.645210  5.630910  0.004761  0.413297
 8.68  9.645208  5.630894  0.004750  0.412079
 8.69  9.645206  5.630878  0.004740  0.410863
 8.70  9.645196  5.630862  0.004729  0.409650
 8.71  9.645194  5.630841  0.004719  0.408438
 8.72  9.645192  5.630825  0.004708  0.407228
 8.73  9.645181  5.630810  0.004698  0.406020
 8.74  9.645179  5.630788  0.004687  0.404814
 8.75  9.645162  5.630766  0.004677  0.403610
 8.76  9.645151  5.630745  0.004667  0.402408
 8.77  9.645150  5.630723  0.004657  0.401208
 8.78  9.645132  5.630701  0.004646  0.400009
 8.79  9.645122  5.630680  0.004636  0.398813
 8.80  9.645120  5.630658  0.004626  0.397618
 8.81  9.645103  5.630630  0.004616  0.396425
 8.82  9.645092  5.630609  0.004606  0.395235
 8.83  9.645075  5.630581  0.004596  0.394046
 8.84  9.645058  5.630553  0.004587  0.392858
 8.85  9.645047  5.630532  0.004577  0.391673
 8.86  9.645030  5.630504  0.004567  0.390490
 8.87  9.645020  5.630483  0.004557  0.389308
 8.88  9.645003  5.630449  0.004548  0.388128
 8.89  9.644985  5.630421  0.004538  0.386951
 8.90  9.644968  5.630393  0.004529  0.385774
 8.91  9.644943  5.630360  0.004519  0.384600
 8.92  9.644925  5.630332  0.004510  0.383428
 8.93  9.644915  5.630305  0.004500  0.382257
 8.94  9.644898  5.630277  0.004491  0.381088
 8.95  9.644872  5.630243  0.004482  0.379921
 8.96  9.644855  5.630215  0.004472  0.378756
 8.97  9.644829  5.630182  0.004463  0.377593
 8.98  9.644812  5.630148  0.004454  0.376431
 8.99  9.644780  5.630108  0.004445  0.375272
 9.00  9.644763  5.630075  0.004436  0.374114
 9.01  9.644737  5.630041  0.004426  0.372957
 9.02  9.644720  5.630013  0.004418  0.371803
 9.03  9.644694  5.629974  0.004409  0.370650
 9.04  9.644670  5.629940  0.004400  0.369499
 9.05  9.644645  5.629906  0.004391  0.368350
 9.06  9.644619  5.629872  0.004382  0.367203
 9.07  9.644595  5.629827  0.004373  0.366057
 9.08  9.644570  5.629793  0.004364  0.364913
 9.09  9.644544  5.629760  0.004356  0.363771
 9.10  9.644512  5.629719  0.004347  0.362630
 9.11  9.644495  5.629680  0.004338  0.361492
 9.12  9.644462  5.629640  0.004330  0.360355
 9.13  9.644437  5.629607  0.004321  0.359219
 9.14  9.644404  5.629566  0.004313  0.358086
 9.15  9.644379  5.629527  0.004304  0.356954
 9.16  9.644346  5.629487  0.004296  0.355824
 9.17  9.644314  5.629441  0.004287  0.354696
 9.18  9.644288  5.629408  0.004279  0.353569
 9.19  9.644256  5.629362  0.004271  0.352444
 9.20  9.644230  5.629328  0.004262  0.351320
 9.21  9.644198  5.629283  0.004254  0.350199
 9.22  9.644166  5.629242  0.004246  0.349079
 9.23  9.644133  5.629197  0.004238  0.347960
 9.24  9.644108  5.629157  0.004230  0.346844
 9.25  9.644075  5.629117  0.004222  0.345729
 9.26  9.644043  5.629072  0.004214  0.344615
 9.27  9.644011  5.629026  0.004206  0.343504
 9.28  9.643978  5.628986  0.004198  0.342394
 9.29  9.643937  5.628940  0.004190  0.341285
 9.30  9.643905  5.628894  0.004182  0.340179
 9.31  9.643873  5.628848  0.004174  0.339074
 9.32  9.643840  5.628802  0.004166  0.337970
 9.33  9.643806  5.628769  0.004158  0.336868
 9.34  9.643774  5.628723  0.004151  0.335768
 9.35  9.643735  5.628671  0.004143  0.334670
 9.36  9.643694  5.628625  0.004135  0.333573
 9.37  9.643662  5.628579  0.004128  0.332477
 9.38  9.643629  5.628533  0.004120  0.331384
 9.39  9.643588  5.628487  0.004112  0.330292
 9.40  9.643556  5.628441  0.004105  0.329201
 9.41  9.643524  5.628396  0.004097  0.328112
 9.42  9.643483  5.628350  0.004090  0.327025
 9.43  9.643451  5.628304  0.004082  0.325939
 9.44  9.643403  5.628252  0.004075  0.324855
 9.45  9.643371  5.628206  0.004067  0.323772
 9.46  9.643330  5.628160  0.004060  0.322691
 9.47  9.643297  5.628114  0.004053  0.321612
 9.48  9.643257  5.628063  0.004046  0.320534
 9.49  9.643218  5.628010  0.004038  0.319458
 9.50  9.643170  5.627952  0.004031  0.318383
 9.51  9.643105  5.627883  0.004024  0.317310
 9.52  9.643043  5.627813  0.004017  0.316238
 9.53  9.642987  5.627743  0.004010  0.315168
 9.54  9.642924  5.627667  0.004003  0.314100
 9.55  9.642868  5.627598  0.003997  0.313033
 9.56  9.642812  5.627534  0.003990  0.311967
 9.57  9.642749  5.627459  0.003983  0.310903
 9.58  9.642693  5.627395  0.003976  0.309841
 9.59  9.642630  5.627319  0.003969  0.308780
 9.60  9.642574  5.627255  0.003962  0.307721
 9.61  9.642518  5.627192  0.003956  0.306663
 9.62  9.642470  5.627128  0.003949  0.305606
 9.63  9.642408  5.627063  0.003942  0.304552
 9.64  9.642360  5.626999  0.003936  0.303498
 9.65  9.642304  5.626941  0.003929  0.302447
 9.66  9.642256  5.626878  0.003922  0.301396
 9.67  9.642215  5.626826  0.003916  0.300347
 9.68  9.642168  5.626768  0.003909  0.299300
 9.69  9.642120  5.626710  0.003902  0.298254
 9.70  9.642073  5.626657  0.003896  0.297210
 9.71  9.642025  5.626599  0.003889  0.296167
 9.72  9.641984  5.626553  0.003883  0.295126
 9.73  9.641945  5.626495  0.003876  0.294086
 9.74  9.641904  5.626449  0.003870  0.293047
 9.75  9.641865  5.626397  0.003863  0.292010
 9.76  9.641824  5.626351  0.003857  0.290975
 9.77  9.641785  5.626298  0.003850  0.289940
 9.78  9.641744  5.626258  0.003844  0.288908
 9.79  9.641712  5.626212  0.003837  0.287877
 9.80  9.641673  5.626165  0.003831  0.286847
 9.81  9.641641  5.626119  0.003824  0.285819
 9.82  9.641608  5.626078  0.003818  0.284792
 9.83  9.641576  5.626038  0.003811  0.283766
 9.84  9.641543  5.625998  0.003805  0.282742
 9.85  9.641511  5.625957  0.003799  0.281720
 9.86  9.641478  5.625917  0.003792  0.280698
 9.87  9.641455  5.625877  0.003786  0.279679
 9.88  9.641422  5.625842  0.003780  0.278660
 9.89  9.641390  5.625802  0.003773  0.277643
 9.90  9.641366  5.625767  0.003767  0.276628
 9.91  9.641334  5.625726  0.003761  0.275614
 9.92  9.641310  5.625692  0.003755  0.274601
 9.93  9.641277  5.625657  0.003748  0.273590
 9.94  9.641260  5.625623  0.003742  0.272580
 9.95  9.641228  5.625588  0.003736  0.271571
 9.96  9.641204  5.625554  0.003730  0.270564
 9.97  9.641180  5.625519  0.003724  0.269559
 9.98  9.641156  5.625484  0.003717  0.268554
 9.99  9.641130  5.625462  0.003711  0.267551
10.00  9.641107  5.625427  0.003705  0.266550
10.01  9.641083  5.625392  0.003699  0.265549
10.02  9.641066  5.625369  0.003693  0.264550
10.03  9.641042  5.625335  0.003687  0.263553
10.04  9.641025  5.625306  0.003681  0.262557
10.05  9.641001  5.625277  0.003675  0.261562
10.06  9.640977  5.625248  0.003669  0.260569
10.07  9.640960  5.625220  0.003663  0.259576
10.08  9.640936  5.625191  0.003657  0.258586
10.09  9.640919  5.625163  0.003651  0.257596
10.10  9.640895  5.625134  0.003645  0.256608
10.11  9.640878  5.625111  0.003639  0.255622
10.12  9.640854  5.625082  0.003633  0.254636
10.13  9.640836  5.625059  0.003627  0.253652
10.14  9.640821  5.625024  0.003621  0.252669
10.15  9.640804  5.625002  0.003615  0.251688
10.16  9.640780  5.624973  0.003609  0.250708
10.17  9.640763  5.624950  0.003603  0.249729
10.18  9.640739  5.624921  0.003598  0.248752
10.19  9.640730  5.624898  0.003592  0.247776
10.20  9.640707  5.624869  0.003586  0.246801
10.21  9.640689  5.624847  0.003580  0.245827
10.22  9.640666  5.624818  0.003574  0.244855
10.23  9.640657  5.624795  0.003569  0.243884
10.24  9.640640  5.624772  0.003563  0.242915
10.25  9.640616  5.624743  0.003557  0.241946
10.26  9.640599  5.624721  0.003551  0.240979
10.27  9.640583  5.624692  0.003546  0.240013
10.28  9.640566  5.624669  0.003540  0.239049
10.29  9.640542  5.624645  0.003534  0.238086
10.30  9.640525  5.624623  0.003528  0.237124
10.31  9.640510  5.624594  0.003523  0.236163
10.32  9.640493  5.624571  0.003517  0.235204
10.33  9.640469  5.624542  0.003512  0.234246
10.34  9.640452  5.624519  0.003506  0.233289
10.35  9.640436  5.624490  0.003500  0.232334
10.36  9.640419  5.624468  0.003495  0.231379
10.37  9.640395  5.624444  0.003489  0.230426
10.38  9.640378  5.624421  0.003484  0.229474
10.39  9.640363  5.624392  0.003478  0.228524
10.40  9.640339  5.624363  0.003473  0.227575
10.41  9.640322  5.624341  0.003467  0.226627
10.42  9.640298  5.624311  0.003462  0.225680
10.43  9.640281  5.624289  0.003456  0.224734
10.44  9.640265  5.624260  0.003451  0.223790
10.45  9.640248  5.624237  0.003446  0.222847
10.46  9.640224  5.624208  0.003440  0.221905
10.47  9.640200  5.624179  0.003435  0.220964
10.48  9.640183  5.624156  0.003429  0.220025
10.49  9.640159  5.624127  0.003424  0.219087
10.50  9.640144  5.624098  0.003419  0.218150
10.51  9.640127  5.624075  0.003413  0.217214
10.52  9.640103  5.624046  0.003408  0.216279
10.53  9.640079  5.624017  0.003403  0.215346
10.54  9.640062  5.623994  0.003397  0.214414
10.55  9.640038  5.623965  0.003392  0.213483
10.56  9.640014  5.623936  0.003387  0.212553
10.57  9.639997  5.623907  0.003382  0.211625
10.58  9.639973  5.623884  0.003376  0.210697
10.59  9.639949  5.623849  0.003371  0.209771
10.60  9.639925  5.623820  0.003366  0.208846
10.61  9.639902  5.623791  0.003361  0.207923
10.62  9.639893  5.623768  0.003356  0.207000
10.63  9.639860  5.623739  0.003351  0.206079
10.64  9.639837  5.623704  0.003345  0.205158
10.65  9.639813  5.623675  0.003340  0.204239
10.66  9.639789  5.623646  0.003335  0.203322
10.67  9.639765  5.623616  0.003330  0.202405
10.68  9.639748  5.623588  0.003325  0.201489
10.69  9.639724  5.623559  0.003320  0.200575
10.70  9.639700  5.623530  0.003315  0.199662
10.71  9.639676  5.623495  0.003310  0.198750
10.72  9.639652  5.623466  0.003305  0.197839
10.73  9.639629  5.623431  0.003300  0.196929
10.74  9.639596  5.623402  0.003295  0.196021
10.75  9.639572  5.623367  0.003290  0.195113
10.76  9.639548  5.623338  0.003285  0.194207
10.77  9.639524  5.623303  0.003280  0.193302
10.78  9.639501  5.623273  0.003275  0.192398
10.79  9.639468  5.623239  0.003270  0.191495
10.80  9.639444  5.623209  0.003265  0.190594
10.81  9.639414  5.623168  0.003261  0.189693
10.82  9.639381  5.623139  0.003256  0.188794
10.83  9.639357  5.623104  0.003251  0.187895
10.84  9.639334  5.623069  0.003246  0.186998
10.85  9.639310  5.623040  0.003241  0.186102
10.86  9.639277  5.623005  0.003236  0.185207
10.87  9.639253  5.622970  0.003232  0.184313
10.88  9.639221  5.622941  0.003227  0.183421
10.89  9.639190  5.622899  0.003222  0.182529
10.90  9.639167  5.622864  0.003217  0.181639
10.91  9.639134  5.622830  0.003213  0.180749
10.92  9.639104  5.622788  0.003208  0.179861
10.93  9.639071  5.622753  0.003203  0.178974
10.94  9.639047  5.622718  0.003198  0.178088
10.95  9.639008  5.622682  0.003194  0.177203
10.96  9.638984  5.622648  0.003189  0.176319
10.97  9.638952  5.622613  0.003185  0.175436
10.98  9.638928  5.622578  0.003180  0.174555
10.99  9.638889  5.622536  0.003175  0.173674
11.00  9.638856  5.622501  0.003171  0.172795
11.01  9.638826  5.622460  0.003166  0.171916
11.02  9.638793  5.622425  0.003162  0.171039
11.03  9.638770  5.622390  0.003157  0.170163
11.04  9.638730  5.622349  0.003152  0.169288
11.05  9.638698  5.622314  0.003148  0.168414
11.06  9.638668  5.622272  0.003143  0.167541
11.07  9.638635  5.622232  0.003139  0.166669
11.08  9.638605  5.622190  0.003134  0.165798
11.09  9.638572  5.622155  0.003130  0.164928
11.10  9.638533  5.622114  0.003125  0.164059
11.11  9.638500  5.622079  0.003121  0.163192
11.12  9.638470  5.622037  0.003116  0.162325
11.13  9.638431  5.621990  0.003112  0.161460
11.14  9.638398  5.621955  0.003108  0.160595
11.15  9.638359  5.621914  0.003103  0.159732
11.16  9.638335  5.621879  0.003099  0.158869
11.17  9.638296  5.621832  0.003095  0.158008
11.18  9.638257  5.621790  0.003090  0.157148
11.19  9.638225  5.621750  0.003086  0.156288
11.20  9.638194  5.621708  0.003082  0.155430
11.21  9.638155  5.621667  0.003077  0.154573
11.22  9.638123  5.621632  0.003073  0.153717
11.23  9.638083  5.621585  0.003069  0.152862
11.24  9.638044  5.621543  0.003064  0.152008
11.25  9.638012  5.621502  0.003060  0.151155
11.26  9.637973  5.621461  0.003056  0.150303
11.27  9.637942  5.621414  0.003051  0.149452
11.28  9.637903  5.621372  0.003047  0.148602
11.29  9.637871  5.621337  0.003043  0.147753
11.30  9.637831  5.621290  0.003039  0.146905
11.31  9.637792  5.621249  0.003035  0.146058
11.32  9.637753  5.621201  0.003031  0.145212
11.33  9.637714  5.621160  0.003026  0.144367
11.34  9.637682  5.621119  0.003022  0.143523
11.35  9.637642  5.621072  0.003018  0.142680
11.36  9.637603  5.621031  0.003014  0.141838
11.37  9.637564  5.620989  0.003010  0.140998
11.38  9.637525  5.620942  0.003006  0.140158
11.39  9.637486  5.620895  0.003001  0.139319
11.40  9.637447  5.620847  0.002997  0.138481
11.41  9.637408  5.620806  0.002993  0.137644
11.42  9.637369  5.620759  0.002989  0.136808
11.43  9.637336  5.620724  0.002985  0.135973
11.44  9.637297  5.620676  0.002981  0.135139
11.45  9.637258  5.620629  0.002977  0.134306
11.46  9.637219  5.620588  0.002973  0.133475
11.47  9.637180  5.620540  0.002969  0.132644
11.48  9.637140  5.620493  0.002965  0.131814
11.49  9.637101  5.620446  0.002961  0.130985
11.50  9.637053  5.620404  0.002957  0.130157
11.51  9.637014  5.620357  0.002953  0.129330
11.52  9.636975  5.620310  0.002949  0.128503
11.53  9.636936  5.620268  0.002945  0.127678
11.54  9.636890  5.620215  0.002941  0.126854
11.55  9.636851  5.620167  0.002938  0.126031
11.56  9.636812  5.620120  0.002934  0.125209
11.57  9.636764  5.620073  0.002930  0.124388
11.58  9.636725  5.620031  0.002926  0.123567
11.59  9.636686  5.619984  0.002922  0.122748
11.60  9.636647  5.619937  0.002918  0.121930
11.61  9.636608  5.619890  0.002914  0.121112
11.62  9.636569  5.619842  0.002910  0.120296
11.63  9.636529  5.619795  0.002907  0.119480
11.64  9.636482  5.619754  0.002903  0.118666
11.65  9.636436  5.619700  0.002899  0.117852
11.66  9.636397  5.619652  0.002895  0.117039
11.67  9.636358  5.619605  0.002891  0.116228
11.68  9.636318  5.619558  0.002888  0.115417
11.69  9.636271  5.619511  0.002884  0.114607
11.70  9.636231  5.619463  0.002880  0.113798
11.71  9.636186  5.619415  0.002876  0.112990
11.72  9.636146  5.619368  0.002873  0.112183
11.73  9.636099  5.619321  0.002869  0.111377
11.74  9.636059  5.619273  0.002865  0.110572
11.75  9.636014  5.619220  0.002861  0.109767
11.76  9.635975  5.619172  0.002858  0.108964
11.77  9.635927  5.619125  0.002854  0.108161
11.78  9.635881  5.619071  0.002851  0.107360
11.79  9.635842  5.619024  0.002847  0.106559
11.80  9.635803  5.618977  0.002843  0.105760
11.81  9.635755  5.618929  0.002840  0.104961
11.82  9.635709  5.618875  0.002836  0.104163
11.83  9.635670  5.618828  0.002832  0.103366
11.84  9.635622  5.618781  0.002829  0.102570
11.85  9.635576  5.618727  0.002825  0.101775
11.86  9.635537  5.618680  0.002821  0.100981
11.87  9.635489  5.618632  0.002818  0.100187
11.88  9.635444  5.618578  0.002814  0.099395
11.89  9.635404  5.618531  0.002811  0.098604
11.90  9.635357  5.618484  0.002807  0.097813
11.91  9.635311  5.618430  0.002804  0.097023
11.92  9.635272  5.618383  0.002800  0.096234
11.93  9.635217  5.618329  0.002797  0.095446
11.94  9.635178  5.618281  0.002793  0.094659
11.95  9.635139  5.618234  0.002790  0.093873
11.96  9.635084  5.618180  0.002786  0.093088
11.97  9.635045  5.618133  0.002783  0.092304
11.98  9.634999  5.618079  0.002779  0.091520
11.99  9.634952  5.618032  0.002776  0.090737
12.00  9.634906  5.617978  0.002772  0.089956
12.01  9.634858  5.617925  0.002769  0.089175
12.02  9.634819  5.617877  0.002766  0.088395
12.03  9.634773  5.617824  0.002762  0.087616
12.04  9.634725  5.617776  0.002759  0.086838
12.05  9.634679  5.617722  0.002755  0.086060
12.06  9.634631  5.617675  0.002752  0.085284
12.07  9.634586  5.617621  0.002749  0.084508
12.08  9.634538  5.617574  0.002745  0.083733
12.09  9.634492  5.617520  0.002742  0.082959
12.10  9.634453  5.617467  0.002739  0.082186
12.11  9.634398  5.617413  0.002735  0.081414
12.12  9.634359  5.617365  0.002732  0.080643
12.13  9.634305  5.617312  0.002729  0.079872
12.14  9.634265  5.617264  0.002725  0.079103
12.15  9.634211  5.617205  0.002722  0.078334
12.16  9.634165  5.617156  0.002718  0.077566
12.17  9.634126  5.617103  0.002715  0.076799
12.18  9.634072  5.617049  0.002712  0.076033
12.19  9.634032  5.617002  0.002709  0.075268
12.20  9.633978  5.616948  0.002705  0.074503
12.21  9.633939  5.616901  0.002702  0.073739
12.22  9.633884  5.616847  0.002699  0.072977
12.23  9.633838  5.616787  0.002696  0.072215
12.24  9.633790  5.616740  0.002693  0.071453
12.25  9.633745  5.616686  0.002689  0.070693
12.26  9.633705  5.616638  0.002686  0.069934
12.27  9.633651  5.616584  0.002683  0.069175
12.28  9.633605  5.616531  0.002680  0.068417
12.29  9.633557  5.616483  0.002677  0.067660
12.30  9.633512  5.616423  0.002673  0.066904
12.31  9.633464  5.616376  0.002670  0.066149
12.32  9.633418  5.616322  0.002667  0.065394
12.33  9.633363  5.616268  0.002664  0.064641
12.34  9.633324  5.616221  0.002661  0.063888
12.35  9.633270  5.616167  0.002658  0.063136
12.36  9.633224  5.616107  0.002654  0.062385
12.37  9.633176  5.616060  0.002651  0.061634
12.38  9.633130  5.616006  0.002648  0.060885
12.39  9.633076  5.615952  0.002645  0.060136
12.40  9.633030  5.615892  0.002642  0.059388
12.41  9.632982  5.615845  0.002639  0.058641
12.42  9.632936  5.615791  0.002636  0.057894
12.43  9.632882  5.615737  0.002633  0.057149
12.44  9.632842  5.615689  0.002630  0.056404
12.45  9.632788  5.615635  0.002627  0.055660
12.46  9.632742  5.615581  0.002624  0.054917
12.47  9.632694  5.615528  0.002621  0.054175
12.48  9.632648  5.615474  0.002618  0.053433
12.49  9.632594  5.615420  0.002615  0.052693
12.50  9.632548  5.615366  0.002612  0.051953
12.51  9.632509  5.615319  0.002609  0.051214
12.52  9.632454  5.615259  0.002606  0.050475
12.53  9.632408  5.615205  0.002603  0.049738
12.54  9.632354  5.615151  0.002600  0.049001
12.55  9.632306  5.615104  0.002597  0.048265
12.56  9.632260  5.615050  0.002594  0.047530
12.57  9.632205  5.614990  0.002591  0.046796
12.58  9.632160  5.614936  0.002588  0.046062
12.59  9.632105  5.614882  0.002585  0.045329
12.60  9.632059  5.614828  0.002582  0.044597
12.61  9.632011  5.614775  0.002579  0.043866
12.62  9.631966  5.614727  0.002576  0.043136
12.63  9.631911  5.614667  0.002573  0.042406
12.64  9.631865  5.614613  0.002570  0.041677
12.65  9.631811  5.614559  0.002567  0.040949
12.66  9.631771  5.614511  0.002564  0.040222
12.67  9.631717  5.614452  0.002562  0.039495
12.68  9.631671  5.614398  0.002559  0.038769
12.69  9.631616  5.614343  0.002556  0.038044
12.70  9.631571  5.614289  0.002553  0.037320
12.71  9.631516  5.614235  0.002550  0.036597
12.72  9.631477  5.614188  0.002547  0.035874
12.73  9.631422  5.614128  0.002544  0.035152
12.74  9.631376  5.614074  0.002542  0.034431
12.75  9.631322  5.614020  0.002539  0.033710
12.76  9.631276  5.613966  0.002536  0.032991
12.77  9.631222  5.613912  0.002533  0.032272
12.78  9.631176  5.613858  0.002530  0.031553
12.79  9.631121  5.613804  0.002528  0.030836
12.80  9.631082  5.613751  0.002525  0.030119
12.81  9.631027  5.613697  0.002522  0.029403
12.82  9.630981  5.613643  0.002519  0.028688
12.83  9.630927  5.613589  0.002517  0.027974
12.84  9.630881  5.613535  0.002514  0.027260
12.85  9.630826  5.613481  0.002511  0.026547
12.86  9.630781  5.613421  0.002508  0.025835
12.87  9.630726  5.613367  0.002505  0.025124
12.88  9.630680  5.613313  0.002503  0.024413
12.89  9.630626  5.613259  0.002500  0.023703
12.90  9.630580  5.613205  0.002497  0.022994
12.91  9.630532  5.613157  0.002495  0.022285
12.92  9.630486  5.613103  0.002492  0.021578
12.93  9.630431  5.613049  0.002489  0.020871
12.94  9.630386  5.612989  0.002486  0.020164
12.95  9.630331  5.612935  0.002484  0.019459
12.96  9.630285  5.612881  0.002481  0.018754
12.97  9.630231  5.612827  0.002478  0.018050
12.98  9.630185  5.612773  0.002476  0.017346
12.99  9.630130  5.612719  0.002473  0.016644
13.00  9.630084  5.612665  0.002471  0.015942
13.01  9.630030  5.612611  0.002468  0.015241
13.02  9.629984  5.612556  0.002465  0.014540
13.03  9.629929  5.612502  0.002463  0.013841
13.04  9.629883  5.612448  0.002460  0.013142
13.05  9.629829  5.612388  0.002457  0.012443
13.06  9.629783  5.612334  0.002455  0.011746
13.07  9.629728  5.612280  0.002452  0.011049
13.08  9.629682  5.612226  0.002450  0.010353
13.09  9.629628  5.612172  0.002447  0.009657
13.10  9.629582  5.612118  0.002444  0.008963
13.11  9.629536  5.612064  0.002442  0.008269
13.12  9.629482  5.612010  0.002439  0.007575
13.13  9.629436  5.611956  0.002437  0.006883
13.14  9.629381  5.611902  0.002434  0.006191
13.15  9.629335  5.611842  0.002432  0.005500
13.16  9.629274  5.611787  0.002429  0.004809
13.17  9.629228  5.611727  0.002426  0.004120
13.18  9.629174  5.611673  0.002424  0.003430
13.19  9.629143  5.611637  0.002421  0.002742
13.20  9.629112  5.611607  0.002419  0.002054
13.21  9.629097  5.611589  0.002416  0.001368
13.22  9.629075  5.611564  0.002413  0.000681
13.23  9.629069  5.611546  0.002410 -1.000000
13.24  9.629054  5.611534  0.002408 -1.000000
13.25  9.629047  5.611516  0.002405 -1.000000
13.26  9.629041  5.611509  0.002402 -1.000000
13.27  9.629032  5.611503  0.002399 -1.000000
13.28  9.629025  5.611491  0.002397 -1.000000
13.29  9.629019  5.611485  0.002394 -1.000000
13.30  9.629012  5.611472  0.002391 -1.000000
13.31  9.629012  5.611467  0.002388 -1.000000
13.32  9.629006  5.611460  0.002386 -1.000000
13.33  9.628999  5.611448  0.002383 -1.000000
13.34  9.628993  5.611436  0.002380 -1.000000
13.35  9.628986  5.611423  0.002377 -1.000000
13.36  9.628971  5.611411  0.002374 -1.000000
13.37  9.628965  5.611399  0.002372 -1.000000
13.38  9.628952  5.611380  0.002369 -1.000000
13.39  9.628936  5.611368  0.002366 -1.000000
13.40  9.628930  5.611355  0.002364 -1.000000
13.41  9.628923  5.611343  0.002361 -1.000000
13.42  9.628902  5.611319  0.002358 -1.000000
13.43  9.628886  5.611306  0.002355 -1.000000
13.44  9.628873  5.611282  0.002353 -1.000000
13.45  9.628858  5.611264  0.002350 -1.000000
13.46  9.628836  5.611245  0.002347 -1.000000
13.47  9.628814  5.611221  0.002345 -1.000000
13.48  9.628793  5.611196  0.002342 -1.000000
13.49  9.628771  5.611171  0.002339 -1.000000
13.50  9.628756  5.611148  0.002337 -1.000000
13.51  9.628727  5.611117  0.002334 -1.000000
13.52  9.628706  5.611092  0.002331 -1.000000
13.53  9.628675  5.611062  0.002329 -1.000000
13.54  9.628653  5.611031  0.002326 -1.000000
13.55  9.628616  5.611000  0.002324 -1.000000
13.56  9.628594  5.610970  0.002321 -1.000000
13.57  9.628557  5.610933  0.002318 -1.000000
13.58  9.628536  5.610903  0.002316 -1.000000
13.59  9.628499  5.610866  0.002313 -1.000000
13.60  9.628468  5.610830  0.002311 -1.000000
13.61  9.628431  5.610793  0.002308 -1.000000
13.62  9.628394  5.610751  0.002305 -1.000000
13.63  9.628357  5.610714  0.002303 -1.000000
13.64  9.628320  5.610671  0.002300 -1.000000
13.65  9.628283  5.610629  0.002298 -1.000000
13.66  9.628246  5.610586  0.002295 -1.000000
13.67  9.628209  5.610544  0.002293 -1.000000
13.68  9.628163  5.610501  0.002290 -1.000000
13.69  9.628119  5.610452  0.002288 -1.000000
13.70  9.628082  5.610409  0.002285 -1.000000
13.71  9.628036  5.610361  0.002283 -1.000000
13.72  9.627993  5.610312  0.002280 -1.000000
13.73  9.627940  5.610257  0.002278 -1.000000
13.74  9.627895  5.610209  0.002275 -1.000000
13.75  9.627842  5.610160  0.002273 -1.000000
13.76  9.627799  5.610105  0.002271 -1.000000
13.77  9.627753  5.610057  0.002268 -1.000000
13.78  9.627700  5.610002  0.002266 -1.000000
13.79  9.627648  5.609947  0.002263 -1.000000
13.80  9.627596  5.609886  0.002261 -1.000000
13.81  9.627543  5.609831  0.002259 -1.000000
13.82  9.627491  5.609777  0.002256 -1.000000
13.83  9.627423  5.609709  0.002254 -1.000000
13.84  9.627371  5.609649  0.002251 -1.000000
13.85  9.627319  5.609594  0.002249 -1.000000
13.86  9.627266  5.609533  0.002247 -1.000000
13.87  9.627199  5.609466  0.002244 -1.000000
13.88  9.627147  5.609406  0.002242 -1.000000
13.89  9.627079  5.609338  0.002240 -1.000000
13.90  9.627027  5.609278  0.002237 -1.000000
13.91  9.626959  5.609211  0.002235 -1.000000
13.92  9.626898  5.609150  0.002233 -1.000000
13.93  9.626830  5.609077  0.002230 -1.000000
13.94  9.626771  5.609010  0.002228 -1.000000
13.95  9.626704  5.608943  0.002226 -1.000000
13.96  9.626643  5.608876  0.002224 -1.000000
13.97  9.626575  5.608804  0.002221 -1.000000
13.98  9.626507  5.608731  0.002219 -1.000000
13.99  9.626440  5.608664  0.002217 -1.000000
14.00  9.626372  5.608591  0.002215 -1.000000
14.01  9.626304  5.608518  0.002213 -1.000000
14.02  9.626237  5.608445  0.002210 -1.000000
14.03  9.626163  5.608365  0.002208 -1.000000
14.04  9.626095  5.608292  0.002206 -1.000000
14.05  9.626027  5.608220  0.002204 -1.000000
14.06  9.625951  5.608147  0.002201 -1.000000
14.07  9.625877  5.608067  0.002199 -1.000000
14.08  9.625809  5.607994  0.002197 -1.000000
14.09  9.625742  5.607916  0.002195 -1.000000
14.10  9.625659  5.607836  0.002193 -1.000000
14.11  9.625591  5.607763  0.002191 -1.000000
14.12  9.625508  5.607678  0.002188 -1.000000
14.13  9.625440  5.607605  0.002186 -1.000000
14.14  9.625366  5.607520  0.002184 -1.000000
14.15  9.625290  5.607447  0.002182 -1.000000
14.16  9.625216  5.607362  0.002180 -1.000000
14.17  9.625133  5.607282  0.002178 -1.000000
14.18  9.625050  5.607197  0.002176 -1.000000
14.19  9.624982  5.607118  0.002174 -1.000000
14.20  9.624899  5.607039  0.002172 -1.000000
14.21  9.624825  5.606954  0.002170 -1.000000
14.22  9.624742  5.606869  0.002168 -1.000000
14.23  9.624659  5.606783  0.002165 -1.000000
14.24  9.624583  5.606705  0.002164 -1.000000
14.25  9.624509  5.606619  0.002161 -1.000000
14.26  9.624426  5.606534  0.002159 -1.000000
14.27  9.624336  5.606442  0.002157 -1.000000
14.28  9.624260  5.606364  0.002155 -1.000000
14.29  9.624179  5.606272  0.002153 -1.000000
14.30  9.624096  5.606187  0.002151 -1.000000
14.31  9.624013  5.606102  0.002149 -1.000000
14.32  9.623931  5.606016  0.002147 -1.000000
14.33  9.623848  5.605931  0.002145 -1.000000
14.34  9.623765  5.605846  0.002143 -1.000000
14.35  9.623682  5.605761  0.002141 -1.000000
14.36  9.623592  5.605663  0.002139 -1.000000
14.37  9.623509  5.605578  0.002138 -1.000000
14.38  9.623426  5.605493  0.002136 -1.000000
14.39  9.623343  5.605402  0.002134 -1.000000
14.40  9.623254  5.605310  0.002132 -1.000000
14.41  9.623171  5.605225  0.002130 -1.000000
14.42  9.623082  5.605127  0.002128 -1.000000
14.43  9.622999  5.605042  0.002126 -1.000000
14.44  9.622916  5.604957  0.002124 -1.000000
14.45  9.622826  5.604859  0.002122 -1.000000
14.46  9.622743  5.604774  0.002120 -1.000000
14.47  9.622654  5.604676  0.002118 -1.000000
14.48  9.622571  5.604591  0.002116 -1.000000
14.49  9.622482  5.604494  0.002115 -1.000000
14.50  9.622390  5.604408  0.002113 -1.000000
14.51  9.622300  5.604317  0.002111 -1.000000
14.52  9.622217  5.604225  0.002109 -1.000000
14.53  9.622128  5.604128  0.002107 -1.000000
14.54  9.622039  5.604036  0.002105 -1.000000
14.55  9.621956  5.603951  0.002103 -1.000000
14.56  9.621866  5.603853  0.002102 -1.000000
14.57  9.621783  5.603762  0.002100 -1.000000
14.58  9.621685  5.603671  0.002098 -1.000000
14.59  9.621596  5.603573  0.002096 -1.000000
14.60  9.621513  5.603482  0.002094 -1.000000
14.61  9.621423  5.603390  0.002093 -1.000000
14.62  9.621334  5.603293  0.002091 -1.000000
14.63  9.621236  5.603201  0.002089 -1.000000
14.64  9.621153  5.603110  0.002087 -1.000000
14.65  9.621063  5.603012  0.002085 -1.000000
14.66  9.620974  5.602921  0.002084 -1.000000
14.67  9.620891  5.602829  0.002082 -1.000000
14.68  9.620793  5.602738  0.002080 -1.000000
14.69  9.620703  5.602640  0.002078 -1.000000
14.70  9.620614  5.602548  0.002077 -1.000000
14.71  9.620524  5.602451  0.002075 -1.000000
14.72  9.620441  5.602366  0.002073 -1.000000
14.73  9.620343  5.602268  0.002071 -1.000000
14.74  9.620254  5.602176  0.002070 -1.000000
14.75  9.620164  5.602079  0.002068 -1.000000
14.76  9.620081  5.601993  0.002066 -1.000000
14.77  9.619992  5.601896  0.002064 -1.000000
14.78  9.619902  5.601798  0.002063 -1.000000
14.79  9.619813  5.601707  0.002061 -1.000000
14.80  9.619715  5.601615  0.002059 -1.000000
14.81  9.619625  5.601517  0.002058 -1.000000
14.82  9.619536  5.601426  0.002056 -1.000000
14.83  9.619446  5.601328  0.002054 -1.000000
14.84  9.619363  5.601243  0.002053 -1.000000
14.85  9.619274  5.601145  0.002051 -1.000000
14.86  9.619185  5.601053  0.002049 -1.000000
14.87  9.619086  5.600962  0.002048 -1.000000
14.88  9.618997  5.600864  0.002046 -1.000000
14.89  9.618907  5.600772  0.002044 -1.000000
14.90  9.618825  5.600681  0.002043 -1.000000
14.91  9.618735  5.600589  0.002041 -1.000000
14.92  9.618646  5.600498  0.002039 -1.000000
14.93  9.618556  5.600400  0.002038 -1.000000
14.94  9.618467  5.600308  0.002036 -1.000000
14.95  9.618377  5.600217  0.002034 -1.000000
14.96  9.618288  5.600125  0.002033 -1.000000
14.97  9.618190  5.600027  0.002031 -1.000000
14.98  9.618116  5.599942  0.002030 -1.000000
14.99  9.618026  5.599850  0.002028 -1.000000
15.00  9.617928  5.599758  0.002026 -1.000000
