 t       A(O)      A(F)      fg       z
 0.01 -8.000000 -8.000000  0.005000  8.879144
 0.02 -8.000000 -8.000000  0.014765  8.761870
 0.03  6.026512  1.919198  0.024171  8.648011
 0.04  6.585651  2.410439  0.033232  8.537410
 0.05  6.896683  2.687292  0.041964  8.429921
 0.06  7.096881  2.881777  0.050379  8.325406
 0.07  7.239623  3.027283  0.058487  8.223735
 0.08  7.349414  3.141122  0.066299  8.124787
 0.09  7.438056  3.233704  0.073824  8.028445
 0.10  7.512238  3.311421  0.081073  7.934604
 0.11  7.575823  3.378125  0.088053  7.843158
 0.12  7.631450  3.436501  0.094772  7.754014
 0.13  7.680790  3.488294  0.101240  7.667078
 0.14  7.724987  3.534708  0.107460  7.582265
 0.15  7.765042  3.576789  0.113450  7.499493
 0.16  7.801538  3.615116  0.119210  7.418684
 0.17  7.834936  3.650387  0.124740  7.339765
 0.18  7.865624  3.683431  0.130070  7.262666
 0.19  7.894152  3.714489  0.135180  7.187321
 0.20  7.920672  3.743741  0.140080  7.113666
 0.21  7.945514  3.771344  0.144800  7.041642
 0.22  7.968841  3.797484  0.149320  6.971191
 0.23  7.990859  3.822312  0.153650  6.902260
 0.24  8.011621  3.845861  0.157810  6.834796
 0.25  8.031288  3.868294  0.161790  6.768751
 0.26  8.049502  3.889299  0.165600  6.704076
 0.27  8.066741  3.909309  0.169250  6.640727
 0.28  8.083230  3.928502  0.172730  6.578661
 0.29  8.099048  3.946946  0.176060  6.517836
 0.30  8.114224  3.964683  0.179230  6.458214
 0.31  8.128847  3.981792  0.182260  6.399756
 0.32  8.142874  3.998253  0.185150  6.342428
 0.33  8.156402  4.014152  0.187890  6.286193
 0.34  8.169445  4.029514  0.190510  6.231020
 0.35  8.182051  4.044400  0.192990  6.176875
 0.36  8.194230  4.058802  0.195350  6.123730
 0.37  8.206008  4.072789  0.197580  6.071555
 0.38  8.217449  4.086390  0.199700  6.020321
 0.39  8.228460  4.099546  0.201700  5.970002
 0.40  8.239135  4.112322  0.203600  5.920571
 0.41  8.249491  4.124763  0.205380  5.872005
 0.42  8.259557  4.136876  0.207060  5.824278
 0.43  8.269348  4.148690  0.208640  5.777369
 0.44  8.278864  4.160219  0.210120  5.731254
 0.45  8.288118  4.171477  0.211510  5.685912
 0.46  8.297251  4.182387  0.212800  5.641324
 0.47  8.306161  4.192847  0.214010  5.597468
 0.48  8.314825  4.203066  0.215140  5.554326
 0.49  8.323208  4.213103  0.216180  5.511879
 0.50  8.331345  4.222967  0.217140  5.470110
 0.51  8.339266  4.232705  0.218030  5.429001
 0.52  8.346920  4.242247  0.218840  5.388536
 0.53  8.354359  4.251643  0.219580  5.348699
 0.54  8.361591  4.260887  0.220260  5.309474
 0.55  8.368656  4.270037  0.220860  5.270846
 0.56  8.375508  4.279004  0.221400  5.232802
 0.57  8.382176  4.287834  0.221870  5.195326
 0.58  8.388709  4.296584  0.222290  5.158405
 0.59  8.395047  4.305163  0.222640  5.122027
 0.60  8.401229  4.313627  0.222940  5.086179
 0.61  8.407304  4.322014  0.223180  5.050847
 0.62  8.413198  4.330249  0.223370  5.016022
 0.63  8.418952  4.338371  0.223500  4.981690
 0.64  8.424620  4.346435  0.223580  4.947841
 0.65  8.430122  4.354356  0.223620  4.914464
 0.66  8.435512  4.362167  0.223610  4.881549
 0.67  8.440820  4.369934  0.223550  4.849085
 0.68  8.445971  4.377574  0.223450  4.817062
 0.69  8.451021  4.385137  0.223300  4.785472
 0.70  8.456016  4.392663  0.223120  4.754304
 0.71  8.460854  4.400080  0.222890  4.723550
 0.72  8.465608  4.407432  0.222630  4.693201
 0.73  8.470306  4.414769  0.222330  4.663248
 0.74  8.474873  4.422005  0.221990  4.633683
 0.75  8.479345  4.429198  0.221620  4.604499
 0.76  8.483741  4.436347  0.221220  4.575687
 0.77  8.488099  4.443500  0.220790  4.547240
 0.78  8.492326  4.450578  0.220320  4.519150
 0.79  8.496483  4.457623  0.219830  4.491411
 0.80  8.500607  4.464684  0.219300  4.464015
 0.81  8.504613  4.471685  0.218760  4.436956
 0.82  8.508546  4.478667  0.218180  4.410226
 0.83  8.512458  4.485658  0.217580  4.383820
 0.84  8.516258  4.492587  0.216960  4.357732
 0.85  8.519989  4.499480  0.216310  4.331954
 0.86  8.523704  4.506392  0.215640  4.306482
 0.87  8.527310  4.513225  0.214950  4.281310
 0.88  8.530859  4.520018  0.214240  4.256431
 0.89  8.534396  4.526810  0.213510  4.231841
 0.90  8.537827  4.533510  0.212760  4.207534
 0.91  8.541229  4.540175  0.211990  4.183505
 0.92  8.544567  4.546780  0.211210  4.159749
 0.93  8.547865  4.553365  0.210410  4.136260
 0.94  8.551136  4.559913  0.209590  4.113035
 0.95  8.554363  4.566410  0.208760  4.090068
 0.96  8.557562  4.572765  0.207910  4.067355
 0.97  8.560719  4.579033  0.207050  4.044891
 0.98  8.563835  4.585174  0.206180  4.022672
 0.99  8.566924  4.591234  0.205290  4.000694
 1.00  8.569968  4.597130  0.204390  3.978952
 1.01  8.572906  4.602753  0.209000  3.957442
 1.02  8.572226  4.607796  0.213440  3.936161
 1.03  8.565613  4.606675  0.217750  3.915105
 1.04  8.558074  4.602514  0.221970  3.894270
 1.05  8.550773  4.598513  0.226110  3.873651
 1.06  8.543702  4.594679  0.230180  3.853246
 1.07  8.536845  4.591015  0.234190  3.833051
 1.08  8.530195  4.587480  0.238140  3.813063
 1.09  8.523750  4.584088  0.242030  3.793277
 1.10  8.517485  4.580795  0.245870  3.773692
 1.11  8.511398  4.577650  0.249660  3.754303
 1.12  8.505478  4.574568  0.253400  3.735107
 1.13  8.499716  4.571550  0.257100  3.716102
 1.14  8.494109  4.568644  0.260750  3.697284
 1.15  8.488651  4.565815  0.264350  3.678650
 1.16  8.483331  4.563063  0.267910  3.660198
 1.17  8.478104  4.560338  0.271430  3.641925
 1.18  8.473045  4.557693  0.274910  3.623827
 1.19  8.468098  4.555126  0.278340  3.605903
 1.20  8.463268  4.552592  0.281740  3.588149
 1.21  8.458551  4.550116  0.285100  3.570563
 1.22  8.453942  4.547671  0.288420  3.553143
 1.23  8.449436  4.545272  0.291710  3.535885
 1.24  8.445071  4.542944  0.294960  3.518788
 1.25  8.440755  4.540597  0.298180  3.501849
 1.26  8.436535  4.538280  0.301360  3.485065
 1.27  8.432447  4.536021  0.304510  3.468435
 1.28  8.428398  4.533740  0.307620  3.451957
 1.29  8.424445  4.531476  0.310700  3.435627
 1.30  8.420604  4.529267  0.313750  3.419444
 1.31  8.416802  4.527033  0.316760  3.403406
 1.32  8.413125  4.524863  0.319750  3.387510
 1.33  8.409516  4.522717  0.322700  3.371755
 1.34  8.405931  4.520550  0.325620  3.356138
 1.35  8.402470  4.518454  0.328510  3.340659
 1.36  8.399071  4.516382  0.331380  3.325314
 1.37  8.395736  4.514339  0.334210  3.310101
 1.38  8.392413  4.512282  0.337010  3.295020
 1.39  8.389201  4.510298  0.339790  3.280068
 1.40  8.386057  4.508345  0.342530  3.265243
 1.41  8.382964  4.506422  0.345250  3.250545
 1.42  8.379921  4.504535  0.347940  3.235970
 1.43  8.376942  4.502675  0.350600  3.221517
 1.44  8.374005  4.500852  0.353240  3.207185
 1.45  8.371134  4.499062  0.355840  3.192972
 1.46  8.368308  4.497299  0.358430  3.178876
 1.47  8.365528  4.495569  0.360980  3.164897
 1.48  8.362796  4.493864  0.363520  3.151031
 1.49  8.360113  4.492182  0.366020  3.137279
 1.50  8.357478  4.490529  0.368510  3.123638
 1.51  8.354883  4.488901  0.370960  3.110107
 1.52  8.352329  4.487288  0.373400  3.096684
 1.53  8.349869  4.485748  0.375810  3.083369
 1.54  8.347397  4.484180  0.378190  3.070159
 1.55  8.344979  4.482632  0.380550  3.057053
 1.56  8.342593  4.481105  0.382900  3.044051
 1.57  8.340282  4.479632  0.385210  3.031150
 1.58  8.337974  4.478141  0.387510  3.018350
 1.59  8.335710  4.476662  0.389780  3.005649
 1.60  8.333470  4.475199  0.392030  2.993047
 1.61  8.331309  4.473795  0.394260  2.980540
 1.62  8.329151  4.472360  0.396470  2.968130
 1.63  8.327019  4.470941  0.398660  2.955814
 1.64  8.324966  4.469577  0.400830  2.943591
 1.65  8.322908  4.468182  0.402980  2.931460
 1.66  8.320876  4.466798  0.405100  2.919420
 1.67  8.318913  4.465469  0.407210  2.907470
 1.68  8.316947  4.464110  0.409300  2.895609
 1.69  8.315051  4.462800  0.411370  2.883836
 1.70  8.313140  4.461454  0.413410  2.872149
 1.71  8.311301  4.460169  0.415440  2.860548
 1.72  8.309447  4.458843  0.417450  2.849032
 1.73  8.307622  4.457529  0.419440  2.837599
 1.74  8.305870  4.456265  0.421420  2.826249
 1.75  8.304104  4.454966  0.423370  2.814981
 1.76  8.302400  4.453723  0.425310  2.803793
 1.77  8.300683  4.452444  0.427230  2.792686
 1.78  8.299040  4.451215  0.429130  2.781657
 1.79  8.297373  4.449957  0.431010  2.770707
 1.80  8.295768  4.448744  0.432880  2.759833
 1.81  8.294151  4.447507  0.434730  2.749036
 1.82  8.292598  4.446315  0.436560  2.738314
 1.83  8.291033  4.445094  0.438380  2.727667
 1.84  8.289532  4.443924  0.440180  2.717093
 1.85  8.288052  4.442762  0.441960  2.706593
 1.86  8.286549  4.441565  0.443730  2.696164
 1.87  8.285109  4.440425  0.445480  2.685807
 1.88  8.283648  4.439251  0.447210  2.675520
 1.89  8.282251  4.438128  0.448930  2.665303
 1.90  8.280876  4.437019  0.450640  2.655155
 1.91  8.279479  4.435870  0.452320  2.645075
 1.92  8.278147  4.434779  0.454000  2.635062
 1.93  8.276794  4.433653  0.455660  2.625117
 1.94  8.275494  4.432585  0.457300  2.615237
 1.95  8.274229  4.431521  0.458930  2.605423
 1.96  8.272931  4.430428  0.460540  2.595673
 1.97  8.271685  4.429381  0.462140  2.585987
 1.98  8.270476  4.428349  0.463730  2.576365
 1.99  8.269233  4.427284  0.465300  2.566805
 2.00  8.268044  4.426271  0.466860  2.557307
 2.01  8.266879  4.425267  0.468400  2.547870
 2.02  8.265680  4.424229  0.469930  2.538494
 2.03  8.264549  4.423245  0.471440  2.529178
 2.04  8.263441  4.422269  0.472950  2.519922
 2.05  8.262301  4.421255  0.474430  2.510724
 2.06  8.261216  4.420287  0.475900  2.501584
 2.07  8.260154  4.419329  0.477360  2.492502
 2.08  8.259047  4.418344  0.478790  2.483477
 2.09  8.258022  4.417406  0.480220  2.474508
 2.10  8.256994  4.416478  0.481630  2.465596
 2.11  8.255977  4.415559  0.483030  2.456738
 2.12  8.254943  4.414608  0.484420  2.447935
 2.13  8.253963  4.413710  0.485790  2.439187
 2.14  8.252995  4.412823  0.487150  2.430492
 2.15  8.252052  4.411939  0.488500  2.421850
 2.16  8.251065  4.411023  0.489830  2.413261
 2.17  8.250146  4.410160  0.491160  2.404724
 2.18  8.249225  4.409308  0.492470  2.396238
 2.19  8.248330  4.408460  0.493770  2.387803
 2.20  8.247391  4.407580  0.495050  2.379419
 2.21  8.246520  4.406753  0.496330  2.371086
 2.22  8.245662  4.405931  0.497590  2.362801
 2.23  8.244802  4.405120  0.498840  2.354566
 2.24  8.243926  4.404276  0.500080  2.346379
 2.25  8.243091  4.403480  0.501310  2.338241
 2.26  8.242283  4.402695  0.502530  2.330150
 2.27  8.241474  4.401915  0.503730  2.322107
 2.28  8.240648  4.401103  0.504930  2.314110
 2.29  8.239864  4.400339  0.506110  2.306160
 2.30  8.239093  4.399586  0.507290  2.298256
 2.31  8.238335  4.398837  0.508450  2.290397
 2.32  8.237576  4.398088  0.509600  2.282583
 2.33  8.236786  4.397313  0.510740  2.274814
 2.34  8.236053  4.396580  0.511860  2.267089
 2.35  8.235333  4.395858  0.512980  2.259408
 2.36  8.234612  4.395141  0.514080  2.251771
 2.37  8.233903  4.394429  0.515180  2.244176
 2.38  8.233166  4.393686  0.516260  2.236624
 2.39  8.232470  4.392984  0.517330  2.229115
 2.40  8.231787  4.392301  0.518390  2.221647
 2.41  8.231118  4.391616  0.519440  2.214221
 2.42  8.230449  4.390943  0.520480  2.206836
 2.43  8.229749  4.390233  0.521510  2.199491
 2.44  8.229092  4.389577  0.522530  2.192187
 2.45  8.228448  4.388920  0.523540  2.184923
 2.46  8.227818  4.388275  0.524540  2.177699
 2.47  8.227187  4.387641  0.525530  2.170514
 2.48  8.226512  4.386964  0.526510  2.163368
 2.49  8.225894  4.386342  0.527470  2.156261
 2.50  8.225290  4.385725  0.528430  2.149192
 2.51  8.224685  4.385114  0.529380  2.142160
 2.52  8.224093  4.384515  0.530320  2.135167
 2.53  8.223501  4.383915  0.531250  2.128211
 2.54  8.222881  4.383284  0.532170  2.121291
 2.55  8.222302  4.382695  0.533090  2.114409
 2.56  8.221737  4.382118  0.533990  2.107562
 2.57  8.221172  4.381548  0.534880  2.100752
 2.58  8.220606  4.380983  0.535760  2.093977
 2.59  8.220054  4.380423  0.536640  2.087238
 2.60  8.219473  4.379827  0.537500  2.080534
 2.61  8.218935  4.379279  0.538360  2.073865
 2.62  8.218396  4.378737  0.539200  2.067230
 2.63  8.217872  4.378201  0.540040  2.060630
 2.64  8.217346  4.377671  0.540870  2.054063
 2.65  8.216835  4.377147  0.541690  2.047530
 2.66  8.216281  4.376579  0.542500  2.041031
 2.67  8.215769  4.376067  0.543300  2.034564
 2.68  8.215271  4.375561  0.544100  2.028131
 2.69  8.214773  4.375054  0.544890  2.021730
 2.70  8.214289  4.374553  0.545660  2.015361
 2.71  8.213805  4.374064  0.546430  2.009024
 2.72  8.213321  4.373576  0.547200  2.002719
 2.73  8.212808  4.373050  0.547950  1.996445
 2.74  8.212337  4.372566  0.548690  1.990203
 2.75  8.211881  4.372096  0.549430  1.983992
 2.76  8.211410  4.371625  0.550160  1.977811
 2.77  8.210953  4.371160  0.550880  1.971661
 2.78  8.210511  4.370701  0.551600  1.965541
 2.79  8.210068  4.370248  0.552310  1.959451
 2.80  8.209582  4.369752  0.553010  1.953391
 2.81  8.209139  4.369312  0.553700  1.947361
 2.82  8.208710  4.368865  0.554380  1.941359
 2.83  8.208281  4.368430  0.555060  1.935387
 2.84  8.207852  4.367995  0.555730  1.929444
 2.85  8.207437  4.367567  0.556400  1.923529
 2.86  8.207022  4.367144  0.557050  1.917643
 2.87  8.206607  4.366728  0.557700  1.911784
 2.88  8.206164  4.366269  0.558350  1.905954
 2.89  8.205763  4.365852  0.558980  1.900151
 2.90  8.205362  4.365448  0.559610  1.894376
 2.91  8.204961  4.365044  0.560240  1.888628
 2.92  8.204574  4.364646  0.560860  1.882907
 2.93  8.204188  4.364255  0.561470  1.877214
 2.94  8.203816  4.363863  0.562080  1.871546
 2.95  8.203444  4.363478  0.562680  1.865906
 2.96  8.203029  4.363056  0.563280  1.860291
 2.97  8.202657  4.362677  0.563870  1.854702
 2.98  8.202300  4.362304  0.564460  1.849140
 2.99  8.201942  4.361938  0.565040  1.843603
 3.00  8.201584  4.361571  0.565610  1.838091
 3.01  8.201242  4.361211  0.566180  1.832605
 3.02  8.200899  4.360857  0.566750  1.827144
 3.03  8.200556  4.360503  0.567310  1.821708
 3.04  8.200213  4.360156  0.567860  1.816296
 3.05  8.199885  4.359808  0.568410  1.810909
 3.06  8.199513  4.359424  0.568960  1.805547
 3.07  8.199185  4.359083  0.569500  1.800208
 3.08  8.198872  4.358755  0.570030  1.794894
 3.09  8.198543  4.358420  0.570560  1.789603
 3.10  8.198229  4.358091  0.571090  1.784336
 3.11  8.197915  4.357769  0.571610  1.779092
 3.12  8.197617  4.357447  0.572120  1.773872
 3.13  8.197319  4.357132  0.572630  1.768675
 3.14  8.197020  4.356823  0.573140  1.763501
 3.15  8.196721  4.356507  0.573640  1.758349
 3.16  8.196422  4.356204  0.574140  1.753220
 3.17  8.196138  4.355902  0.574630  1.748114
 3.18  8.195812  4.355556  0.575120  1.743030
 3.19  8.195528  4.355260  0.575600  1.737968
 3.20  8.195243  4.354963  0.576080  1.732928
 3.21  8.194975  4.354674  0.576560  1.727910
 3.22  8.194706  4.354391  0.577030  1.722914
 3.23  8.194437  4.354108  0.577490  1.717939
 3.24  8.194168  4.353824  0.577960  1.712985
 3.25  8.193899  4.353548  0.578410  1.708053
 3.26  8.193646  4.353271  0.578870  1.703142
 3.27  8.193392  4.353001  0.579320  1.698251
 3.28  8.193138  4.352731  0.579760  1.693382
 3.29  8.192884  4.352460  0.580210  1.688533
 3.30  8.192630  4.352197  0.580640  1.683704
 3.31  8.192392  4.351940  0.581080  1.678896
 3.32  8.192111  4.351633  0.581510  1.674108
 3.33  8.191872  4.351383  0.581930  1.669341
 3.34  8.191633  4.351125  0.582360  1.664593
 3.35  8.191394  4.350875  0.582770  1.659865
 3.36  8.191171  4.350631  0.583190  1.655156
 3.37  8.190932  4.350387  0.583600  1.650467
 3.38  8.190709  4.350144  0.584010  1.645798
 3.39  8.190485  4.349906  0.584410  1.641147
 3.40  8.190262  4.349669  0.584810  1.636516
 3.41  8.190054  4.349432  0.585210  1.631904
 3.42  8.189830  4.349201  0.585600  1.627310
 3.43  8.189623  4.348971  0.585990  1.622736
 3.44  8.189415  4.348747  0.586380  1.618180
 3.45  8.189207  4.348516  0.586760  1.613642
 3.46  8.188998  4.348299  0.587140  1.609123
 3.47  8.188790  4.348075  0.587520  1.604622
 3.48  8.188598  4.347858  0.587890  1.600139
 3.49  8.188389  4.347641  0.588260  1.595675
 3.50  8.188197  4.347430  0.588620  1.591228
 3.51  8.187961  4.347177  0.588990  1.586798
 3.52  8.187769  4.346966  0.589350  1.582387
 3.53  8.187576  4.346762  0.589700  1.577993
 3.54  8.187399  4.346559  0.590050  1.573616
 3.55  8.187206  4.346355  0.590400  1.569257
 3.56  8.187029  4.346151  0.590750  1.564915
 3.57  8.186852  4.345954  0.591100  1.560590
 3.58  8.186675  4.345757  0.591440  1.556282
 3.59  8.186498  4.345567  0.591770  1.551991
 3.60  8.186321  4.345376  0.592110  1.547716
 3.61  8.186143  4.345186  0.592440  1.543459
 3.62  8.185982  4.344996  0.592770  1.539217
 3.63  8.185805  4.344812  0.593090  1.534992
 3.64  8.185643  4.344629  0.593420  1.530784
 3.65  8.185482  4.344445  0.593740  1.526592
 3.66  8.185320  4.344261  0.594050  1.522415
 3.67  8.185159  4.344085  0.594370  1.518255
 3.68  8.184997  4.343908  0.594680  1.514111
 3.69  8.184836  4.343731  0.594990  1.509982
 3.70  8.184690  4.343561  0.595290  1.505870
 3.71  8.184528  4.343391  0.595590  1.501773
 3.72  8.184383  4.343222  0.595890  1.497691
 3.73  8.184237  4.343051  0.596190  1.493625
 3.74  8.184075  4.342889  0.596480  1.489574
 3.75  8.183929  4.342725  0.596780  1.485538
 3.76  8.183800  4.342562  0.597070  1.481518
 3.77  8.183654  4.342399  0.597350  1.477512
 3.78  8.183465  4.342200  0.597640  1.473521
 3.79  8.183319  4.342037  0.597920  1.469546
 3.80  8.183189  4.341880  0.598200  1.465585
 3.81  8.183059  4.341731  0.598470  1.461639
 3.82  8.182913  4.341575  0.598750  1.457707
 3.83  8.182783  4.341426  0.599020  1.453790
 3.84  8.182653  4.341276  0.599290  1.449887
 3.85  8.182523  4.341127  0.599560  1.445998
 3.86  8.182393  4.340984  0.599820  1.442124
 3.87  8.182263  4.340835  0.600080  1.438264
 3.88  8.182133  4.340693  0.600340  1.434418
 3.89  8.182019  4.340550  0.600600  1.430586
 3.90  8.181889  4.340408  0.600860  1.426767
 3.91  8.181775  4.340272  0.601110  1.422963
 3.92  8.181661  4.340129  0.601360  1.419172
 3.93  8.181530  4.339994  0.601610  1.415395
 3.94  8.181416  4.339858  0.601850  1.411632
 3.95  8.181302  4.339730  0.602100  1.407882
 3.96  8.181188  4.339594  0.602340  1.404145
 3.97  8.181074  4.339466  0.602580  1.400422
 3.98  8.180960  4.339337  0.602820  1.396712
 3.99  8.180846  4.339208  0.603050  1.393015
 4.00  8.180748  4.339080  0.603290  1.389331
 4.01  8.180633  4.338951  0.603520  1.385660
 4.02  8.180535  4.338829  0.603750  1.382002
 4.03  8.180421  4.338708  0.603980  1.378357
 4.04  8.180323  4.338586  0.604200  1.374725
 4.05  8.180209  4.338464  0.604430  1.371105
 4.06  8.180111  4.338343  0.604650  1.367498
 4.07  8.180013  4.338228  0.604870  1.363904
 4.08  8.179915  4.338106  0.605090  1.360322
 4.09  8.179816  4.337992  0.605300  1.356752
 4.10  8.179718  4.337877  0.605520  1.353195
 4.11  8.179620  4.337762  0.605730  1.349650
 4.12  8.179522  4.337655  0.605940  1.346118
 4.13  8.179440  4.337540  0.606150  1.342597
 4.14  8.179342  4.337432  0.606360  1.339089
 4.15  8.179244  4.337324  0.606560  1.335592
 4.16  8.179162  4.337217  0.606760  1.332108
 4.17  8.179063  4.337109  0.606970  1.328635
 4.18  8.178981  4.337001  0.607170  1.325174
 4.19  8.178900  4.336901  0.607360  1.321725
 4.20  8.178801  4.336793  0.607560  1.318287
 4.21  8.178719  4.336692  0.607750  1.314861
 4.22  8.178637  4.336592  0.607950  1.311447
 4.23  8.178555  4.336491  0.608140  1.308044
 4.24  8.178473  4.336390  0.608330  1.304652
 4.25  8.178391  4.336297  0.608520  1.301272
 4.26  8.178309  4.336196  0.608700  1.297903
 4.27  8.178227  4.336102  0.608890  1.294545
 4.28  8.178161  4.336009  0.609070  1.291198
 4.29  8.178079  4.335915  0.609250  1.287863
 4.30  8.177997  4.335822  0.609430  1.284538
 4.31  8.177931  4.335728  0.609610  1.281225
 4.32  8.177849  4.335634  0.609790  1.277922
 4.33  8.177767  4.335548  0.609960  1.274630
 4.34  8.177701  4.335454  0.610140  1.271349
 4.35  8.177593  4.335324  0.610310  1.268079
 4.36  8.177510  4.335238  0.610480  1.264819
 4.37  8.177445  4.335151  0.610650  1.261570
 4.38  8.177379  4.335065  0.610820  1.258332
 4.39  8.177297  4.334978  0.610990  1.255104
 4.40  8.177231  4.334899  0.611150  1.251886
 4.41  8.177165  4.334812  0.611310  1.248679
 4.42  8.177099  4.334733  0.611480  1.245482
 4.43  8.177033  4.334646  0.611640  1.242295
 4.44  8.176968  4.334567  0.611800  1.239119
 4.45  8.176902  4.334487  0.611960  1.235953
 4.46  8.176836  4.334408  0.612110  1.232797
 4.47  8.176786  4.334335  0.612270  1.229650
 4.48  8.176721  4.334256  0.612420  1.226514
 4.49  8.176655  4.334176  0.612580  1.223388
 4.50  8.176589  4.334104  0.612730  1.220272
 4.51  8.176539  4.334025  0.612880  1.217165
 4.52  8.176473  4.333952  0.613030  1.214069
 4.53  8.176424  4.333880  0.613180  1.210982
 4.54  8.176358  4.333808  0.613320  1.207905
 4.55  8.176309  4.333735  0.613470  1.204837
 4.56  8.176243  4.333663  0.613610  1.201779
 4.57  8.176193  4.333598  0.613760  1.198731
 4.58  8.176144  4.333525  0.613900  1.195692
 4.59  8.176078  4.333453  0.614040  1.192662
 4.60  8.176028  4.333388  0.614180  1.189642
 4.61  8.175979  4.333322  0.614320  1.186631
 4.62  8.175929  4.333250  0.614450  1.183629
 4.63  8.175863  4.333185  0.614590  1.180637
 4.64  8.175814  4.333120  0.614720  1.177654
 4.65  8.175764  4.333054  0.614860  1.174680
 4.66  8.175715  4.332989  0.614990  1.171715
 4.67  8.175665  4.332931  0.615120  1.168759
 4.68  8.175616  4.332866  0.615250  1.165812
 4.69  8.175566  4.332800  0.615380  1.162874
 4.70  8.175516  4.332742  0.615510  1.159945
 4.71  8.175483  4.332677  0.615640  1.157025
 4.72  8.175434  4.332619  0.615770  1.154114
 4.73  8.175384  4.332561  0.615890  1.151211
 4.74  8.175335  4.332503  0.616020  1.148317
 4.75  8.175285  4.332445  0.616140  1.145432
 4.76  8.175252  4.332387  0.616260  1.142556
 4.77  8.175203  4.332329  0.616380  1.139688
 4.78  8.175153  4.332271  0.616500  1.136829
 4.79  8.175120  4.332213  0.616620  1.133978
 4.80  8.175070  4.332154  0.616740  1.131136
 4.81  8.175037  4.332104  0.616860  1.128302
 4.82  8.174988  4.332046  0.616980  1.125476
 4.83  8.174955  4.331995  0.617090  1.122659
 4.84  8.174905  4.331944  0.617210  1.119850
 4.85  8.174872  4.331886  0.617320  1.117049
 4.86  8.174839  4.331835  0.617430  1.114257
 4.87  8.174789  4.331784  0.617550  1.111473
 4.88  8.174756  4.331733  0.617660  1.108697
 4.89  8.174723  4.331682  0.617770  1.105929
 4.90  8.174690  4.331631  0.617880  1.103169
 4.91  8.174640  4.331580  0.617990  1.100417
 4.92  8.174607  4.331537  0.618100  1.097673
 4.93  8.174574  4.331486  0.618200  1.094937
 4.94  8.174541  4.331442  0.618310  1.092209
 4.95  8.174508  4.331391  0.618420  1.089489
 4.96  8.174475  4.331347  0.618520  1.086776
 4.97  8.174442  4.331297  0.618620  1.084072
 4.98  8.174408  4.331253  0.618730  1.081375
 4.99  8.174375  4.331209  0.618830  1.078686
 5.00  8.174342  4.331158  0.618930  1.076005
 5.01  8.174309  4.331115  0.619030  1.073331
 5.02  8.174276  4.331071  0.619130  1.070665
 5.03  8.174243  4.331027  0.619230  1.068006
 5.04  8.174226  4.330983  0.619330  1.065355
 5.05  8.174193  4.330940  0.619430  1.062711
 5.06  8.174160  4.330903  0.619530  1.060075
 5.07  8.174127  4.330860  0.619620  1.057446
 5.08  8.174094  4.330816  0.619720  1.054825
 5.09  8.174077  4.330779  0.619810  1.052211
 5.10  8.174044  4.330736  0.619910  1.049604
 5.11  8.174011  4.330699  0.620000  1.047005
 5.12  8.173994  4.330656  0.620100  1.044413
 5.13  8.173961  4.330619  0.620190  1.041828
 5.14  8.173945  4.330575  0.620280  1.039250
 5.15  8.173911  4.330539  0.620370  1.036680
 5.16  8.173895  4.330502  0.620460  1.034116
 5.17  8.173862  4.330466  0.620550  1.031560
 5.18  8.173845  4.330430  0.620640  1.029010
 5.19  8.173812  4.330393  0.620730  1.026468
 5.20  8.173795  4.330357  0.620820  1.023933
 5.21  8.173762  4.330320  0.620900  1.021404
 5.22  8.173746  4.330284  0.620990  1.018883
 5.23  8.173712  4.330247  0.621080  1.016368
 5.24  8.173696  4.330211  0.621160  1.013860
 5.25  8.173679  4.330174  0.621250  1.011359
 5.26  8.173646  4.330145  0.621330  1.008865
 5.27  8.173629  4.330109  0.621410  1.006378
 5.28  8.173613  4.330079  0.621500  1.003897
 5.29  8.173596  4.330043  0.621580  1.001423
 5.30  8.173563  4.330006  0.621660  0.998956
 5.31  8.173547  4.329977  0.621740  0.996495
 5.32  8.173530  4.329948  0.621820  0.994041
 5.33  8.173513  4.329911  0.621900  0.991594
 5.34  8.173523  4.329925  0.621980  0.989153
 5.35  8.173507  4.329896  0.622060  0.986719
 5.36  8.173490  4.329867  0.622140  0.984291
 5.37  8.173473  4.329830  0.622220  0.981869
 5.38  8.173457  4.329801  0.622300  0.979454
 5.39  8.173440  4.329772  0.622370  0.977045
 5.40  8.173424  4.329743  0.622450  0.974643
 5.41  8.173407  4.329713  0.622520  0.972247
 5.42  8.173390  4.329684  0.622600  0.969858
 5.43  8.173374  4.329655  0.622670  0.967474
 5.44  8.173357  4.329626  0.622750  0.965097
 5.45  8.173341  4.329604  0.622820  0.962726
 5.46  8.173324  4.329575  0.622900  0.960362
 5.47  8.173307  4.329545  0.622970  0.958003
 5.48  8.173291  4.329516  0.623040  0.955651
 5.49  8.173274  4.329494  0.623110  0.953305
 5.50  8.173258  4.329465  0.623180  0.950965
 5.51  8.173241  4.329436  0.623250  0.948630
 5.52  8.173224  4.329414  0.623320  0.946302
 5.53  8.173224  4.329385  0.623390  0.943980
 5.54  8.173208  4.329363  0.623460  0.941664
 5.55  8.173191  4.329333  0.623530  0.939354
 5.56  8.173175  4.329311  0.623600  0.937050
 5.57  8.173158  4.329289  0.623670  0.934752
 5.58  8.173158  4.329260  0.623740  0.932460
 5.59  8.173141  4.329238  0.623800  0.930173
 5.60  8.173125  4.329216  0.623870  0.927893
 5.61  8.173108  4.329194  0.623940  0.925618
 5.62  8.173108  4.329165  0.624000  0.923349
 5.63  8.173091  4.329143  0.624070  0.921085
 5.64  8.173075  4.329121  0.624130  0.918828
 5.65  8.173075  4.329099  0.624200  0.916576
 5.66  8.173058  4.329077  0.624260  0.914330
 5.67  8.173042  4.329055  0.624320  0.912089
 5.68  8.173042  4.329033  0.624390  0.909854
 5.69  8.173025  4.329011  0.624450  0.907625
 5.70  8.173008  4.328990  0.624510  0.905401
 5.71  8.173008  4.328968  0.624580  0.903183
 5.72  8.172992  4.328946  0.624640  0.900970
 5.73  8.172992  4.328931  0.624700  0.898763
 5.74  8.172975  4.328909  0.624760  0.896562
 5.75  8.172975  4.328887  0.624820  0.894365
 5.76  8.172959  4.328865  0.624880  0.892175
 5.77  8.172959  4.328850  0.624940  0.889989
 5.78  8.172942  4.328829  0.625000  0.887809
 5.79  8.172925  4.328807  0.625060  0.885635
 5.80  8.172925  4.328792  0.625120  0.883466
 5.81  8.172925  4.328770  0.625170  0.881302
 5.82  8.172909  4.328748  0.625230  0.879143
 5.83  8.172909  4.328733  0.625290  0.876990
 5.84  8.172892  4.328711  0.625350  0.874842
 5.85  8.172892  4.328697  0.625400  0.872699
 5.86  8.172875  4.328675  0.625460  0.870562
 5.87  8.172875  4.328660  0.625520  0.868429
 5.88  8.172859  4.328638  0.625570  0.866302
 5.89  8.172859  4.328623  0.625630  0.864180
 5.90  8.172859  4.328609  0.625680  0.862063
 5.91  8.172842  4.328587  0.625740  0.859951
 5.92  8.172842  4.328572  0.625790  0.857845
 5.93  8.172842  4.328558  0.625850  0.855743
 5.94  8.172826  4.328543  0.625900  0.853647
 5.95  8.172826  4.328521  0.625950  0.851555
 5.96  8.172826  4.328506  0.626010  0.849468
 5.97  8.172809  4.328492  0.626060  0.847387
 5.98  8.172809  4.328477  0.626110  0.845310
 5.99  8.172809  4.328462  0.626170  0.843239
 6.00  8.172792  4.328440  0.626220  0.841172
 6.01  8.172792  4.328426  0.626270  0.839110
 6.02  8.172792  4.328411  0.626320  0.837053
 6.03  8.172792  4.328396  0.626370  0.835001
 6.04  8.172776  4.328382  0.626420  0.832954
 6.05  8.172776  4.328367  0.626470  0.830911
 6.06  8.172776  4.328352  0.626520  0.828874
 6.07  8.172776  4.328338  0.626570  0.826841
 6.08  8.172759  4.328323  0.626620  0.824813
 6.09  8.172759  4.328308  0.626670  0.822790
 6.10  8.172759  4.328294  0.626720  0.820771
 6.11  8.172759  4.328286  0.626770  0.818757
 6.12  8.172759  4.328272  0.626820  0.816748
 6.13  8.172742  4.328257  0.626870  0.814744
 6.14  8.172742  4.328242  0.626910  0.812744
 6.15  8.172742  4.328228  0.626960  0.810749
 6.16  8.172742  4.328213  0.627010  0.808758
 6.17  8.172742  4.328206  0.627050  0.806772
 6.18  8.172742  4.328191  0.627100  0.804791
 6.19  8.172726  4.328177  0.627150  0.802814
 6.20  8.172726  4.328169  0.627190  0.800841
 6.21  8.172726  4.328155  0.627240  0.798874
 6.22  8.172726  4.328140  0.627290  0.796910
 6.23  8.172726  4.328133  0.627330  0.794951
 6.24  8.172726  4.328118  0.627380  0.792997
 6.25  8.172726  4.328103  0.627420  0.791047
 6.26  8.172726  4.328096  0.627470  0.789102
 6.27  8.172726  4.328081  0.627510  0.787161
 6.28  8.172709  4.328074  0.627560  0.785224
 6.29  8.172709  4.328059  0.627600  0.783292
 6.30  8.172709  4.328045  0.627640  0.781364
 6.31  8.172709  4.328037  0.627690  0.779441
 6.32  8.172709  4.328023  0.627730  0.777522
 6.33  8.172709  4.328015  0.627770  0.775607
 6.34  8.172709  4.328008  0.627820  0.773696
 6.35  8.172709  4.327993  0.627860  0.771790
 6.36  8.172709  4.327986  0.627900  0.769888
 6.37  8.172709  4.327971  0.627940  0.767990
 6.38  8.172709  4.327964  0.627990  0.766097
 6.39  8.172709  4.327949  0.628030  0.764207
 6.40  8.172709  4.327942  0.628070  0.762322
 6.41  8.172709  4.327935  0.628110  0.760441
 6.42  8.172709  4.327920  0.628150  0.758565
 6.43  8.172709  4.327912  0.628190  0.756692
 6.44  8.172709  4.327905  0.628230  0.754824
 6.45  8.172709  4.327890  0.628270  0.752959
 6.46  8.172709  4.327883  0.628310  0.751099
 6.47  8.172709  4.327876  0.628350  0.749243
 6.48  8.172709  4.327868  0.628390  0.747391
 6.49  8.172709  4.327854  0.628430  0.745543
 6.50  8.172709  4.327846  0.628470  0.743699
 6.51  8.172709  4.327839  0.628510  0.741859
 6.52  8.172726  4.327832  0.628550  0.740023
 6.53  8.172769  4.327867  0.628590  0.738191
 6.54  8.172769  4.327853  0.628630  0.736363
 6.55  8.172769  4.327845  0.628670  0.734539
 6.56  8.172769  4.327838  0.628710  0.732719
 6.57  8.172769  4.327831  0.628740  0.730903
 6.58  8.172769  4.327823  0.628780  0.729091
 6.59  8.172769  4.327816  0.628820  0.727283
 6.60  8.172769  4.327809  0.628860  0.725479
 6.61  8.172769  4.327794  0.628900  0.723678
 6.62  8.172769  4.327787  0.628930  0.721882
 6.63  8.172785  4.327779  0.628970  0.720089
 6.64  8.172785  4.327772  0.629010  0.718300
 6.65  8.172785  4.327765  0.629040  0.716515
 6.66  8.172785  4.327757  0.629080  0.714734
 6.67  8.172785  4.327750  0.629120  0.712956
 6.68  8.172785  4.327743  0.629150  0.711182
 6.69  8.172785  4.327735  0.629190  0.709413
 6.70  8.172785  4.327728  0.629230  0.707646
 6.71  8.172802  4.327721  0.629260  0.705884
 6.72  8.172802  4.327713  0.629300  0.704125
 6.73  8.172802  4.327706  0.629330  0.702370
 6.74  8.172802  4.327699  0.629370  0.700619
 6.75  8.172802  4.327691  0.629400  0.698871
 6.76  8.172802  4.327684  0.629440  0.697127
 6.77  8.172819  4.327684  0.629470  0.695387
 6.78  8.172819  4.327677  0.629510  0.693651
 6.79  8.172819  4.327669  0.629540  0.691918
 6.80  8.172819  4.327662  0.629580  0.690188
 6.81  8.172819  4.327655  0.629610  0.688462
 6.82  8.172819  4.327647  0.629640  0.686740
 6.83  8.172835  4.327640  0.629680  0.685022
 6.84  8.172835  4.327633  0.629710  0.683307
 6.85  8.172835  4.327633  0.629740  0.681595
 6.86  8.172835  4.327625  0.629780  0.679887
 6.87  8.172835  4.327618  0.629810  0.678183
 6.88  8.172852  4.327611  0.629840  0.676482
 6.89  8.172852  4.327603  0.629880  0.674784
 6.90  8.172852  4.327603  0.629910  0.673090
 6.91  8.172852  4.327596  0.629940  0.671400
 6.92  8.172869  4.327589  0.629980  0.669713
 6.93  8.172869  4.327581  0.630010  0.668030
 6.94  8.172869  4.327574  0.630040  0.666349
 6.95  8.172869  4.327574  0.630070  0.664673
 6.96  8.172869  4.327567  0.630100  0.663000
 6.97  8.172885  4.327559  0.630140  0.661330
 6.98  8.172885  4.327559  0.630170  0.659663
 6.99  8.172885  4.327552  0.630200  0.658000
 7.00  8.172885  4.327544  0.630230  0.656341
 7.01  8.172902  4.327537  0.630260  0.654684
 7.02  8.172902  4.327537  0.630290  0.653031
 7.03  8.172902  4.327530  0.630330  0.651382
 7.04  8.172902  4.327522  0.630360  0.649735
 7.05  8.172918  4.327522  0.630390  0.648092
 7.06  8.172918  4.327515  0.630420  0.646453
 7.07  8.172918  4.327508  0.630450  0.644816
 7.08  8.172935  4.327508  0.630480  0.643183
 7.09  8.172935  4.327500  0.630510  0.641553
 7.10  8.172935  4.327493  0.630540  0.639926
 7.11  8.172935  4.327493  0.630570  0.638303
 7.12  8.172952  4.327486  0.630600  0.636683
 7.13  8.172952  4.327478  0.630630  0.635066
 7.14  8.172952  4.327478  0.630660  0.633452
 7.15  8.172952  4.327471  0.630690  0.631841
 7.16  8.172968  4.327471  0.630720  0.630234
 7.17  8.172968  4.327464  0.630750  0.628630
 7.18  8.172968  4.327456  0.630780  0.627029
 7.19  8.172985  4.327456  0.630810  0.625431
 7.20  8.172985  4.327449  0.630840  0.623836
 7.21  8.172985  4.327449  0.630870  0.622245
 7.22  8.173002  4.327442  0.630890  0.620656
 7.23  8.173002  4.327442  0.630920  0.619071
 7.24  8.173002  4.327434  0.630950  0.617488
 7.25  8.173002  4.327427  0.630980  0.615909
 7.26  8.173018  4.327427  0.631010  0.614333
 7.27  8.173018  4.327420  0.631040  0.612760
 7.28  8.173018  4.327420  0.631070  0.611190
 7.29  8.173035  4.327412  0.631090  0.609623
 7.30  8.173035  4.327412  0.631120  0.608059
 7.31  8.173035  4.327405  0.631150  0.606498
 7.32  8.173051  4.327405  0.631180  0.604940
 7.33  8.173051  4.327398  0.631200  0.603385
 7.34  8.173051  4.327398  0.631230  0.601834
 7.35  8.173068  4.327390  0.631260  0.600285
 7.36  8.173068  4.327390  0.631290  0.598739
 7.37  8.173068  4.327383  0.631310  0.597196
 7.38  8.173085  4.327383  0.631340  0.595656
 7.39  8.173085  4.327376  0.631370  0.594119
 7.40  8.173085  4.327376  0.631400  0.592585
 7.41  8.173101  4.327368  0.631420  0.591053
 7.42  8.173101  4.327368  0.631450  0.589525
 7.43  8.173101  4.327361  0.631480  0.588000
 7.44  8.173118  4.327361  0.631500  0.586477
 7.45  8.173118  4.327361  0.631530  0.584958
 7.46  8.173118  4.327354  0.631560  0.583441
 7.47  8.173134  4.327354  0.631580  0.581927
 7.48  8.173134  4.327346  0.631610  0.580416
 7.49  8.173134  4.327346  0.631640  0.578908
 7.50  8.173151  4.327339  0.631660  0.577402
 7.51  8.173151  4.327339  0.631690  0.575900
 7.52  8.173151  4.327339  0.631710  0.574400
 7.53  8.173168  4.327331  0.631740  0.572903
 7.54  8.173168  4.327331  0.631770  0.571409
 7.55  8.173184  4.327324  0.631790  0.569918
 7.56  8.173227  4.327367  0.631820  0.568430
 7.57  8.173227  4.327367  0.631840  0.566944
 7.58  8.173244  4.327360  0.631870  0.565461
 7.59  8.173244  4.327360  0.631890  0.563981
 7.60  8.173244  4.327352  0.631920  0.562503
 7.61  8.173261  4.327352  0.631940  0.561029
 7.62  8.173261  4.327352  0.631970  0.559557
 7.63  8.173261  4.327345  0.631990  0.558087
 7.64  8.173277  4.327345  0.632020  0.556621
 7.65  8.173277  4.327345  0.632040  0.555157
 7.66  8.173294  4.327338  0.632070  0.553696
 7.67  8.173294  4.327338  0.632090  0.552237
 7.68  8.173294  4.327330  0.632120  0.550782
 7.69  8.173310  4.327330  0.632140  0.549329
 7.70  8.173310  4.327330  0.632170  0.547878
 7.71  8.173310  4.327323  0.632190  0.546430
 7.72  8.173327  4.327323  0.632220  0.544985
 7.73  8.173327  4.327323  0.632240  0.543543
 7.74  8.173344  4.327316  0.632260  0.542103
 7.75  8.173344  4.327316  0.632290  0.540665
 7.76  8.173344  4.327316  0.632310  0.539231
 7.77  8.173360  4.327316  0.632340  0.537799
 7.78  8.173360  4.327308  0.632360  0.536369
 7.79  8.173377  4.327308  0.632380  0.534942
 7.80  8.173377  4.327308  0.632410  0.533518
 7.81  8.173377  4.327301  0.632430  0.532096
 7.82  8.173393  4.327301  0.632450  0.530677
 7.83  8.173393  4.327301  0.632480  0.529260
 7.84  8.173393  4.327294  0.632500  0.527846
 7.85  8.173410  4.327294  0.632520  0.526435
 7.86  8.173410  4.327294  0.632550  0.525025
 7.87  8.173427  4.327294  0.632570  0.523619
 7.88  8.173427  4.327286  0.632590  0.522215
 7.89  8.173427  4.327286  0.632620  0.520813
 7.90  8.173443  4.327286  0.632640  0.519414
 7.91  8.173443  4.327279  0.632660  0.518018
 7.92  8.173460  4.327279  0.632690  0.516624
 7.93  8.173460  4.327279  0.632710  0.515232
 7.94  8.173460  4.327279  0.632730  0.513843
 7.95  8.173476  4.327272  0.632760  0.512456
 7.96  8.173476  4.327272  0.632780  0.511072
 7.97  8.173493  4.327272  0.632800  0.509690
 7.98  8.173493  4.327272  0.632820  0.508311
 7.99  8.173493  4.327264  0.632850  0.506934
 8.00  8.173510  4.327264  0.632870  0.505560
 8.01  8.173510  4.327264  0.632890  0.504187
 8.02  8.173526  4.327264  0.632910  0.502818
 8.03  8.173526  4.327257  0.632940  0.501451
 8.04  8.173526  4.327257  0.632960  0.500086
 8.05  8.173543  4.327257  0.632980  0.498723
 8.06  8.173543  4.327257  0.633000  0.497363
 8.07  8.173559  4.327250  0.633020  0.496005
 8.08  8.173559  4.327250  0.633050  0.494650
 8.09  8.173576  4.327250  0.633070  0.493297
 8.10  8.173576  4.327250  0.633090  0.491946
 8.11  8.173576  4.327242  0.633110  0.490598
 8.12  8.173593  4.327242  0.633130  0.489251
 8.13  8.173593  4.327242  0.633160  0.487908
 8.14  8.173609  4.327242  0.633180  0.486566
 8.15  8.173609  4.327242  0.633200  0.485227
 8.16  8.173609  4.327235  0.633220  0.483890
 8.17  8.173626  4.327235  0.633240  0.482556
 8.18  8.173626  4.327235  0.633260  0.481224
 8.19  8.173642  4.327235  0.633290  0.479894
 8.20  8.173642  4.327235  0.633310  0.478566
 8.21  8.173642  4.327228  0.633330  0.477241
 8.22  8.173659  4.327228  0.633350  0.475917
 8.23  8.173659  4.327228  0.633370  0.474597
 8.24  8.173676  4.327228  0.633390  0.473278
 8.25  8.173676  4.327228  0.633410  0.471961
 8.26  8.173692  4.327220  0.633430  0.470647
 8.27  8.173692  4.327220  0.633450  0.469335
 8.28  8.173692  4.327220  0.633480  0.468026
 8.29  8.173709  4.327220  0.633500  0.466718
 8.30  8.173709  4.327220  0.633520  0.465413
 8.31  8.173725  4.327213  0.633540  0.464110
 8.32  8.173725  4.327213  0.633560  0.462809
 8.33  8.173725  4.327213  0.633580  0.461510
 8.34  8.173742  4.327213  0.633600  0.460214
 8.35  8.173742  4.327213  0.633620  0.458919
 8.36  8.173758  4.327213  0.633640  0.457627
 8.37  8.173758  4.327205  0.633660  0.456337
 8.38  8.173775  4.327205  0.633680  0.455049
 8.39  8.173775  4.327205  0.633700  0.453763
 8.40  8.173775  4.327205  0.633720  0.452480
 8.41  8.173792  4.327205  0.633740  0.451198
 8.42  8.173792  4.327205  0.633760  0.449919
 8.43  8.173808  4.327198  0.633780  0.448642
 8.44  8.173808  4.327198  0.633800  0.447367
 8.45  8.173808  4.327198  0.633830  0.446094
 8.46  8.173825  4.327198  0.633850  0.444823
 8.47  8.173825  4.327198  0.633870  0.443554
 8.48  8.173841  4.327198  0.633890  0.442287
 8.49  8.173841  4.327191  0.633910  0.441023
 8.50  8.173858  4.327191  0.633930  0.439760
 8.51  8.173858  4.327191  0.633950  0.438500
 8.52  8.173858  4.327191  0.633970  0.437241
 8.53  8.173875  4.327191  0.633980  0.435985
 8.54  8.173875  4.327191  0.634000  0.434731
 8.55  8.173891  4.327191  0.634020  0.433479
 8.56  8.173891  4.327183  0.634040  0.432228
 8.57  8.173891  4.327183  0.634060  0.430980
 8.58  8.173908  4.327183  0.634080  0.429734
 8.59  8.173908  4.327183  0.634100  0.428490
 8.60  8.173924  4.327183  0.634120  0.427248
 8.61  8.173924  4.327183  0.634140  0.426008
 8.62  8.173941  4.327183  0.634160  0.424770
 8.63  8.173941  4.327176  0.634180  0.423534
 8.64  8.173941  4.327176  0.634200  0.422300
 8.65  8.173957  4.327176  0.634220  0.421068
 8.66  8.173957  4.327176  0.634240  0.419838
 8.67  8.173974  4.327176  0.634260  0.418610
 8.68  8.173974  4.327176  0.634280  0.417384
 8.69  8.173974  4.327176  0.634300  0.416159
 8.70  8.174034  4.327212  0.634320  0.414937
 8.71  8.174034  4.327212  0.634340  0.413717
 8.72  8.174050  4.327212  0.634350  0.412499
 8.73  8.174050  4.327212  0.634370  0.411282
 8.74  8.174067  4.327212  0.634390  0.410068
 8.75  8.174067  4.327212  0.634410  0.408856
 8.76  8.174067  4.327212  0.634430  0.407645
 8.77  8.174083  4.327212  0.634450  0.406437
 8.78  8.174083  4.327204  0.634470  0.405230
 8.79  8.174100  4.327204  0.634490  0.404025
 8.80  8.174100  4.327204  0.634510  0.402822
 8.81  8.174100  4.327204  0.634520  0.401621
 8.82  8.174117  4.327204  0.634540  0.400422
 8.83  8.174117  4.327204  0.634560  0.399225
 8.84  8.174133  4.327204  0.634580  0.398030
 8.85  8.174133  4.327204  0.634600  0.396836
 8.86  8.174150  4.327197  0.634620  0.395645
 8.87  8.174150  4.327197  0.634640  0.394455
 8.88  8.174150  4.327197  0.634660  0.393268
 8.89  8.174166  4.327197  0.634670  0.392082
 8.90  8.174166  4.327197  0.634690  0.390898
 8.91  8.174183  4.327197  0.634710  0.389715
 8.92  8.174183  4.327197  0.634730  0.388535
 8.93  8.174183  4.327197  0.634750  0.387356
 8.94  8.174199  4.327190  0.634770  0.386180
 8.95  8.174199  4.327190  0.634780  0.385005
 8.96  8.174216  4.327190  0.634800  0.383832
 8.97  8.174216  4.327190  0.634820  0.382661
 8.98  8.174233  4.327190  0.634840  0.381491
 8.99  8.174233  4.327190  0.634860  0.380324
 9.00  8.174233  4.327190  0.634880  0.379158
 9.01  8.174249  4.327190  0.634890  0.377994
 9.02  8.174249  4.327190  0.634910  0.376832
 9.03  8.174266  4.327182  0.634930  0.375671
 9.04  8.174266  4.327182  0.634950  0.374513
 9.05  8.174266  4.327182  0.634970  0.373356
 9.06  8.174282  4.327182  0.634980  0.372201
 9.07  8.174282  4.327182  0.635000  0.371047
 9.08  8.174299  4.327182  0.635020  0.369896
 9.09  8.174299  4.327182  0.635040  0.368746
 9.10  8.174299  4.327182  0.635060  0.367598
 9.11  8.174315  4.327182  0.635070  0.366452
 9.12  8.174315  4.327175  0.635090  0.365307
 9.13  8.174332  4.327175  0.635110  0.364165
 9.14  8.174332  4.327175  0.635130  0.363024
 9.15  8.174349  4.327175  0.635150  0.361884
 9.16  8.174349  4.327175  0.635160  0.360747
 9.17  8.174349  4.327175  0.635180  0.359611
 9.18  8.174365  4.327175  0.635200  0.358477
 9.19  8.174365  4.327175  0.635220  0.357344
 9.20  8.174382  4.327175  0.635230  0.356213
 9.21  8.174382  4.327175  0.635250  0.355084
 9.22  8.174382  4.327168  0.635270  0.353957
 9.23  8.174398  4.327168  0.635290  0.352832
 9.24  8.174398  4.327168  0.635300  0.351708
 9.25  8.174415  4.327168  0.635320  0.350585
 9.26  8.174415  4.327168  0.635340  0.349465
 9.27  8.174415  4.327168  0.635360  0.348346
 9.28  8.174431  4.327168  0.635380  0.347229
 9.29  8.174431  4.327168  0.635390  0.346113
 9.30  8.174448  4.327168  0.635410  0.344999
 9.31  8.174448  4.327160  0.635430  0.343887
 9.32  8.174448  4.327160  0.635440  0.342776
 9.33  8.174465  4.327160  0.635460  0.341667
 9.34  8.174465  4.327160  0.635480  0.340560
 9.35  8.174481  4.327160  0.635500  0.339455
 9.36  8.174481  4.327160  0.635510  0.338351
 9.37  8.174481  4.327160  0.635530  0.337248
 9.38  8.174498  4.327160  0.635550  0.336147
 9.39  8.174498  4.327160  0.635570  0.335048
 9.40  8.174514  4.327160  0.635580  0.333951
 9.41  8.174514  4.327153  0.635600  0.332855
 9.42  8.174514  4.327153  0.635620  0.331761
 9.43  8.174531  4.327153  0.635640  0.330668
 9.44  8.174531  4.327153  0.635650  0.329577
 9.45  8.174547  4.327153  0.635670  0.328487
 9.46  8.174547  4.327153  0.635690  0.327400
 9.47  8.174547  4.327153  0.635700  0.326313
 9.48  8.174564  4.327153  0.635720  0.325229
 9.49  8.174564  4.327153  0.635740  0.324145
 9.50  8.174580  4.327146  0.635750  0.323064
 9.51  8.174580  4.327146  0.635770  0.321984
 9.52  8.174597  4.327146  0.635790  0.320906
 9.53  8.174597  4.327146  0.635810  0.319829
 9.54  8.174597  4.327146  0.635820  0.318753
 9.55  8.174614  4.327146  0.635840  0.317680
 9.56  8.174614  4.327146  0.635860  0.316608
 9.57  8.174614  4.327146  0.635870  0.315537
 9.58  8.174630  4.327146  0.635890  0.314468
 9.59  8.174630  4.327146  0.635910  0.313400
 9.60  8.174647  4.327138  0.635920  0.312334
 9.61  8.174647  4.327138  0.635940  0.311270
 9.62  8.174647  4.327138  0.635960  0.310207
 9.63  8.174663  4.327138  0.635970  0.309146
 9.64  8.174663  4.327138  0.635990  0.308086
 9.65  8.174680  4.327138  0.636010  0.307027
 9.66  8.174680  4.327138  0.636020  0.305971
 9.67  8.174680  4.327138  0.636040  0.304915
 9.68  8.174696  4.327138  0.636060  0.303861
 9.69  8.174696  4.327138  0.636070  0.302809
 9.70  8.174713  4.327131  0.636090  0.301758
 9.71  8.174713  4.327131  0.636110  0.300709
 9.72  8.174713  4.327131  0.636120  0.299661
 9.73  8.174729  4.327131  0.636140  0.298615
 9.74  8.174729  4.327131  0.636160  0.297570
 9.75  8.174746  4.327131  0.636170  0.296526
 9.76  8.174746  4.327131  0.636190  0.295484
 9.77  8.174746  4.327131  0.636210  0.294444
 9.78  8.174763  4.327131  0.636220  0.293405
 9.79  8.174763  4.327131  0.636240  0.292368
 9.80  8.174779  4.327124  0.636260  0.291331
 9.81  8.174779  4.327124  0.636270  0.290297
 9.82  8.174779  4.327124  0.636290  0.289264
 9.83  8.174796  4.327124  0.636310  0.288232
 9.84  8.174796  4.327124  0.636320  0.287202
 9.85  8.174796  4.327124  0.636340  0.286173
 9.86  8.174812  4.327124  0.636360  0.285146
 9.87  8.174812  4.327124  0.636370  0.284120
 9.88  8.174829  4.327124  0.636390  0.283095
 9.89  8.174829  4.327124  0.636400  0.282072
 9.90  8.174829  4.327116  0.636420  0.281050
 9.91  8.174845  4.327116  0.636440  0.280030
 9.92  8.174845  4.327116  0.636450  0.279011
 9.93  8.174862  4.327116  0.636470  0.277994
 9.94  8.174862  4.327116  0.636490  0.276978
 9.95  8.174862  4.327116  0.636500  0.275963
 9.96  8.174878  4.327116  0.636520  0.274950
 9.97  8.174878  4.327116  0.636530  0.273938
 9.98  8.174895  4.327116  0.636550  0.272928
 9.99  8.174895  4.327116  0.636570  0.271919
10.00  8.174895  4.327109  0.636580  0.270911
10.01  8.174911  4.327109  0.636600  0.269905
10.02  8.174911  4.327109  0.636620  0.268900
10.03  8.174911  4.327109  0.636630  0.267897
10.04  8.174928  4.327109  0.636650  0.266895
10.05  8.174928  4.327109  0.636660  0.265894
10.06  8.174945  4.327109  0.636680  0.264895
10.07  8.174945  4.327109  0.636700  0.263897
10.08  8.174945  4.327109  0.636710  0.262900
10.09  8.174961  4.327101  0.636730  0.261905
10.10  8.174961  4.327101  0.636740  0.260911
10.11  8.174961  4.327101  0.636760  0.259918
10.12  8.174978  4.327101  0.636780  0.258927
10.13  8.174978  4.327101  0.636790  0.257937
10.14  8.175037  4.327144  0.636810  0.256949
10.15  8.175037  4.327144  0.636820  0.255962
10.16  8.175037  4.327144  0.636840  0.254976
10.17  8.175054  4.327144  0.636860  0.253991
10.18  8.175054  4.327144  0.636870  0.253008
10.19  8.175070  4.327137  0.636890  0.252026
10.20  8.175070  4.327137  0.636900  0.251046
10.21  8.175070  4.327137  0.636920  0.250067
10.22  8.175087  4.327137  0.636940  0.249089
10.23  8.175087  4.327137  0.636950  0.248112
10.24  8.175087  4.327137  0.636970  0.247137
10.25  8.175103  4.327137  0.636980  0.246163
10.26  8.175103  4.327137  0.637000  0.245190
10.27  8.175120  4.327137  0.637020  0.244219
10.28  8.175120  4.327130  0.637030  0.243249
10.29  8.175120  4.327130  0.637050  0.242280
10.30  8.175136  4.327130  0.637060  0.241313
10.31  8.175136  4.327130  0.637080  0.240346
10.32  8.175136  4.327130  0.637090  0.239381
10.33  8.175153  4.327130  0.637110  0.238418
10.34  8.175153  4.327130  0.637130  0.237456
10.35  8.175170  4.327130  0.637140  0.236494
10.36  8.175170  4.327130  0.637160  0.235535
10.37  8.175170  4.327122  0.637170  0.234576
10.38  8.175186  4.327122  0.637190  0.233619
10.39  8.175186  4.327122  0.637200  0.232663
10.40  8.175186  4.327122  0.637220  0.231708
10.41  8.175203  4.327122  0.637240  0.230755
10.42  8.175203  4.327122  0.637250  0.229802
10.43  8.175203  4.327122  0.637270  0.228851
10.44  8.175219  4.327122  0.637280  0.227902
10.45  8.175219  4.327122  0.637300  0.226953
10.46  8.175236  4.327122  0.637310  0.226006
10.47  8.175236  4.327115  0.637330  0.225060
10.48  8.175236  4.327115  0.637350  0.224115
10.49  8.175252  4.327115  0.637360  0.223172
10.50  8.175252  4.327115  0.637380  0.222230
10.51  8.175252  4.327115  0.637390  0.221288
10.52  8.175269  4.327115  0.637410  0.220349
10.53  8.175269  4.327115  0.637420  0.219410
10.54  8.175285  4.327115  0.637440  0.218473
10.55  8.175285  4.327115  0.637450  0.217536
10.56  8.175285  4.327115  0.637470  0.216601
10.57  8.175302  4.327108  0.637480  0.215668
10.58  8.175302  4.327108  0.637500  0.214735
10.59  8.175302  4.327108  0.637520  0.213804
10.60  8.175318  4.327108  0.637530  0.212874
10.61  8.175318  4.327108  0.637550  0.211945
10.62  8.175318  4.327108  0.637560  0.211017
10.63  8.175335  4.327108  0.637580  0.210091
10.64  8.175335  4.327108  0.637590  0.209165
10.65  8.175351  4.327108  0.637610  0.208241
10.66  8.175351  4.327100  0.637620  0.207318
10.67  8.175351  4.327100  0.637640  0.206396
10.68  8.175368  4.327100  0.637650  0.205476
10.69  8.175368  4.327100  0.637670  0.204556
10.70  8.175368  4.327100  0.637690  0.203638
10.71  8.175384  4.327100  0.637700  0.202721
10.72  8.175384  4.327100  0.637720  0.201805
10.73  8.175384  4.327100  0.637730  0.200890
10.74  8.175401  4.327100  0.637750  0.199977
10.75  8.175401  4.327093  0.637760  0.199064
10.76  8.175418  4.327093  0.637780  0.198153
10.77  8.175418  4.327093  0.637790  0.197243
10.78  8.175418  4.327093  0.637810  0.196334
10.79  8.175434  4.327093  0.637820  0.195426
10.80  8.175434  4.327093  0.637840  0.194519
10.81  8.175434  4.327093  0.637850  0.193614
10.82  8.175451  4.327093  0.637870  0.192710
10.83  8.175451  4.327093  0.637880  0.191806
10.84  8.175451  4.327086  0.637900  0.190904
10.85  8.175467  4.327086  0.637920  0.190003
10.86  8.175467  4.327086  0.637930  0.189104
10.87  8.175484  4.327086  0.637950  0.188205
10.88  8.175484  4.327086  0.637960  0.187307
10.89  8.175484  4.327086  0.637980  0.186411
10.90  8.175500  4.327086  0.637990  0.185516
10.91  8.175500  4.327086  0.638010  0.184621
10.92  8.175500  4.327086  0.638020  0.183728
10.93  8.175517  4.327086  0.638040  0.182836
10.94  8.175517  4.327078  0.638050  0.181946
10.95  8.175517  4.327078  0.638070  0.181056
10.96  8.175533  4.327078  0.638080  0.180167
10.97  8.175533  4.327078  0.638100  0.179280
10.98  8.175533  4.327078  0.638110  0.178393
10.99  8.175550  4.327078  0.638130  0.177508
11.00  8.175550  4.327078  0.638140  0.176624
11.01  8.175566  4.327078  0.638160  0.175741
11.02  8.175566  4.327078  0.638170  0.174859
11.03  8.175566  4.327071  0.638190  0.173978
11.04  8.175583  4.327071  0.638200  0.173098
11.05  8.175583  4.327071  0.638220  0.172219
11.06  8.175583  4.327071  0.638230  0.171341
11.07  8.175599  4.327071  0.638250  0.170465
11.08  8.175599  4.327071  0.638260  0.169589
11.09  8.175599  4.327071  0.638280  0.168715
11.10  8.175616  4.327071  0.638290  0.167842
11.11  8.175616  4.327071  0.638310  0.166969
11.12  8.175616  4.327064  0.638320  0.166098
11.13  8.175632  4.327064  0.638340  0.165228
11.14  8.175632  4.327064  0.638350  0.164359
11.15  8.175649  4.327064  0.638370  0.163491
11.16  8.175649  4.327064  0.638380  0.162624
11.17  8.175649  4.327064  0.638400  0.161758
11.18  8.175665  4.327064  0.638410  0.160893
11.19  8.175665  4.327064  0.638430  0.160029
11.20  8.175665  4.327064  0.638440  0.159166
11.21  8.175682  4.327064  0.638460  0.158305
11.22  8.175682  4.327056  0.638470  0.157444
11.23  8.175682  4.327056  0.638490  0.156585
11.24  8.175698  4.327056  0.638500  0.155726
11.25  8.175698  4.327056  0.638520  0.154868
11.26  8.175698  4.327056  0.638530  0.154012
11.27  8.175715  4.327056  0.638550  0.153156
11.28  8.175715  4.327056  0.638560  0.152302
11.29  8.175715  4.327056  0.638580  0.151449
11.30  8.175731  4.327056  0.638590  0.150596
11.31  8.175731  4.327049  0.638610  0.149745
11.32  8.175748  4.327049  0.638620  0.148895
11.33  8.175748  4.327049  0.638640  0.148045
11.34  8.175748  4.327049  0.638650  0.147197
11.35  8.175765  4.327049  0.638670  0.146350
11.36  8.175765  4.327049  0.638680  0.145503
11.37  8.175765  4.327049  0.638700  0.144658
11.38  8.175781  4.327049  0.638710  0.143814
11.39  8.175781  4.327049  0.638730  0.142971
11.40  8.175781  4.327049  0.638740  0.142129
11.41  8.175798  4.327042  0.638760  0.141287
11.42  8.175798  4.327042  0.638770  0.140447
11.43  8.175798  4.327042  0.638790  0.139608
11.44  8.175814  4.327042  0.638800  0.138770
11.45  8.175814  4.327042  0.638820  0.137933
11.46  8.175814  4.327042  0.638830  0.137096
11.47  8.175831  4.327042  0.638850  0.136261
11.48  8.175831  4.327042  0.638860  0.135427
11.49  8.175831  4.327042  0.638880  0.134594
11.50  8.175847  4.327034  0.638890  0.133761
11.51  8.175847  4.327034  0.638910  0.132930
11.52  8.175864  4.327034  0.638920  0.132100
11.53  8.175864  4.327034  0.638930  0.131270
11.54  8.175864  4.327034  0.638950  0.130442
11.55  8.175880  4.327034  0.638960  0.129615
11.56  8.175880  4.327034  0.638980  0.128788
11.57  8.175880  4.327034  0.638990  0.127963
11.58  8.175897  4.327034  0.639010  0.127138
11.59  8.175897  4.327034  0.639020  0.126315
11.60  8.175897  4.327027  0.639040  0.125492
11.61  8.175913  4.327027  0.639050  0.124671
11.62  8.175913  4.327027  0.639070  0.123850
11.63  8.175913  4.327027  0.639080  0.123030
11.64  8.175930  4.327027  0.639100  0.122212
11.65  8.175930  4.327027  0.639110  0.121394
11.66  8.175930  4.327027  0.639130  0.120577
11.67  8.175946  4.327027  0.639140  0.119761
11.68  8.175946  4.327027  0.639150  0.118946
11.69  8.175946  4.327027  0.639170  0.118132
11.70  8.175963  4.327019  0.639180  0.117319
11.71  8.175963  4.327019  0.639200  0.116507
11.72  8.175979  4.327019  0.639210  0.115696
11.73  8.175979  4.327019  0.639230  0.114886
11.74  8.175979  4.327019  0.639240  0.114077
11.75  8.175996  4.327019  0.639260  0.113268
11.76  8.175996  4.327019  0.639270  0.112461
11.77  8.175996  4.327019  0.639290  0.111655
11.78  8.176012  4.327019  0.639300  0.110849
11.79  8.176012  4.327019  0.639320  0.110045
11.80  8.176012  4.327012  0.639330  0.109241
11.81  8.176029  4.327012  0.639340  0.108438
11.82  8.176029  4.327012  0.639360  0.107636
11.83  8.176029  4.327012  0.639370  0.106835
11.84  8.176045  4.327012  0.639390  0.106035
11.85  8.176045  4.327012  0.639400  0.105236
11.86  8.176045  4.327012  0.639420  0.104438
11.87  8.176062  4.327012  0.639430  0.103641
11.88  8.176062  4.327012  0.639450  0.102844
11.89  8.176062  4.327012  0.639460  0.102049
11.90  8.176078  4.327005  0.639470  0.101255
11.91  8.176078  4.327005  0.639490  0.100461
11.92  8.176078  4.327005  0.639500  0.099668
11.93  8.176095  4.327005  0.639520  0.098876
11.94  8.176095  4.327005  0.639530  0.098085
11.95  8.176095  4.327005  0.639550  0.097295
11.96  8.176111  4.327005  0.639560  0.096506
11.97  8.176111  4.327005  0.639580  0.095718
11.98  8.176128  4.327005  0.639590  0.094931
11.99  8.176128  4.327005  0.639600  0.094144
12.00  8.176128  4.327005  0.639620  0.093359
12.01  8.176144  4.326997  0.639630  0.092574
12.02  8.176144  4.326997  0.639650  0.091790
12.03  8.176144  4.326997  0.639660  0.091007
12.04  8.176161  4.326997  0.639680  0.090225
12.05  8.176161  4.326997  0.639690  0.089444
12.06  8.176161  4.326997  0.639700  0.088664
12.07  8.176177  4.326997  0.639720  0.087884
12.08  8.176177  4.326997  0.639730  0.087106
12.09  8.176177  4.326997  0.639750  0.086328
12.10  8.176194  4.326997  0.639760  0.085551
12.11  8.176194  4.326990  0.639780  0.084775
12.12  8.176194  4.326990  0.639790  0.084000
12.13  8.176210  4.326990  0.639810  0.083226
12.14  8.176210  4.326990  0.639820  0.082453
12.15  8.176210  4.326990  0.639830  0.081680
12.16  8.176227  4.326990  0.639850  0.080909
12.17  8.176227  4.326990  0.639860  0.080138
12.18  8.176227  4.326990  0.639880  0.079368
12.19  8.176243  4.326990  0.639890  0.078599
12.20  8.176243  4.326990  0.639900  0.077831
12.21  8.176243  4.326990  0.639920  0.077063
12.22  8.176260  4.326983  0.639930  0.076297
12.23  8.176260  4.326983  0.639950  0.075531
12.24  8.176260  4.326983  0.639960  0.074767
12.25  8.176276  4.326983  0.639980  0.074003
12.26  8.176276  4.326983  0.639990  0.073240
12.27  8.176276  4.326983  0.640000  0.072477
12.28  8.176293  4.326983  0.640020  0.071716
12.29  8.176293  4.326983  0.640030  0.070955
12.30  8.176293  4.326983  0.640050  0.070195
12.31  8.176309  4.326983  0.640060  0.069437
12.32  8.176309  4.326983  0.640070  0.068678
12.33  8.176309  4.326975  0.640090  0.067921
12.34  8.176326  4.326975  0.640100  0.067165
12.35  8.176326  4.326975  0.640120  0.066409
12.36  8.176326  4.326975  0.640130  0.065654
12.37  8.176342  4.326975  0.640150  0.064900
12.38  8.176342  4.326975  0.640160  0.064147
12.39  8.176359  4.326975  0.640170  0.063395
12.40  8.176359  4.326975  0.640190  0.062644
12.41  8.176359  4.326975  0.640200  0.061893
12.42  8.176375  4.326975  0.640220  0.061143
12.43  8.176375  4.326975  0.640230  0.060394
12.44  8.176375  4.326968  0.640240  0.059646
12.45  8.176392  4.326968  0.640260  0.058898
12.46  8.176392  4.326968  0.640270  0.058152
12.47  8.176392  4.326968  0.640290  0.057406
12.48  8.176408  4.326968  0.640300  0.056661
12.49  8.176408  4.326968  0.640310  0.055917
12.50  8.176408  4.326968  0.640330  0.055173
12.51  8.176425  4.326968  0.640340  0.054431
12.52  8.176425  4.326968  0.640360  0.053689
12.53  8.176425  4.326968  0.640370  0.052948
12.54  8.176441  4.326968  0.640380  0.052208
12.55  8.176441  4.326968  0.640400  0.051469
12.56  8.176441  4.326961  0.640410  0.050730
12.57  8.176458  4.326961  0.640430  0.049992
12.58  8.176458  4.326961  0.640440  0.049255
12.59  8.176458  4.326961  0.640450  0.048519
12.60  8.176474  4.326961  0.640470  0.047784
12.61  8.176474  4.326961  0.640480  0.047049
12.62  8.176474  4.326961  0.640500  0.046315
12.63  8.176491  4.326961  0.640510  0.045582
12.64  8.176491  4.326961  0.640520  0.044850
12.65  8.176491  4.326961  0.640540  0.044118
12.66  8.176507  4.326961  0.640550  0.043388
12.67  8.176507  4.326961  0.640560  0.042658
12.68  8.176507  4.326953  0.640580  0.041928
12.69  8.176524  4.326953  0.640590  0.041200
12.70  8.176524  4.326953  0.640610  0.040472
12.71  8.176524  4.326953  0.640620  0.039746
12.72  8.176540  4.326953  0.640630  0.039020
12.73  8.176540  4.326953  0.640650  0.038294
12.74  8.176540  4.326953  0.640660  0.037570
12.75  8.176557  4.326953  0.640680  0.036846
12.76  8.176557  4.326953  0.640690  0.036123
12.77  8.176557  4.326953  0.640700  0.035401
12.78  8.176573  4.326953  0.640720  0.034679
12.79  8.176573  4.326953  0.640730  0.033959
12.80  8.176573  4.326946  0.640740  0.033239
12.81  8.176590  4.326946  0.640760  0.032519
12.82  8.176590  4.326946  0.640770  0.031801
12.83  8.176590  4.326946  0.640790  0.031083
12.84  8.176606  4.326946  0.640800  0.030366
12.85  8.176606  4.326946  0.640810  0.029650
12.86  8.176606  4.326946  0.640830  0.028935
12.87  8.176622  4.326946  0.640840  0.028220
12.88  8.176622  4.326946  0.640850  0.027506
12.89  8.176622  4.326946  0.640870  0.026793
12.90  8.176639  4.326946  0.640880  0.026081
12.91  8.176639  4.326946  0.640890  0.025369
12.92  8.176639  4.326939  0.640910  0.024658
12.93  8.176655  4.326939  0.640920  0.023948
12.94  8.176655  4.326939  0.640940  0.023238
12.95  8.176655  4.326939  0.640950  0.022529
12.96  8.176672  4.326939  0.640960  0.021821
12.97  8.176672  4.326939  0.640980  0.021114
12.98  8.176672  4.326939  0.640990  0.020408
12.99  8.176731  4.326982  0.641000  0.019702
13.00  8.176731  4.326982  0.641020  0.018997
13.01  8.176731  4.326982  0.641030  0.018293
13.02  8.176748  4.326982  0.641040  0.017589
13.03  8.176748  4.326982  0.641060  0.016886
13.04  8.176748  4.326974  0.641070  0.016184
13.05  8.176764  4.326974  0.641090  0.015482
13.06  8.176764  4.326974  0.641100  0.014782
13.07  8.176764  4.326974  0.641110  0.014082
13.08  8.176781  4.326974  0.641130  0.013383
13.09  8.176781  4.326974  0.641140  0.012684
13.10  8.176781  4.326974  0.641150  0.011986
13.11  8.176797  4.326974  0.641170  0.011289
13.12  8.176797  4.326974  0.641180  0.010593
13.13  8.176797  4.326974  0.641190  0.009897
13.14  8.176814  4.326974  0.641210  0.009202
13.15  8.176814  4.326974  0.641220  0.008508
13.16  8.176814  4.326974  0.641230  0.007814
13.17  8.176830  4.326967  0.641250  0.007122
13.18  8.176830  4.326967  0.641260  0.006429
13.19  8.176830  4.326967  0.641270  0.005738
13.20  8.176847  4.326967  0.641290  0.005047
13.21  8.176847  4.326967  0.641300  0.004357
13.22  8.176847  4.326967  0.641320  0.003668
13.23  8.176863  4.326967  0.641330  0.002979
13.24  8.176863  4.326967  0.641340  0.002292
13.25  8.176863  4.326967  0.641360  0.001604
13.26  8.176863  4.326967  0.641370  0.000918
13.27  8.176880  4.326967  0.641380  0.000232
13.28  8.176880  4.326967  0.641400 -1.000000
13.29  8.176880  4.326967  0.641410 -1.000000
13.30  8.176896  4.326960  0.641420 -1.000000
13.31  8.176896  4.326960  0.641440 -1.000000
13.32  8.176896  4.326960  0.641450 -1.000000
13.33  8.176913  4.326960  0.641460 -1.000000
13.34  8.176913  4.326960  0.641480 -1.000000
13.35  8.176913  4.326960  0.641490 -1.000000
13.36  8.176929  4.326960  0.641500 -1.000000
13.37  8.176929  4.326960  0.641520 -1.000000
13.38  8.176929  4.326960  0.641530 -1.000000
13.39  8.176946  4.326960  0.641540 -1.000000
13.40  8.176946  4.326960  0.641560 -1.000000
13.41  8.176946  4.326960  0.641570 -1.000000
13.42  8.176962  4.326960  0.641580 -1.000000
13.43  8.176962  4.326952  0.641600 -1.000000
13.44  8.176962  4.326952  0.641610 -1.000000
13.45  8.176979  4.326952  0.641620 -1.000000
13.46  8.176979  4.326952  0.641640 -1.000000
13.47  8.176979  4.326952  0.641650 -1.000000
13.48  8.176995  4.326952  0.641660 -1.000000
13.49  8.176995  4.326952  0.641680 -1.000000
13.50  8.176995  4.326952  0.641690 -1.000000
13.51  8.177011  4.326952  0.641700 -1.000000
13.52  8.177011  4.326952  0.641710 -1.000000
13.53  8.177011  4.326952  0.641730 -1.000000
13.54  8.177028  4.326952  0.641740 -1.000000
13.55  8.177028  4.326952  0.641750 -1.000000
13.56  8.177028  4.326952  0.641770 -1.000000
13.57  8.177044  4.326945  0.641780 -1.000000
13.58  8.177044  4.326945  0.641790 -1.000000
13.59  8.177044  4.326945  0.641810 -1.000000
13.60  8.177061  4.326945  0.641820 -1.000000
13.61  8.177061  4.326945  0.641830 -1.000000
13.62  8.177061  4.326945  0.641850 -1.000000
13.63  8.177077  4.326945  0.641860 -1.000000
13.64  8.177077  4.326945  0.641870 -1.000000
13.65  8.177077  4.326945  0.641890 -1.000000
13.66  8.177077  4.326945  0.641900 -1.000000
13.67  8.177094  4.326945  0.641910 -1.000000
13.68  8.177094  4.326945  0.641930 -1.000000
13.69  8.177094  4.326945  0.641940 -1.000000
13.70  8.177110  4.326945  0.641950 -1.000000
13.71  8.177110  4.326937  0.641960 -1.000000
13.72  8.177110  4.326937  0.641980 -1.000000
13.73  8.177127  4.326937  0.641990 -1.000000
13.74  8.177127  4.326937  0.642000 -1.000000
13.75  8.177127  4.326937  0.642020 -1.000000
13.76  8.177143  4.326937  0.642030 -1.000000
13.77  8.177143  4.326937  0.642040 -1.000000
13.78  8.177143  4.326937  0.642060 -1.000000
13.79  8.177160  4.326937  0.642070 -1.000000
13.80  8.177160  4.326937  0.642080 -1.000000
13.81  8.177160  4.326937  0.642090 -1.000000
13.82  8.177176  4.326937  0.642110 -1.000000
13.83  8.177176  4.326937  0.642120 -1.000000
13.84  8.177176  4.326937  0.642130 -1.000000
13.85  8.177193  4.326937  0.642150 -1.000000
13.86  8.177193  4.326930  0.642160 -1.000000
13.87  8.177193  4.326930  0.642170 -1.000000
13.88  8.177209  4.326930  0.642190 -1.000000
13.89  8.177209  4.326930  0.642200 -1.000000
13.90  8.177209  4.326930  0.642210 -1.000000
13.91  8.177209  4.326930  0.642220 -1.000000
13.92  8.177226  4.326930  0.642240 -1.000000
13.93  8.177226  4.326930  0.642250 -1.000000
13.94  8.177226  4.326930  0.642260 -1.000000
13.95  8.177242  4.326930  0.642280 -1.000000
13.96  8.177242  4.326930  0.642290 -1.000000
13.97  8.177242  4.326930  0.642300 -1.000000
13.98  8.177258  4.326930  0.642310 -1.000000
13.99  8.177258  4.326930  0.642330 -1.000000
14.00  8.177258  4.326930  0.642340 -1.000000
14.01  8.177275  4.326923  0.642350 -1.000000
14.02  8.177275  4.326923  0.642370 -1.000000
14.03  8.177275  4.326923  0.642380 -1.000000
14.04  8.177291  4.326923  0.642390 -1.000000
14.05  8.177291  4.326923  0.642400 -1.000000
14.06  8.177291  4.326923  0.642420 -1.000000
14.07  8.177308  4.326923  0.642430 -1.000000
14.08  8.177308  4.326923  0.642440 -1.000000
14.09  8.177308  4.326923  0.642460 -1.000000
14.10  8.177308  4.326923  0.642470 -1.000000
14.11  8.177324  4.326923  0.642480 -1.000000
14.12  8.177324  4.326923  0.642490 -1.000000
14.13  8.177324  4.326923  0.642510 -1.000000
14.14  8.177341  4.326923  0.642520 -1.000000
14.15  8.177341  4.326923  0.642530 -1.000000
14.16  8.177341  4.326915  0.642540 -1.000000
14.17  8.177357  4.326915  0.642560 -1.000000
14.18  8.177357  4.326915  0.642570 -1.000000
14.19  8.177357  4.326915  0.642580 -1.000000
14.20  8.177374  4.326915  0.642600 -1.000000
14.21  8.177374  4.326915  0.642610 -1.000000
14.22  8.177374  4.326915  0.642620 -1.000000
14.23  8.177390  4.326915  0.642630 -1.000000
14.24  8.177390  4.326915  0.642650 -1.000000
14.25  8.177390  4.326915  0.642660 -1.000000
14.26  8.177407  4.326915  0.642670 -1.000000
14.27  8.177407  4.326915  0.642680 -1.000000
14.28  8.177407  4.326915  0.642700 -1.000000
14.29  8.177407  4.326915  0.642710 -1.000000
14.30  8.177423  4.326915  0.642720 -1.000000
14.31  8.177423  4.326915  0.642740 -1.000000
14.32  8.177423  4.326908  0.642750 -1.000000
14.33  8.177439  4.326908  0.642760 -1.000000
14.34  8.177439  4.326908  0.642770 -1.000000
14.35  8.177439  4.326908  0.642790 -1.000000
14.36  8.177456  4.326908  0.642800 -1.000000
14.37  8.177456  4.326908  0.642810 -1.000000
14.38  8.177456  4.326908  0.642820 -1.000000
14.39  8.177472  4.326908  0.642840 -1.000000
14.40  8.177472  4.326908  0.642850 -1.000000
14.41  8.177472  4.326908  0.642860 -1.000000
14.42  8.177472  4.326908  0.642870 -1.000000
14.43  8.177489  4.326908  0.642890 -1.000000
14.44  8.177489  4.326908  0.642900 -1.000000
14.45  8.177489  4.326908  0.642910 -1.000000
14.46  8.177505  4.326908  0.642920 -1.000000
14.47  8.177505  4.326908  0.642940 -1.000000
14.48  8.177505  4.326901  0.642950 -1.000000
14.49  8.177522  4.326901  0.642960 -1.000000
14.50  8.177522  4.326901  0.642970 -1.000000
14.51  8.177522  4.326901  0.642990 -1.000000
14.52  8.177522  4.326901  0.643000 -1.000000
14.53  8.177538  4.326901  0.643010 -1.000000
14.54  8.177538  4.326901  0.643020 -1.000000
14.55  8.177538  4.326901  0.643040 -1.000000
14.56  8.177555  4.326901  0.643050 -1.000000
14.57  8.177555  4.326901  0.643060 -1.000000
14.58  8.177555  4.326901  0.643070 -1.000000
14.59  8.177571  4.326901  0.643090 -1.000000
14.60  8.177571  4.326901  0.643100 -1.000000
14.61  8.177571  4.326901  0.643110 -1.000000
14.62  8.177588  4.326901  0.643120 -1.000000
14.63  8.177588  4.326901  0.643130 -1.000000
14.64  8.177588  4.326901  0.643150 -1.000000
14.65  8.177588  4.326893  0.643160 -1.000000
14.66  8.177604  4.326893  0.643170 -1.000000
14.67  8.177604  4.326893  0.643180 -1.000000
14.68  8.177604  4.326893  0.643200 -1.000000
14.69  8.177620  4.326893  0.643210 -1.000000
14.70  8.177620  4.326893  0.643220 -1.000000
14.71  8.177620  4.326893  0.643230 -1.000000
14.72  8.177620  4.326893  0.643250 -1.000000
14.73  8.177637  4.326893  0.643260 -1.000000
14.74  8.177637  4.326893  0.643270 -1.000000
14.75  8.177637  4.326893  0.643280 -1.000000
14.76  8.177653  4.326893  0.643290 -1.000000
14.77  8.177653  4.326893  0.643310 -1.000000
14.78  8.177653  4.326893  0.643320 -1.000000
14.79  8.177670  4.326893  0.643330 -1.000000
14.80  8.177670  4.326893  0.643340 -1.000000
14.81  8.177670  4.326893  0.643360 -1.000000
14.82  8.177670  4.326893  0.643370 -1.000000
14.83  8.177686  4.326886  0.643380 -1.000000
14.84  8.177686  4.326886  0.643390 -1.000000
14.85  8.177686  4.326886  0.643400 -1.000000
14.86  8.177703  4.326886  0.643420 -1.000000
14.87  8.177703  4.326886  0.643430 -1.000000
14.88  8.177703  4.326886  0.643440 -1.000000
14.89  8.177719  4.326886  0.643450 -1.000000
14.90  8.177719  4.326886  0.643470 -1.000000
14.91  8.177719  4.326886  0.643480 -1.000000
14.92  8.177719  4.326886  0.643490 -1.000000
14.93  8.177736  4.326886  0.643500 -1.000000
14.94  8.177736  4.326886  0.643510 -1.000000
14.95  8.177736  4.326886  0.643530 -1.000000
14.96  8.177752  4.326886  0.643540 -1.000000
14.97  8.177752  4.326886  0.643550 -1.000000
14.98  8.177752  4.326886  0.643560 -1.000000
14.99  8.177752  4.326886  0.643570 -1.000000
15.00  8.177768  4.326886  0.643590 -1.000000
