 t       A(O)      A(F)      fg       z
 0.01 -8.000000 -8.000000  0.010000  7.028276
 0.02 -8.000000 -8.000000  0.029048  6.958115
 0.03  6.889751 -1.355892  0.046688  6.889464
 0.04  7.376595 -0.886585  0.063064  6.822271
 0.05  7.656379  0.900712  0.078285  6.756486
 0.06  7.831439  1.394926  0.092436  6.692064
 0.07  7.957784  1.670143  0.105590  6.628959
 0.08  8.050952  2.013182  0.117810  6.567130
 0.09  8.123396  2.310276  0.129140  6.506534
 0.10  8.182821  2.526866  0.139650  6.447134
 0.11  8.231671  2.687214  0.149360  6.388891
 0.12  8.274395  2.815083  0.158310  6.331771
 0.13  8.312790  2.920518  0.166560  6.275738
 0.14  8.347402  3.009347  0.174140  6.220761
 0.15  8.378840  3.085416  0.181090  6.166807
 0.16  8.408664  3.154764  0.187460  6.113846
 0.17  8.436777  3.219229  0.193290  6.061850
 0.18  8.462942  3.279223  0.198620  6.010790
 0.19  8.487227  3.334966  0.203480  5.960640
 0.20  8.509865  3.386715  0.207890  5.911374
 0.21  8.531108  3.434851  0.211870  5.862967
 0.22  8.551005  3.479681  0.215450  5.815396
 0.23  8.569790  3.521622  0.218650  5.768638
 0.24  8.587496  3.560897  0.221500  5.722670
 0.25  8.604263  3.597837  0.224020  5.677471
 0.26  8.620212  3.632721  0.226210  5.633022
 0.27  8.635350  3.665647  0.228110  5.589302
 0.28  8.649800  3.697007  0.229720  5.546292
 0.29  8.663612  3.726872  0.231080  5.503974
 0.30  8.676817  3.755381  0.232180  5.462330
 0.31  8.689435  3.782613  0.233060  5.421344
 0.32  8.701523  3.808700  0.233710  5.380998
 0.33  8.713118  3.833745  0.234150  5.341277
 0.34  8.724263  3.857795  0.234400  5.302165
 0.35  8.734974  3.880950  0.234460  5.263649
 0.36  8.745293  3.903251  0.234360  5.225712
 0.37  8.755233  3.924777  0.234090  5.188341
 0.38  8.764834  3.945593  0.233670  5.151524
 0.39  8.774100  3.965759  0.233100  5.115246
 0.40  8.783059  3.985324  0.232410  5.079496
 0.41  8.791726  4.004343  0.231590  5.044261
 0.42  8.800074  4.022817  0.230650  5.009529
 0.43  8.808196  4.040768  0.229610  4.975289
 0.44  8.816101  4.058241  0.228470  4.941529
 0.45  8.823721  4.075250  0.227230  4.908240
 0.46  8.831143  4.091809  0.225910  4.875410
 0.47  8.838337  4.107945  0.224500  4.843030
 0.48  8.845318  4.123684  0.223020  4.811089
 0.49  8.852118  4.139018  0.221470  4.779579
 0.50  8.858755  4.154010  0.219860  4.748490
 0.51  8.865193  4.168629  0.218190  4.717812
 0.52  8.871445  4.182921  0.216460  4.687538
 0.53  8.877579  4.196888  0.214680  4.657659
 0.54  8.883533  4.210546  0.212860  4.628167
 0.55  8.889346  4.223880  0.211000  4.599053
 0.56  8.894992  4.236931  0.209090  4.570310
 0.57  8.900539  4.249679  0.207160  4.541931
 0.58  8.905928  4.262153  0.205190  4.513908
 0.59  8.911192  4.274345  0.203200  4.486234
 0.60  8.916334  4.286284  0.201180  4.458901
 0.61  8.921393  4.297985  0.199140  4.431905
 0.62  8.926309  4.309453  0.197090  4.405236
 0.63  8.931109  4.320702  0.195010  4.378891
 0.64  8.935808  4.331749  0.192930  4.352861
 0.65  8.940425  4.342594  0.190840  4.327142
 0.66  8.944917  4.353275  0.188730  4.301726
 0.67  8.949335  4.363779  0.186620  4.276609
 0.68  8.953654  4.374156  0.184510  4.251786
 0.69  8.957879  4.384379  0.182400  4.227249
 0.70  8.962013  4.394441  0.180280  4.202995
 0.71  8.966082  4.404438  0.178160  4.179017
 0.72  8.970035  4.414299  0.176050  4.155312
 0.73  8.973986  4.424096  0.173940  4.131873
 0.74  8.977933  4.433829  0.171840  4.108697
 0.75  8.981909  4.443507  0.169750  4.085778
 0.76  8.985882  4.453081  0.167670  4.063112
 0.77  8.989824  4.462602  0.165600  4.040694
 0.78  8.993789  4.472016  0.163540  4.018521
 0.79  8.997754  4.481317  0.161490  3.996587
 0.80  9.001711  4.490485  0.159450  3.974890
 0.81  9.005668  4.499502  0.157430  3.953424
 0.82  9.009616  4.508374  0.155420  3.932185
 0.83  9.013538  4.517071  0.153420  3.911171
 0.84  9.017456  4.525609  0.151440  3.890376
 0.85  9.021365  4.533961  0.149470  3.869798
 0.86  9.025273  4.542148  0.147510  3.849433
 0.87  9.029148  4.550154  0.145580  3.829277
 0.88  9.032999  4.558003  0.143660  3.809327
 0.89  9.036841  4.565679  0.141750  3.789579
 0.90  9.040655  4.573193  0.139870  3.770031
 0.91  9.044465  4.580559  0.138000  3.750678
 0.92  9.048247  4.587774  0.136140  3.731519
 0.93  9.052002  4.594798  0.134310  3.712549
 0.94  9.055753  4.601636  0.132490  3.693766
 0.95  9.059473  4.608292  0.130690  3.675167
 0.96  9.063171  4.614820  0.128900  3.656749
 0.97  9.066839  4.621178  0.127140  3.638509
 0.98  9.070481  4.627413  0.125390  3.620444
 0.99  9.074116  4.633526  0.123660  3.602552
 1.00  9.077730  4.639528  0.121950  3.584830
 1.01  9.081104  4.645137  0.127040  3.567275
 1.02  9.071777  4.641994  0.131550  3.549885
 1.03  9.061772  4.638015  0.135710  3.532658
 1.04  9.052286  4.634404  0.139660  3.515591
 1.05  9.043342  4.631308  0.143470  3.498681
 1.06  9.034840  4.628513  0.147140  3.481927
 1.07  9.026788  4.625989  0.150690  3.465325
 1.08  9.019120  4.623788  0.154140  3.448875
 1.09  9.011802  4.621753  0.157500  3.432573
 1.10  9.004831  4.619927  0.160780  3.416417
 1.11  8.998166  4.618191  0.163970  3.400406
 1.12  8.991795  4.616584  0.167080  3.384537
 1.13  8.985682  4.615031  0.170120  3.368808
 1.14  8.979838  4.613613  0.173100  3.353217
 1.15  8.974208  4.612283  0.176010  3.337763
 1.16  8.968811  4.611089  0.178850  3.322443
 1.17  8.963621  4.609988  0.181640  3.307256
 1.18  8.958614  4.608894  0.184370  3.292199
 1.19  8.953794  4.607889  0.187040  3.277271
 1.20  8.949174  4.606937  0.189650  3.262470
 1.21  8.944700  4.605997  0.192210  3.247795
 1.22  8.940397  4.605061  0.194720  3.233243
 1.23  8.936245  4.604132  0.197190  3.218813
 1.24  8.932218  4.603212  0.199600  3.204503
 1.25  8.928349  4.602299  0.201970  3.190313
 1.26  8.924608  4.601349  0.204300  3.176239
 1.27  8.921002  4.600406  0.206580  3.162281
 1.28  8.917499  4.599425  0.208810  3.148437
 1.29  8.914101  4.598406  0.211010  3.134706
 1.30  8.910846  4.597353  0.213170  3.121085
 1.31  8.907670  4.596303  0.215290  3.107575
 1.32  8.904607  4.595214  0.217370  3.094172
 1.33  8.901625  4.594127  0.219410  3.080877
 1.34  8.898765  4.593005  0.221420  3.067687
 1.35  8.895953  4.591882  0.223390  3.054601
 1.36  8.893262  4.590718  0.225330  3.041618
 1.37  8.890626  4.589599  0.227230  3.028736
 1.38  8.888080  4.588439  0.229100  3.015955
 1.39  8.885592  4.587239  0.230940  3.003272
 1.40  8.883198  4.586084  0.232750  2.990688
 1.41  8.880893  4.584926  0.234530  2.978199
 1.42  8.878616  4.583727  0.236280  2.965807
 1.43  8.876435  4.582530  0.238000  2.953508
 1.44  8.874284  4.581377  0.239690  2.941303
 1.45  8.872226  4.580179  0.241360  2.929189
 1.46  8.870199  4.578983  0.243000  2.917166
 1.47  8.868268  4.577826  0.244610  2.905233
 1.48  8.866368  4.576629  0.246200  2.893389
 1.49  8.864501  4.575433  0.247760  2.881632
 1.50  8.862697  4.574277  0.249300  2.869961
 1.51  8.860958  4.573106  0.250820  2.858376
 1.52  8.859252  4.571936  0.252310  2.846876
 1.53  8.857616  4.570777  0.253790  2.835458
 1.54  8.856010  4.569624  0.255230  2.824124
 1.55  8.854435  4.568473  0.256660  2.812871
 1.56  8.852932  4.567327  0.258070  2.801699
 1.57  8.851464  4.566197  0.259460  2.790606
 1.58  8.850024  4.565064  0.260830  2.779592
 1.59  8.848625  4.563946  0.262190  2.768656
 1.60  8.847254  4.562826  0.263520  2.757797
 1.61  8.845920  4.561716  0.264840  2.747014
 1.62  8.844619  4.560613  0.266140  2.736306
 1.63  8.843356  4.559520  0.267420  2.725673
 1.64  8.842164  4.558430  0.268690  2.715113
 1.65  8.840969  4.557341  0.269940  2.704626
 1.66  8.839812  4.556268  0.271180  2.694211
 1.67  8.838690  4.555197  0.272400  2.683867
 1.68  8.837565  4.554133  0.273610  2.673593
 1.69  8.836512  4.553076  0.274800  2.663389
 1.70  8.835462  4.552025  0.275970  2.653254
 1.71  8.834485  4.550985  0.277130  2.643187
 1.72  8.833510  4.549952  0.278280  2.633187
 1.73  8.832528  4.548926  0.279420  2.623254
 1.74  8.831625  4.547907  0.280540  2.613387
 1.75  8.830720  4.546899  0.281650  2.603585
 1.76  8.829852  4.545894  0.282740  2.593847
 1.77  8.828986  4.544905  0.283830  2.584173
 1.78  8.828157  4.543928  0.284900  2.574563
 1.79  8.827365  4.542954  0.285950  2.565014
 1.80  8.826571  4.541991  0.287000  2.555528
 1.81  8.825815  4.541040  0.288030  2.546103
 1.82  8.825100  4.540101  0.289040  2.536738
 1.83  8.824380  4.539166  0.290050  2.527433
 1.84  8.823701  4.538246  0.291040  2.518188
 1.85  8.823022  4.537335  0.292030  2.509001
 1.86  8.822385  4.536440  0.293000  2.499872
 1.87  8.821742  4.535548  0.293950  2.490801
 1.88  8.821142  4.534678  0.294900  2.481786
 1.89  8.820537  4.533807  0.295840  2.472828
 1.90  8.819974  4.532958  0.296760  2.463926
 1.91  8.819411  4.532121  0.297670  2.455079
 1.92  8.818886  4.531292  0.298560  2.446286
 1.93  8.818365  4.530485  0.299450  2.437548
 1.94  8.817878  4.529682  0.300320  2.428863
 1.95  8.817394  4.528897  0.301180  2.420231
 1.96  8.816906  4.528125  0.302030  2.411651
 1.97  8.816461  4.527365  0.302870  2.403124
 1.98  8.816016  4.526624  0.303700  2.394648
 1.99  8.815610  4.525891  0.304510  2.386223
 2.00  8.815203  4.525176  0.305310  2.377849
 2.01  8.814796  4.524475  0.306100  2.369524
 2.02  8.814393  4.523787  0.306880  2.361249
 2.03  8.814024  4.523112  0.307650  2.353023
 2.04  8.813660  4.522456  0.308400  2.344845
 2.05  8.813291  4.521804  0.309140  2.336716
 2.06  8.812966  4.521175  0.309870  2.328634
 2.07  8.812640  4.520555  0.310590  2.320600
 2.08  8.812310  4.519945  0.311300  2.312612
 2.09  8.812024  4.519352  0.312000  2.304670
 2.10  8.811698  4.518769  0.312680  2.296775
 2.11  8.811411  4.518200  0.313350  2.288924
 2.12  8.811124  4.517640  0.314020  2.281119
 2.13  8.810837  4.517094  0.314670  2.273358
 2.14  8.810594  4.516562  0.315300  2.265642
 2.15  8.810307  4.516034  0.315930  2.257969
 2.16  8.810059  4.515521  0.316550  2.250339
 2.17  8.809811  4.515017  0.317160  2.242753
 2.18  8.809568  4.514531  0.317760  2.235209
 2.19  8.809320  4.514046  0.318340  2.227707
 2.20  8.809116  4.513580  0.318920  2.220248
 2.21  8.808907  4.513113  0.319490  2.212829
 2.22  8.808663  4.512666  0.320050  2.205452
 2.23  8.808455  4.512219  0.320590  2.198115
 2.24  8.808250  4.511790  0.321130  2.190818
 2.25  8.808046  4.511366  0.321660  2.183562
 2.26  8.807877  4.510948  0.322180  2.176345
 2.27  8.807672  4.510543  0.322700  2.169167
 2.28  8.807508  4.510148  0.323200  2.162029
 2.29  8.807303  4.509763  0.323700  2.154928
 2.30  8.807138  4.509382  0.324190  2.147866
 2.31  8.806974  4.509011  0.324670  2.140842
 2.32  8.806809  4.508645  0.325140  2.133856
 2.33  8.806644  4.508289  0.325600  2.126907
 2.34  8.806479  4.507937  0.326050  2.119994
 2.35  8.806314  4.507595  0.326500  2.113118
 2.36  8.806189  4.507258  0.326940  2.106279
 2.37  8.806024  4.506926  0.327370  2.099475
 2.38  8.805859  4.506598  0.327790  2.092708
 2.39  8.805734  4.506281  0.328210  2.085975
 2.40  8.805568  4.505968  0.328620  2.079277
 2.41  8.805443  4.505660  0.329020  2.072615
 2.42  8.805278  4.505357  0.329410  2.065986
 2.43  8.805157  4.505063  0.329800  2.059392
 2.44  8.805032  4.504770  0.330180  2.052832
 2.45  8.804907  4.504481  0.330550  2.046306
 2.46  8.804741  4.504203  0.330920  2.039812
 2.47  8.804616  4.503924  0.331280  2.033352
 2.48  8.804490  4.503650  0.331630  2.026924
 2.49  8.804369  4.503381  0.331980  2.020529
 2.50  8.804244  4.503117  0.332320  2.014167
 2.51  8.804119  4.502853  0.332660  2.007836
 2.52  8.803993  4.502599  0.332990  2.001537
 2.53  8.803867  4.502344  0.333310  1.995269
 2.54  8.803787  4.502095  0.333630  1.989033
 2.55  8.803661  4.501850  0.333950  1.982827
 2.56  8.803535  4.501606  0.334250  1.976652
 2.57  8.803410  4.501366  0.334560  1.970508
 2.58  8.803329  4.501136  0.334860  1.964394
 2.59  8.803203  4.500902  0.335160  1.958310
 2.60  8.803118  4.500672  0.335450  1.952255
 2.61  8.802997  4.500452  0.335740  1.946230
 2.62  8.802911  4.500233  0.336030  1.940234
 2.63  8.802830  4.500017  0.336320  1.934267
 2.64  8.802704  4.499803  0.336600  1.928329
 2.65  8.802624  4.499598  0.336880  1.922420
 2.66  8.802538  4.499388  0.337150  1.916539
 2.67  8.802457  4.499188  0.337420  1.910686
 2.68  8.802372  4.498988  0.337690  1.904861
 2.69  8.802291  4.498793  0.337950  1.899063
 2.70  8.802210  4.498597  0.338220  1.893293
 2.71  8.802124  4.498403  0.338480  1.887551
 2.72  8.802043  4.498217  0.338730  1.881835
 2.73  8.802003  4.498032  0.338990  1.876146
 2.74  8.801917  4.497847  0.339240  1.870484
 2.75  8.801836  4.497667  0.339490  1.864848
 2.76  8.801795  4.497492  0.339730  1.859238
 2.77  8.801714  4.497317  0.339980  1.853655
 2.78  8.801674  4.497146  0.340220  1.848097
 2.79  8.801588  4.496972  0.340460  1.842565
 2.80  8.801548  4.496806  0.340690  1.837058
 2.81  8.801466  4.496641  0.340930  1.831576
 2.82  8.801426  4.496481  0.341160  1.826120
 2.83  8.801385  4.496321  0.341390  1.820688
 2.84  8.801345  4.496161  0.341610  1.815281
 2.85  8.801263  4.496005  0.341840  1.809899
 2.86  8.801223  4.495850  0.342060  1.804541
 2.87  8.801182  4.495700  0.342280  1.799207
 2.88  8.801142  4.495550  0.342500  1.793897
 2.89  8.801101  4.495400  0.342720  1.788611
 2.90  8.801060  4.495255  0.342930  1.783348
 2.91  8.801020  4.495110  0.343140  1.778109
 2.92  8.800979  4.494970  0.343350  1.772893
 2.93  8.800938  4.494830  0.343560  1.767700
 2.94  8.800898  4.494690  0.343770  1.762530
 2.95  8.800857  4.494549  0.343970  1.757383
 2.96  8.800817  4.494415  0.344170  1.752259
 2.97  8.800776  4.494285  0.344370  1.747156
 2.98  8.800740  4.494154  0.344570  1.742077
 2.99  8.800740  4.494024  0.344770  1.737019
 3.00  8.800699  4.493894  0.344970  1.731983
 3.01  8.800658  4.493764  0.345160  1.726969
 3.02  8.800618  4.493640  0.345350  1.721977
 3.03  8.800618  4.493515  0.345540  1.717006
 3.04  8.800581  4.493394  0.345730  1.712056
 3.05  8.800541  4.493275  0.345920  1.707128
 3.06  8.800541  4.493155  0.346100  1.702221
 3.07  8.800500  4.493035  0.346280  1.697334
 3.08  8.800505  4.492920  0.346470  1.692469
 3.09  8.800464  4.492805  0.346650  1.687623
 3.10  8.800464  4.492690  0.346820  1.682799
 3.11  8.800423  4.492576  0.347000  1.677995
 3.12  8.800428  4.492466  0.347180  1.673210
 3.13  8.800387  4.492351  0.347350  1.668446
 3.14  8.800387  4.492241  0.347520  1.663702
 3.15  8.800346  4.492132  0.347690  1.658978
 3.16  8.800351  4.492026  0.347860  1.654273
 3.17  8.800310  4.491922  0.348030  1.649588
 3.18  8.800310  4.491812  0.348200  1.644922
 3.19  8.800274  4.491712  0.348360  1.640275
 3.20  8.800274  4.491608  0.348530  1.635647
 3.21  8.800274  4.491503  0.348690  1.631039
 3.22  8.800238  4.491409  0.348850  1.626449
 3.23  8.800238  4.491304  0.349010  1.621878
 3.24  8.800238  4.491205  0.349170  1.617325
 3.25  8.800201  4.491110  0.349330  1.612791
 3.26  8.800201  4.491010  0.349480  1.608275
 3.27  8.800201  4.490916  0.349640  1.603778
 3.28  8.800206  4.490821  0.349800  1.599298
 3.29  8.800165  4.490727  0.349950  1.594837
 3.30  8.800170  4.490637  0.350100  1.590393
 3.31  8.800170  4.490543  0.350250  1.585968
 3.32  8.800170  4.490448  0.350400  1.581559
 3.33  8.800174  4.490359  0.350550  1.577169
 3.34  8.800133  4.490269  0.350700  1.572795
 3.35  8.800138  4.490185  0.350850  1.568439
 3.36  8.800138  4.490096  0.351000  1.564100
 3.37  8.800142  4.490011  0.351140  1.559779
 3.38  8.800142  4.489922  0.351290  1.555474
 3.39  8.800142  4.489838  0.351430  1.551186
 3.40  8.800147  4.489753  0.351570  1.546914
 3.41  8.800147  4.489669  0.351720  1.542660
 3.42  8.800151  4.489590  0.351860  1.538422
 3.43  8.800151  4.489506  0.352000  1.534200
 3.44  8.800156  4.489426  0.352140  1.529994
 3.45  8.800156  4.489347  0.352270  1.525805
 3.46  8.800160  4.489268  0.352410  1.521632
 3.47  8.800160  4.489189  0.352550  1.517475
 3.48  8.800165  4.489114  0.352680  1.513333
 3.49  8.800165  4.489036  0.352820  1.509208
 3.50  8.800169  4.488961  0.352950  1.505098
 3.51  8.800169  4.488882  0.353090  1.501004
 3.52  8.800174  4.488808  0.353220  1.496925
 3.53  8.800174  4.488734  0.353350  1.492862
 3.54  8.800178  4.488660  0.353480  1.488814
 3.55  8.800178  4.488586  0.353610  1.484781
 3.56  8.800182  4.488517  0.353740  1.480763
 3.57  8.800182  4.488443  0.353870  1.476761
 3.58  8.800228  4.488374  0.354000  1.472773
 3.59  8.800228  4.488300  0.354130  1.468800
 3.60  8.800232  4.488236  0.354250  1.464842
 3.61  8.800232  4.488162  0.354380  1.460898
 3.62  8.800237  4.488098  0.354500  1.456969
 3.63  8.800237  4.488025  0.354630  1.453055
 3.64  8.800241  4.487961  0.354750  1.449155
 3.65  8.800282  4.487892  0.354880  1.445269
 3.66  8.800286  4.487828  0.355000  1.441397
 3.67  8.800286  4.487759  0.355120  1.437540
 3.68  8.800291  4.487695  0.355240  1.433696
 3.69  8.800295  4.487637  0.355360  1.429867
 3.70  8.800336  4.487568  0.355480  1.426051
 3.71  8.800340  4.487509  0.355600  1.422249
 3.72  8.800340  4.487446  0.355720  1.418461
 3.73  8.800345  4.487382  0.355840  1.414687
 3.74  8.800386  4.487318  0.355960  1.410926
 3.75  8.800390  4.487259  0.356070  1.407178
 3.76  8.800390  4.487196  0.356190  1.403444
 3.77  8.800394  4.487137  0.356310  1.399723
 3.78  8.800440  4.487084  0.356420  1.396015
 3.79  8.800440  4.487020  0.356530  1.392321
 3.80  8.800444  4.486967  0.356650  1.388640
 3.81  8.800444  4.486903  0.356760  1.384971
 3.82  8.800489  4.486849  0.356870  1.381316
 3.83  8.800489  4.486786  0.356980  1.377673
 3.84  8.800494  4.486732  0.357090  1.374043
 3.85  8.800534  4.486674  0.357210  1.370426
 3.86  8.800539  4.486621  0.357310  1.366821
 3.87  8.800543  4.486567  0.357420  1.363229
 3.88  8.800543  4.486509  0.357530  1.359650
 3.89  8.800588  4.486455  0.357640  1.356083
 3.90  8.800588  4.486402  0.357750  1.352528
 3.91  8.800593  4.486348  0.357850  1.348985
 3.92  8.800634  4.486295  0.357960  1.345455
 3.93  8.800638  4.486242  0.358070  1.341937
 3.94  8.800638  4.486189  0.358170  1.338430
 3.95  8.800683  4.486135  0.358270  1.334936
 3.96  8.800688  4.486086  0.358380  1.331454
 3.97  8.800688  4.486034  0.358480  1.327983
 3.98  8.800733  4.485985  0.358580  1.324524
 3.99  8.800733  4.485932  0.358690  1.321077
 4.00  8.800737  4.485884  0.358790  1.317642
 4.01  8.800778  4.485831  0.358890  1.314218
 4.02  8.800782  4.485782  0.358990  1.310806
 4.03  8.800782  4.485729  0.359090  1.307405
 4.04  8.800828  4.485686  0.359190  1.304016
 4.05  8.800832  4.485637  0.359290  1.300637
 4.06  8.800832  4.485590  0.359390  1.297271
 4.07  8.800877  4.485541  0.359480  1.293915
 4.08  8.800877  4.485493  0.359580  1.290570
 4.09  8.800882  4.485445  0.359680  1.287237
 4.10  8.800922  4.485397  0.359780  1.283914
 4.11  8.800927  4.485354  0.359870  1.280603
 4.12  8.800927  4.485306  0.359970  1.277302
 4.13  8.800972  4.485263  0.360060  1.274012
 4.14  8.800976  4.485220  0.360160  1.270733
 4.15  8.800976  4.485172  0.360250  1.267465
 4.16  8.801021  4.485129  0.360340  1.264207
 4.17  8.801021  4.485081  0.360440  1.260960
 4.18  8.801026  4.485037  0.360530  1.257724
 4.19  8.801067  4.484990  0.360620  1.254498
 4.20  8.801071  4.484952  0.360710  1.251282
 4.21  8.801071  4.484904  0.360800  1.248077
 4.22  8.801116  4.484861  0.360890  1.244882
 4.23  8.801116  4.484818  0.360980  1.241697
 4.24  8.801121  4.484775  0.361070  1.238523
 4.25  8.801166  4.484737  0.361160  1.235358
 4.26  8.801166  4.484694  0.361250  1.232204
 4.27  8.801170  4.484651  0.361340  1.229060
 4.28  8.801211  4.484608  0.361430  1.225926
 4.29  8.801215  4.484570  0.361510  1.222801
 4.30  8.801215  4.484528  0.361600  1.219687
 4.31  8.801260  4.484484  0.361690  1.216582
 4.32  8.801260  4.484442  0.361770  1.213488
 4.33  8.801265  4.484404  0.361860  1.210403
 4.34  8.801305  4.484361  0.361950  1.207327
 4.35  8.801310  4.484323  0.362030  1.204261
 4.36  8.801310  4.484281  0.362110  1.201205
 4.37  8.801355  4.484243  0.362200  1.198158
 4.38  8.801355  4.484205  0.362280  1.195121
 4.39  8.801359  4.484167  0.362370  1.192093
 4.40  8.801400  4.484125  0.362450  1.189075
 4.41  8.801405  4.484087  0.362530  1.186066
 4.42  8.801405  4.484044  0.362610  1.183066
 4.43  8.801450  4.484011  0.362700  1.180075
 4.44  8.801450  4.483969  0.362780  1.177094
 4.45  8.801454  4.483936  0.362860  1.174122
 4.46  8.801495  4.483893  0.362940  1.171158
 4.47  8.801499  4.483861  0.363020  1.168204
 4.48  8.801499  4.483818  0.363100  1.165259
 4.49  8.801544  4.483785  0.363180  1.162323
 4.50  8.801544  4.483743  0.363260  1.159395
 4.51  8.801549  4.483710  0.363340  1.156477
 4.52  8.801589  4.483673  0.363420  1.153567
 4.53  8.801594  4.483634  0.363500  1.150666
 4.54  8.801594  4.483597  0.363580  1.147774
 4.55  8.801639  4.483564  0.363660  1.144891
 4.56  8.801639  4.483527  0.363730  1.142016
 4.57  8.801643  4.483494  0.363810  1.139150
 4.58  8.801684  4.483452  0.363890  1.136292
 4.59  8.801688  4.483419  0.363970  1.133443
 4.60  8.801688  4.483381  0.364040  1.130602
 4.61  8.801733  4.483349  0.364120  1.127770
 4.62  8.801733  4.483311  0.364200  1.124946
 4.63  8.801738  4.483278  0.364270  1.122130
 4.64  8.801779  4.483246  0.364350  1.119323
 4.65  8.801783  4.483214  0.364420  1.116524
 4.66  8.801783  4.483176  0.364500  1.113733
 4.67  8.801828  4.483143  0.364570  1.110950
 4.68  8.801828  4.483106  0.364650  1.108176
 4.69  8.801833  4.483073  0.364720  1.105409
 4.70  8.801873  4.483041  0.364800  1.102651
 4.71  8.801878  4.483008  0.364870  1.099900
 4.72  8.801878  4.482971  0.364950  1.097158
 4.73  8.801923  4.482943  0.365020  1.094424
 4.74  8.801923  4.482906  0.365090  1.091697
 4.75  8.801927  4.482873  0.365170  1.088978
 4.76  8.801968  4.482841  0.365240  1.086267
 4.77  8.801972  4.482808  0.365310  1.083564
 4.78  8.801972  4.482776  0.365380  1.080869
 4.79  8.802017  4.482743  0.365460  1.078181
 4.80  8.802017  4.482711  0.365530  1.075501
 4.81  8.802022  4.482679  0.365600  1.072829
 4.82  8.802062  4.482646  0.365670  1.070164
 4.83  8.802067  4.482619  0.365740  1.067507
 4.84  8.802067  4.482582  0.365810  1.064857
 4.85  8.802112  4.482554  0.365880  1.062215
 4.86  8.802112  4.482522  0.365950  1.059580
 4.87  8.802116  4.482489  0.366020  1.056953
 4.88  8.802157  4.482457  0.366090  1.054333
 4.89  8.802161  4.482429  0.366160  1.051720
 4.90  8.802161  4.482392  0.366230  1.049115
 4.91  8.802202  4.482360  0.366300  1.046517
 4.92  8.802206  4.482332  0.366370  1.043926
 4.93  8.802206  4.482300  0.366440  1.041343
 4.94  8.802251  4.482273  0.366510  1.038766
 4.95  8.802251  4.482241  0.366580  1.036197
 4.96  8.802256  4.482213  0.366650  1.033635
 4.97  8.802296  4.482181  0.366710  1.031080
 4.98  8.802301  4.482153  0.366780  1.028532
 4.99  8.802301  4.482121  0.366850  1.025991
 5.00  8.802346  4.482088  0.366920  1.023457
 5.01  8.802346  4.482062  0.366990  1.020930
 5.02  8.802350  4.482034  0.367050  1.018409
 5.03  8.802391  4.482002  0.367120  1.015896
 5.04  8.802391  4.481970  0.367190  1.013390
 5.05  8.802395  4.481942  0.367250  1.010890
 5.06  8.802395  4.481910  0.367320  1.008397
 5.07  8.802440  4.481882  0.367390  1.005911
 5.08  8.802440  4.481850  0.367450  1.003432
 5.09  8.802445  4.481823  0.367520  1.000959
 5.10  8.802485  4.481796  0.367580  0.998493
 5.11  8.802490  4.481768  0.367650  0.996033
 5.12  8.802490  4.481736  0.367710  0.993581
 5.13  8.802535  4.481709  0.367780  0.991134
 5.14  8.802535  4.481682  0.367840  0.988695
 5.15  8.802535  4.481650  0.367910  0.986261
 5.16  8.802580  4.481622  0.367970  0.983835
 5.17  8.802580  4.481595  0.368040  0.981415
 5.18  8.802584  4.481568  0.368100  0.979001
 5.19  8.802625  4.481536  0.368160  0.976593
 5.20  8.802629  4.481513  0.368230  0.974192
 5.21  8.802629  4.481481  0.368290  0.971797
 5.22  8.802634  4.481453  0.368360  0.969409
 5.23  8.802674  4.481427  0.368420  0.967027
 5.24  8.802674  4.481395  0.368480  0.964651
 5.25  8.802679  4.481372  0.368540  0.962281
 5.26  8.802719  4.481340  0.368610  0.959918
 5.27  8.802724  4.481318  0.368670  0.957560
 5.28  8.802724  4.481286  0.368730  0.955209
 5.29  8.802769  4.481263  0.368790  0.952864
 5.30  8.802769  4.481231  0.368860  0.950525
 5.31  8.802769  4.481204  0.368920  0.948192
 5.32  8.802773  4.481177  0.368980  0.945865
 5.33  8.802814  4.481150  0.369040  0.943545
 5.34  8.802818  4.481128  0.369100  0.941230
 5.35  8.802818  4.481095  0.369160  0.938921
 5.36  8.802863  4.481073  0.369220  0.936618
 5.37  8.802863  4.481046  0.369280  0.934321
 5.38  8.802863  4.481014  0.369340  0.932029
 5.39  8.802867  4.480992  0.369400  0.929744
 5.40  8.802908  4.480965  0.369460  0.927464
 5.41  8.802912  4.480937  0.369520  0.925191
 5.42  8.802912  4.480911  0.369580  0.922923
 5.43  8.802953  4.480884  0.369640  0.920660
 5.44  8.802957  4.480856  0.369700  0.918404
 5.45  8.802957  4.480829  0.369760  0.916153
 5.46  8.802962  4.480807  0.369820  0.913908
 5.47  8.803002  4.480780  0.369880  0.911668
 5.48  8.803002  4.480753  0.369930  0.909435
 5.49  8.803007  4.480726  0.369990  0.907206
 5.50  8.803007  4.480699  0.370050  0.904984
 5.51  8.803052  4.480676  0.370110  0.902766
 5.52  8.803052  4.480650  0.370170  0.900555
 5.53  8.803052  4.480623  0.370220  0.898349
 5.54  8.803097  4.480600  0.370280  0.896148
 5.55  8.803097  4.480568  0.370340  0.893953
 5.56  8.803101  4.480546  0.370400  0.891763
 5.57  8.803101  4.480519  0.370450  0.889579
 5.58  8.803142  4.480492  0.370510  0.887400
 5.59  8.803146  4.480470  0.370570  0.885227
 5.60  8.803146  4.480443  0.370630  0.883058
 5.61  8.803151  4.480421  0.370680  0.880896
 5.62  8.803191  4.480394  0.370740  0.878738
 5.63  8.803191  4.480367  0.370800  0.876586
 5.64  8.803196  4.480344  0.370850  0.874439
 5.65  8.803236  4.480318  0.370910  0.872297
 5.66  8.803241  4.480295  0.370960  0.870160
 5.67  8.803241  4.480268  0.371020  0.868029
 5.68  8.803241  4.480242  0.371080  0.865903
 5.69  8.803285  4.480225  0.371130  0.863782
 5.70  8.803285  4.480198  0.371190  0.861666
 5.71  8.803290  4.480175  0.371240  0.859555
 5.72  8.803290  4.480148  0.371300  0.857449
 5.73  8.803330  4.480122  0.371350  0.855349
 5.74  8.803335  4.480099  0.371410  0.853253
 5.75  8.803335  4.480072  0.371460  0.851162
 5.76  8.803335  4.480051  0.371520  0.849077
 5.77  8.803380  4.480028  0.371570  0.846996
 5.78  8.803380  4.480002  0.371630  0.844920
 5.79  8.803384  4.479979  0.371680  0.842850
 5.80  8.803384  4.479952  0.371740  0.840784
 5.81  8.803425  4.479931  0.371790  0.838723
 5.82  8.803429  4.479908  0.371840  0.836667
 5.83  8.803429  4.479882  0.371900  0.834616
 5.84  8.803429  4.479855  0.371950  0.832569
 5.85  8.803474  4.479838  0.372000  0.830528
 5.86  8.803474  4.479811  0.372060  0.828491
 5.87  8.803479  4.479788  0.372110  0.826459
 5.88  8.803479  4.479767  0.372160  0.824432
 5.89  8.803519  4.479740  0.372220  0.822410
 5.90  8.803524  4.479718  0.372270  0.820392
 5.91  8.803524  4.479696  0.372320  0.818379
 5.92  8.803524  4.479669  0.372380  0.816371
 5.93  8.803568  4.479652  0.372430  0.814367
 5.94  8.803568  4.479625  0.372480  0.812368
 5.95  8.803573  4.479608  0.372530  0.810374
 5.96  8.803573  4.479581  0.372590  0.808384
 5.97  8.803613  4.479554  0.372640  0.806399
 5.98  8.803618  4.479537  0.372690  0.804418
 5.99  8.803618  4.479510  0.372740  0.802442
 6.00  8.803618  4.479489  0.372790  0.800471
 6.01  8.803663  4.479466  0.372840  0.798504
 6.02  8.803663  4.479445  0.372900  0.796542
 6.03  8.803663  4.479418  0.372950  0.794584
 6.04  8.803667  4.479401  0.373000  0.792630
 6.05  8.803708  4.479374  0.373050  0.790681
 6.06  8.803712  4.479357  0.373100  0.788737
 6.07  8.803712  4.479335  0.373150  0.786796
 6.08  8.803712  4.479309  0.373200  0.784861
 6.09  8.803757  4.479291  0.373250  0.782929
 6.10  8.803757  4.479265  0.373300  0.781002
 6.11  8.803757  4.479243  0.373350  0.779079
 6.12  8.803761  4.479226  0.373400  0.777161
 6.13  8.803802  4.479199  0.373450  0.775247
 6.14  8.803802  4.479177  0.373500  0.773337
 6.15  8.803806  4.479160  0.373550  0.771432
 6.16  8.803806  4.479133  0.373600  0.769531
 6.17  8.803847  4.479112  0.373650  0.767634
 6.18  8.803851  4.479095  0.373700  0.765741
 6.19  8.803851  4.479068  0.373750  0.763853
 6.20  8.803851  4.479046  0.373800  0.761968
 6.21  8.803896  4.479029  0.373850  0.760088
 6.22  8.803896  4.479008  0.373900  0.758212
 6.23  8.803896  4.478981  0.373950  0.756340
 6.24  8.803901  4.478964  0.374000  0.754473
 6.25  8.803901  4.478942  0.374050  0.752609
 6.26  8.803941  4.478921  0.374090  0.750750
 6.27  8.803946  4.478898  0.374140  0.748894
 6.28  8.803946  4.478877  0.374190  0.747043
 6.29  8.803946  4.478855  0.374240  0.745196
 6.30  8.803990  4.478838  0.374290  0.743353
 6.31  8.803990  4.478816  0.374330  0.741514
 6.32  8.803990  4.478795  0.374380  0.739678
 6.33  8.803995  4.478772  0.374430  0.737847
 6.34  8.804035  4.478751  0.374480  0.736020
 6.35  8.804035  4.478729  0.374530  0.734197
 6.36  8.804040  4.478712  0.374570  0.732378
 6.37  8.804040  4.478691  0.374620  0.730562
 6.38  8.804040  4.478669  0.374670  0.728751
 6.39  8.804085  4.478652  0.374710  0.726943
 6.40  8.804085  4.478630  0.374760  0.725140
 6.41  8.804085  4.478609  0.374810  0.723340
 6.42  8.804089  4.478592  0.374860  0.721544
 6.43  8.804129  4.478570  0.374900  0.719752
 6.44  8.804129  4.478549  0.374950  0.717964
 6.45  8.804134  4.478531  0.375000  0.716180
 6.46  8.804134  4.478510  0.375040  0.714399
 6.47  8.804134  4.478488  0.375090  0.712622
 6.48  8.804179  4.478471  0.375130  0.710849
 6.49  8.804179  4.478450  0.375180  0.709080
 6.50  8.804179  4.478428  0.375230  0.707315
 6.51  8.804183  4.478411  0.375270  0.705553
 6.52  8.804224  4.478389  0.375320  0.703795
 6.53  8.804224  4.478368  0.375360  0.702041
 6.54  8.804228  4.478351  0.375410  0.700290
 6.55  8.804228  4.478329  0.375450  0.698543
 6.56  8.804228  4.478308  0.375500  0.696800
 6.57  8.804269  4.478286  0.375540  0.695060
 6.58  8.804273  4.478269  0.375590  0.693324
 6.59  8.804273  4.478247  0.375630  0.691592
 6.60  8.804273  4.478226  0.375680  0.689863
 6.61  8.804278  4.478214  0.375720  0.688138
 6.62  8.804318  4.478192  0.375770  0.686417
 6.63  8.804318  4.478171  0.375810  0.684699
 6.64  8.804322  4.478154  0.375860  0.682984
 6.65  8.804322  4.478132  0.375900  0.681274
 6.66  8.804363  4.478110  0.375950  0.679566
 6.67  8.804367  4.478099  0.375990  0.677863
 6.68  8.804367  4.478077  0.376030  0.676162
 6.69  8.804367  4.478055  0.376080  0.674466
 6.70  8.804367  4.478034  0.376120  0.672772
 6.71  8.804412  4.478017  0.376160  0.671083
 6.72  8.804412  4.478001  0.376210  0.669396
 6.73  8.804412  4.477979  0.376250  0.667713
 6.74  8.804417  4.477962  0.376300  0.666034
 6.75  8.804417  4.477940  0.376340  0.664358
 6.76  8.804457  4.477924  0.376380  0.662685
 6.77  8.804457  4.477902  0.376420  0.661016
 6.78  8.804461  4.477885  0.376470  0.659350
 6.79  8.804461  4.477864  0.376510  0.657688
 6.80  8.804461  4.477847  0.376550  0.656029
 6.81  8.804466  4.477830  0.376590  0.654373
 6.82  8.804506  4.477809  0.376640  0.652721
 6.83  8.804506  4.477793  0.376680  0.651072
 6.84  8.804511  4.477775  0.376720  0.649426
 6.85  8.804511  4.477754  0.376760  0.647784
 6.86  8.804511  4.477732  0.376800  0.646145
 6.87  8.804551  4.477716  0.376840  0.644509
 6.88  8.804556  4.477699  0.376880  0.642876
 6.89  8.804556  4.477677  0.376930  0.641247
 6.90  8.804556  4.477661  0.376970  0.639621
 6.91  8.804556  4.477639  0.377010  0.637998
 6.92  8.804560  4.477622  0.377050  0.636378
 6.93  8.804600  4.477606  0.377090  0.634762
 6.94  8.804600  4.477584  0.377130  0.633149
 6.95  8.804605  4.477573  0.377170  0.631539
 6.96  8.804605  4.477551  0.377210  0.629932
 6.97  8.804605  4.477529  0.377250  0.628329
 6.98  8.804645  4.477513  0.377290  0.626728
 6.99  8.804650  4.477496  0.377330  0.625131
 7.00  8.804650  4.477474  0.377370  0.623537
 7.01  8.804650  4.477458  0.377410  0.621946
 7.02  8.804650  4.477436  0.377450  0.620358
 7.03  8.804654  4.477425  0.377490  0.618773
 7.04  8.804695  4.477403  0.377530  0.617191
 7.05  8.804695  4.477381  0.377570  0.615613
 7.06  8.804695  4.477365  0.377610  0.614037
 7.07  8.804699  4.477348  0.377650  0.612465
 7.08  8.804699  4.477332  0.377690  0.610895
 7.09  8.804699  4.477310  0.377730  0.609329
 7.10  8.804744  4.477298  0.377770  0.607765
 7.11  8.804744  4.477277  0.377810  0.606205
 7.12  8.804744  4.477261  0.377850  0.604648
 7.13  8.804744  4.477239  0.377890  0.603093
 7.14  8.804748  4.477222  0.377930  0.601542
 7.15  8.804748  4.477206  0.377970  0.599994
 7.16  8.804789  4.477184  0.378010  0.598448
 7.17  8.804789  4.477168  0.378050  0.596906
 7.18  8.804793  4.477150  0.378090  0.595366
 7.19  8.804793  4.477134  0.378130  0.593830
 7.20  8.804793  4.477113  0.378170  0.592296
 7.21  8.804793  4.477096  0.378200  0.590766
 7.22  8.804838  4.477079  0.378240  0.589238
 7.23  8.804838  4.477063  0.378280  0.587713
 7.24  8.804838  4.477041  0.378320  0.586191
 7.25  8.804838  4.477025  0.378360  0.584672
 7.26  8.804842  4.477008  0.378400  0.583156
 7.27  8.804842  4.476992  0.378440  0.581643
 7.28  8.804883  4.476975  0.378470  0.580132
 7.29  8.804883  4.476954  0.378510  0.578625
 7.30  8.804887  4.476942  0.378550  0.577120
 7.31  8.804887  4.476920  0.378590  0.575618
 7.32  8.804887  4.476904  0.378630  0.574119
 7.33  8.804887  4.476882  0.378670  0.572622
 7.34  8.804932  4.476871  0.378700  0.571129
 7.35  8.804932  4.476849  0.378740  0.569638
 7.36  8.804932  4.476833  0.378780  0.568150
 7.37  8.804932  4.476816  0.378820  0.566665
 7.38  8.804936  4.476799  0.378860  0.565182
 7.39  8.804936  4.476783  0.378890  0.563703
 7.40  8.804977  4.476767  0.378930  0.562226
 7.41  8.804977  4.476745  0.378970  0.560752
 7.42  8.804981  4.476733  0.379010  0.559280
 7.43  8.804981  4.476712  0.379040  0.557811
 7.44  8.804981  4.476695  0.379080  0.556345
 7.45  8.804981  4.476679  0.379120  0.554882
 7.46  8.804986  4.476662  0.379150  0.553421
 7.47  8.805026  4.476646  0.379190  0.551963
 7.48  8.805026  4.476629  0.379230  0.550508
 7.49  8.805026  4.476608  0.379270  0.549056
 7.50  8.805031  4.476596  0.379300  0.547606
 7.51  8.805031  4.476580  0.379340  0.546158
 7.52  8.805031  4.476558  0.379380  0.544714
 7.53  8.805071  4.476542  0.379410  0.543272
 7.54  8.805075  4.476530  0.379450  0.541832
 7.55  8.805075  4.476508  0.379490  0.540395
 7.56  8.805075  4.476492  0.379520  0.538961
 7.57  8.805075  4.476476  0.379560  0.537530
 7.58  8.805080  4.476459  0.379600  0.536101
 7.59  8.805120  4.476442  0.379630  0.534674
 7.60  8.805120  4.476426  0.379670  0.533250
 7.61  8.805120  4.476410  0.379710  0.531829
 7.62  8.805125  4.476393  0.379740  0.530410
 7.63  8.805125  4.476376  0.379780  0.528994
 7.64  8.805125  4.476360  0.379820  0.527580
 7.65  8.805125  4.476338  0.379850  0.526169
 7.66  8.805169  4.476327  0.379890  0.524761
 7.67  8.805169  4.476310  0.379920  0.523355
 7.68  8.805169  4.476294  0.379960  0.521951
 7.69  8.805169  4.476272  0.380000  0.520550
 7.70  8.805169  4.476256  0.380030  0.519152
 7.71  8.805174  4.476244  0.380070  0.517755
 7.72  8.805214  4.476228  0.380100  0.516362
 7.73  8.805214  4.476212  0.380140  0.514971
 7.74  8.805214  4.476190  0.380170  0.513582
 7.75  8.805219  4.476178  0.380210  0.512196
 7.76  8.805219  4.476162  0.380250  0.510812
 7.77  8.805219  4.476146  0.380280  0.509431
 7.78  8.805219  4.476129  0.380320  0.508052
 7.79  8.805263  4.476112  0.380350  0.506675
 7.80  8.805263  4.476096  0.380390  0.505301
 7.81  8.805263  4.476080  0.380420  0.503930
 7.82  8.805263  4.476063  0.380460  0.502561
 7.83  8.805263  4.476047  0.380490  0.501194
 7.84  8.805268  4.476030  0.380530  0.499829
 7.85  8.805268  4.476014  0.380560  0.498467
 7.86  8.805308  4.475997  0.380600  0.497107
 7.87  8.805308  4.475981  0.380630  0.495750
 7.88  8.805313  4.475969  0.380670  0.494395
 7.89  8.805313  4.475953  0.380700  0.493042
 7.90  8.805313  4.475931  0.380740  0.491692
 7.91  8.805313  4.475915  0.380770  0.490344
 7.92  8.805317  4.475903  0.380810  0.488999
 7.93  8.805357  4.475887  0.380840  0.487655
 7.94  8.805357  4.475871  0.380880  0.486314
 7.95  8.805357  4.475854  0.380910  0.484976
 7.96  8.805357  4.475838  0.380940  0.483639
 7.97  8.805362  4.475826  0.380980  0.482305
 7.98  8.805362  4.475804  0.381010  0.480973
 7.99  8.805362  4.475788  0.381050  0.479644
 8.00  8.805402  4.475772  0.381080  0.478317
 8.01  8.805402  4.475756  0.381120  0.476992
 8.02  8.805407  4.475744  0.381150  0.475669
 8.03  8.805407  4.475727  0.381180  0.474348
 8.04  8.805407  4.475711  0.381220  0.473030
 8.05  8.805407  4.475695  0.381250  0.471714
 8.06  8.805411  4.475683  0.381290  0.470400
 8.07  8.805452  4.475667  0.381320  0.469089
 8.08  8.805452  4.475650  0.381350  0.467780
 8.09  8.805452  4.475629  0.381390  0.466473
 8.10  8.805452  4.475612  0.381420  0.465168
 8.11  8.805456  4.475601  0.381450  0.463865
 8.12  8.805456  4.475584  0.381490  0.462564
 8.13  8.805456  4.475568  0.381520  0.461266
 8.14  8.805496  4.475552  0.381560  0.459970
 8.15  8.805501  4.475540  0.381590  0.458676
 8.16  8.805501  4.475524  0.381620  0.457384
 8.17  8.805501  4.475507  0.381660  0.456095
 8.18  8.805501  4.475491  0.381690  0.454807
 8.19  8.805501  4.475475  0.381720  0.453522
 8.20  8.805505  4.475463  0.381760  0.452239
 8.21  8.805546  4.475447  0.381790  0.450958
 8.22  8.805546  4.475430  0.381820  0.449679
 8.23  8.805546  4.475414  0.381860  0.448402
 8.24  8.805546  4.475398  0.381890  0.447127
 8.25  8.805550  4.475386  0.381920  0.445854
 8.26  8.805550  4.475369  0.381960  0.444584
 8.27  8.805550  4.475353  0.381990  0.443316
 8.28  8.805590  4.475337  0.382020  0.442049
 8.29  8.805595  4.475325  0.382050  0.440785
 8.30  8.805595  4.475309  0.382090  0.439523
 8.31  8.805595  4.475292  0.382120  0.438263
 8.32  8.805595  4.475276  0.382150  0.437005
 8.33  8.805595  4.475260  0.382180  0.435749
 8.34  8.805599  4.475248  0.382220  0.434495
 8.35  8.805599  4.475232  0.382250  0.433243
 8.36  8.805639  4.475215  0.382280  0.431993
 8.37  8.805639  4.475199  0.382320  0.430746
 8.38  8.805639  4.475183  0.382350  0.429500
 8.39  8.805644  4.475171  0.382380  0.428256
 8.40  8.805644  4.475155  0.382410  0.427015
 8.41  8.805644  4.475138  0.382440  0.425775
 8.42  8.805644  4.475127  0.382480  0.424537
 8.43  8.805684  4.475111  0.382510  0.423302
 8.44  8.805689  4.475099  0.382540  0.422068
 8.45  8.805689  4.475083  0.382570  0.420836
 8.46  8.805689  4.475067  0.382610  0.419607
 8.47  8.805689  4.475050  0.382640  0.418379
 8.48  8.805689  4.475034  0.382670  0.417153
 8.49  8.805693  4.475022  0.382700  0.415929
 8.50  8.805693  4.475006  0.382730  0.414708
 8.51  8.805733  4.474989  0.382770  0.413488
 8.52  8.805733  4.474973  0.382800  0.412270
 8.53  8.805733  4.474957  0.382830  0.411054
 8.54  8.805738  4.474950  0.382860  0.409840
 8.55  8.805738  4.474934  0.382890  0.408628
 8.56  8.805738  4.474918  0.382930  0.407418
 8.57  8.805738  4.474901  0.382960  0.406210
 8.58  8.805778  4.474885  0.382990  0.405003
 8.59  8.805783  4.474873  0.383020  0.403799
 8.60  8.805783  4.474857  0.383050  0.402596
 8.61  8.805783  4.474841  0.383080  0.401396
 8.62  8.805783  4.474824  0.383110  0.400197
 8.63  8.805783  4.474813  0.383150  0.399000
 8.64  8.805787  4.474802  0.383180  0.397805
 8.65  8.805787  4.474785  0.383210  0.396612
 8.66  8.805827  4.474769  0.383240  0.395421
 8.67  8.805827  4.474753  0.383270  0.394232
 8.68  8.805827  4.474736  0.383300  0.393044
 8.69  8.805832  4.474724  0.383330  0.391859
 8.70  8.805832  4.474713  0.383370  0.390675
 8.71  8.805832  4.474697  0.383400  0.389493
 8.72  8.805832  4.474681  0.383430  0.388313
 8.73  8.805832  4.474664  0.383460  0.387135
 8.74  8.805877  4.474653  0.383490  0.385959
 8.75  8.805877  4.474636  0.383520  0.384784
 8.76  8.805877  4.474625  0.383550  0.383612
 8.77  8.805877  4.474609  0.383580  0.382441
 8.78  8.805877  4.474593  0.383610  0.381272
 8.79  8.805881  4.474581  0.383640  0.380104
 8.80  8.805881  4.474565  0.383680  0.378939
 8.81  8.805881  4.474548  0.383710  0.377775
 8.82  8.805921  4.474537  0.383740  0.376613
 8.83  8.805921  4.474521  0.383770  0.375453
 8.84  8.805926  4.474509  0.383800  0.374295
 8.85  8.805926  4.474493  0.383830  0.373139
 8.86  8.805926  4.474476  0.383860  0.371984
 8.87  8.805926  4.474465  0.383890  0.370831
 8.88  8.805926  4.474449  0.383920  0.369680
 8.89  8.805930  4.474437  0.383950  0.368530
 8.90  8.805971  4.474421  0.383980  0.367382
 8.91  8.805971  4.474410  0.384010  0.366237
 8.92  8.805971  4.474394  0.384040  0.365092
 8.93  8.805971  4.474377  0.384070  0.363950
 8.94  8.805971  4.474361  0.384100  0.362809
 8.95  8.805975  4.474349  0.384130  0.361670
 8.96  8.805975  4.474338  0.384160  0.360533
 8.97  8.805975  4.474322  0.384190  0.359397
 8.98  8.805975  4.474306  0.384220  0.358264
 8.99  8.806015  4.474289  0.384250  0.357131
 9.00  8.806020  4.474283  0.384280  0.356001
 9.01  8.806020  4.474266  0.384310  0.354872
 9.02  8.806020  4.474250  0.384340  0.353745
 9.03  8.806020  4.474234  0.384370  0.352620
 9.04  8.806020  4.474223  0.384400  0.351496
 9.05  8.806020  4.474206  0.384430  0.350374
 9.06  8.806024  4.474195  0.384460  0.349254
 9.07  8.806064  4.474178  0.384490  0.348136
 9.08  8.806064  4.474167  0.384520  0.347019
 9.09  8.806064  4.474151  0.384550  0.345904
 9.10  8.806064  4.474135  0.384580  0.344790
 9.11  8.806069  4.474123  0.384610  0.343678
 9.12  8.806069  4.474112  0.384640  0.342568
 9.13  8.806069  4.474095  0.384670  0.341459
 9.14  8.806069  4.474079  0.384700  0.340352
 9.15  8.806069  4.474068  0.384730  0.339247
 9.16  8.806109  4.474052  0.384760  0.338143
 9.17  8.806114  4.474040  0.384790  0.337041
 9.18  8.806114  4.474024  0.384820  0.335941
 9.19  8.806114  4.474013  0.384850  0.334842
 9.20  8.806114  4.473996  0.384880  0.333745
 9.21  8.806114  4.473980  0.384910  0.332649
 9.22  8.806118  4.473974  0.384940  0.331555
 9.23  8.806118  4.473957  0.384970  0.330463
 9.24  8.806158  4.473941  0.385000  0.329372
 9.25  8.806158  4.473930  0.385030  0.328283
 9.26  8.806158  4.473914  0.385060  0.327195
 9.27  8.806158  4.473897  0.385080  0.326109
 9.28  8.806163  4.473891  0.385110  0.325025
 9.29  8.806163  4.473874  0.385140  0.323942
 9.30  8.806163  4.473858  0.385170  0.322861
 9.31  8.806163  4.473847  0.385200  0.321781
 9.32  8.806163  4.473831  0.385230  0.320703
 9.33  8.806208  4.473819  0.385260  0.319626
 9.34  8.806208  4.473808  0.385290  0.318551
 9.35  8.806208  4.473792  0.385320  0.317478
 9.36  8.806208  4.473775  0.385350  0.316406
 9.37  8.806208  4.473764  0.385380  0.315336
 9.38  8.806208  4.473748  0.385410  0.314267
 9.39  8.806212  4.473736  0.385440  0.313200
 9.40  8.806212  4.473725  0.385470  0.312134
 9.41  8.806252  4.473709  0.385490  0.311070
 9.42  8.806252  4.473692  0.385520  0.310007
 9.43  8.806252  4.473681  0.385550  0.308946
 9.44  8.806252  4.473665  0.385580  0.307887
 9.45  8.806257  4.473659  0.385610  0.306829
 9.46  8.806257  4.473642  0.385640  0.305772
 9.47  8.806257  4.473626  0.385670  0.304717
 9.48  8.806257  4.473615  0.385700  0.303663
 9.49  8.806257  4.473599  0.385720  0.302611
 9.50  8.806301  4.473592  0.385750  0.301561
 9.51  8.806301  4.473576  0.385780  0.300512
 9.52  8.806301  4.473559  0.385810  0.299464
 9.53  8.806301  4.473548  0.385840  0.298418
 9.54  8.806301  4.473532  0.385870  0.297373
 9.55  8.806301  4.473521  0.385900  0.296330
 9.56  8.806306  4.473509  0.385920  0.295289
 9.57  8.806306  4.473493  0.385950  0.294249
 9.58  8.806306  4.473482  0.385980  0.293210
 9.59  8.806346  4.473466  0.386010  0.292173
 9.60  8.806346  4.473455  0.386040  0.291137
 9.61  8.806346  4.473438  0.386070  0.290102
 9.62  8.806351  4.473426  0.386100  0.289070
 9.63  8.806351  4.473415  0.386120  0.288038
 9.64  8.806351  4.473399  0.386150  0.287008
 9.65  8.806351  4.473388  0.386180  0.285980
 9.66  8.806351  4.473372  0.386210  0.284953
 9.67  8.806351  4.473361  0.386240  0.283927
 9.68  8.806395  4.473349  0.386260  0.282903
 9.69  8.806395  4.473333  0.386290  0.281880
 9.70  8.806395  4.473322  0.386320  0.280858
 9.71  8.806395  4.473305  0.386350  0.279838
 9.72  8.806395  4.473294  0.386380  0.278820
 9.73  8.806395  4.473278  0.386400  0.277803
 9.74  8.806400  4.473271  0.386430  0.276787
 9.75  8.806400  4.473255  0.386460  0.275773
 9.76  8.806400  4.473244  0.386490  0.274760
 9.77  8.806440  4.473228  0.386520  0.273748
 9.78  8.806440  4.473217  0.386540  0.272738
 9.79  8.806440  4.473200  0.386570  0.271729
 9.80  8.806444  4.473194  0.386600  0.270722
 9.81  8.806444  4.473178  0.386630  0.269716
 9.82  8.806444  4.473161  0.386650  0.268712
 9.83  8.806444  4.473150  0.386680  0.267708
 9.84  8.806444  4.473134  0.386710  0.266707
 9.85  8.806444  4.473123  0.386740  0.265706
 9.86  8.806489  4.473111  0.386760  0.264707
 9.87  8.806489  4.473100  0.386790  0.263709
 9.88  8.806489  4.473084  0.386820  0.262713
 9.89  8.806489  4.473073  0.386850  0.261718
 9.90  8.806489  4.473056  0.386870  0.260724
 9.91  8.806489  4.473045  0.386900  0.259732
 9.92  8.806489  4.473029  0.386930  0.258741
 9.93  8.806494  4.473023  0.386960  0.257751
 9.94  8.806494  4.473006  0.386980  0.256763
 9.95  8.806494  4.472995  0.387010  0.255776
 9.96  8.806534  4.472979  0.387040  0.254791
 9.97  8.806534  4.472968  0.387060  0.253806
 9.98  8.806534  4.472951  0.387090  0.252823
 9.99  8.806538  4.472945  0.387120  0.251842
10.00  8.806538  4.472929  0.387150  0.250862
10.01  8.806538  4.472918  0.387170  0.249883
10.02  8.806538  4.472901  0.387200  0.248905
10.03  8.806538  4.472890  0.387230  0.247929
10.04  8.806538  4.472879  0.387250  0.246954
10.05  8.806538  4.472863  0.387280  0.245980
10.06  8.806583  4.472857  0.387310  0.245007
10.07  8.806583  4.472840  0.387330  0.244036
10.08  8.806583  4.472829  0.387360  0.243067
10.09  8.806583  4.472813  0.387390  0.242098
10.10  8.806583  4.472802  0.387410  0.241131
10.11  8.806583  4.472785  0.387440  0.240165
10.12  8.806587  4.472779  0.387470  0.239200
10.13  8.806587  4.472763  0.387490  0.238237
10.14  8.806587  4.472752  0.387520  0.237275
10.15  8.806587  4.472741  0.387550  0.236314
10.16  8.806628  4.472724  0.387570  0.235354
10.17  8.806628  4.472713  0.387600  0.234396
10.18  8.806628  4.472697  0.387630  0.233439
10.19  8.806632  4.472690  0.387650  0.232483
10.20  8.806632  4.472674  0.387680  0.231529
10.21  8.806632  4.472663  0.387710  0.230576
10.22  8.806632  4.472652  0.387730  0.229624
10.23  8.806632  4.472636  0.387760  0.228673
10.24  8.806632  4.472625  0.387790  0.227723
10.25  8.806632  4.472608  0.387810  0.226775
10.26  8.806677  4.472602  0.387840  0.225828
10.27  8.806677  4.472586  0.387860  0.224882
10.28  8.806677  4.472575  0.387890  0.223938
10.29  8.806677  4.472564  0.387920  0.222995
10.30  8.806677  4.472547  0.387940  0.222052
10.31  8.806677  4.472536  0.387970  0.221112
10.32  8.806681  4.472524  0.388000  0.220172
10.33  8.806681  4.472513  0.388020  0.219234
10.34  8.806681  4.472502  0.388050  0.218296
10.35  8.806681  4.472486  0.388070  0.217361
10.36  8.806681  4.472475  0.388100  0.216426
10.37  8.806722  4.472459  0.388130  0.215492
10.38  8.806722  4.472448  0.388150  0.214560
10.39  8.806726  4.472441  0.388180  0.213629
10.40  8.806726  4.472425  0.388200  0.212699
10.41  8.806726  4.472414  0.388230  0.211770
10.42  8.806726  4.472403  0.388260  0.210843
10.43  8.806726  4.472386  0.388280  0.209916
10.44  8.806726  4.472376  0.388310  0.208991
10.45  8.806726  4.472359  0.388330  0.208067
10.46  8.806726  4.472348  0.388360  0.207145
10.47  8.806771  4.472342  0.388380  0.206223
10.48  8.806771  4.472325  0.388410  0.205303
10.49  8.806771  4.472314  0.388440  0.204383
10.50  8.806771  4.472303  0.388460  0.203465
10.51  8.806771  4.472287  0.388490  0.202549
10.52  8.806771  4.472276  0.388510  0.201633
10.53  8.806771  4.472260  0.388540  0.200718
10.54  8.806775  4.472253  0.388560  0.199805
10.55  8.806775  4.472242  0.388590  0.198893
10.56  8.806775  4.472226  0.388610  0.197982
10.57  8.806775  4.472215  0.388640  0.197072
10.58  8.806775  4.472204  0.388670  0.196163
10.59  8.806815  4.472187  0.388690  0.195256
10.60  8.806815  4.472176  0.388720  0.194349
10.61  8.806820  4.472170  0.388740  0.193444
10.62  8.806820  4.472153  0.388770  0.192540
10.63  8.806820  4.472142  0.388790  0.191637
10.64  8.806820  4.472132  0.388820  0.190735
10.65  8.806820  4.472115  0.388840  0.189834
10.66  8.806820  4.472104  0.388870  0.188935
10.67  8.806820  4.472093  0.388890  0.188036
10.68  8.806824  4.472081  0.388920  0.187139
10.69  8.806824  4.472070  0.388940  0.186242
10.70  8.806864  4.472059  0.388970  0.185347
10.71  8.806864  4.472043  0.388990  0.184453
10.72  8.806864  4.472032  0.389020  0.183561
10.73  8.806864  4.472021  0.389040  0.182669
10.74  8.806864  4.472010  0.389070  0.181778
10.75  8.806864  4.471994  0.389090  0.180889
10.76  8.806869  4.471987  0.389120  0.180000
10.77  8.806869  4.471976  0.389140  0.179113
10.78  8.806869  4.471960  0.389170  0.178227
10.79  8.806869  4.471949  0.389190  0.177342
10.80  8.806869  4.471938  0.389220  0.176458
10.81  8.806909  4.471921  0.389240  0.175575
10.82  8.806909  4.471910  0.389270  0.174693
10.83  8.806909  4.471899  0.389290  0.173812
10.84  8.806914  4.471893  0.389320  0.172933
10.85  8.806914  4.471876  0.389340  0.172054
10.86  8.806914  4.471865  0.389370  0.171177
10.87  8.806914  4.471855  0.389390  0.170300
10.88  8.806914  4.471838  0.389420  0.169425
10.89  8.806914  4.471827  0.389440  0.168551
10.90  8.806914  4.471816  0.389470  0.167677
10.91  8.806914  4.471805  0.389490  0.166805
10.92  8.806918  4.471793  0.389520  0.165934
10.93  8.806918  4.471782  0.389540  0.165064
10.94  8.806958  4.471771  0.389560  0.164196
10.95  8.806958  4.471760  0.389590  0.163328
10.96  8.806958  4.471744  0.389610  0.162461
10.97  8.806958  4.471733  0.389640  0.161595
10.98  8.806958  4.471722  0.389660  0.160731
10.99  8.806958  4.471705  0.389690  0.159867
11.00  8.806963  4.471699  0.389710  0.159004
11.01  8.806963  4.471688  0.389740  0.158143
11.02  8.806963  4.471677  0.389760  0.157282
11.03  8.806963  4.471661  0.389780  0.156423
11.04  8.806963  4.471650  0.389810  0.155565
11.05  8.806963  4.471639  0.389830  0.154707
11.06  8.807003  4.471628  0.389860  0.153851
11.07  8.807003  4.471617  0.389880  0.152996
11.08  8.807007  4.471605  0.389910  0.152141
11.09  8.807007  4.471594  0.389930  0.151288
11.10  8.807007  4.471583  0.389950  0.150436
11.11  8.807007  4.471572  0.389980  0.149585
11.12  8.807007  4.471555  0.390000  0.148735
11.13  8.807007  4.471544  0.390030  0.147886
11.14  8.807007  4.471533  0.390050  0.147038
11.15  8.807007  4.471522  0.390070  0.146191
11.16  8.807007  4.471506  0.390100  0.145344
11.17  8.807012  4.471499  0.390120  0.144499
11.18  8.807012  4.471488  0.390150  0.143655
11.19  8.807052  4.471478  0.390170  0.142812
11.20  8.807052  4.471467  0.390190  0.141970
11.21  8.807052  4.471450  0.390220  0.141129
11.22  8.807052  4.471439  0.390240  0.140289
11.23  8.807052  4.471428  0.390270  0.139450
11.24  8.807052  4.471417  0.390290  0.138612
11.25  8.807056  4.471405  0.390310  0.137775
11.26  8.807056  4.471394  0.390340  0.136939
11.27  8.807056  4.471383  0.390360  0.136104
11.28  8.807056  4.471372  0.390380  0.135270
11.29  8.807056  4.471361  0.390410  0.134437
11.30  8.807056  4.471345  0.390430  0.133605
11.31  8.807056  4.471334  0.390460  0.132774
11.32  8.807097  4.471323  0.390480  0.131944
11.33  8.807097  4.471312  0.390500  0.131115
11.34  8.807101  4.471305  0.390530  0.130286
11.35  8.807101  4.471289  0.390550  0.129459
11.36  8.807101  4.471278  0.390570  0.128633
11.37  8.807101  4.471267  0.390600  0.127808
11.38  8.807101  4.471256  0.390620  0.126983
11.39  8.807101  4.471245  0.390640  0.126160
11.40  8.807101  4.471234  0.390670  0.125338
11.41  8.807101  4.471218  0.390690  0.124516
11.42  8.807101  4.471207  0.390710  0.123696
11.43  8.807106  4.471200  0.390740  0.122876
11.44  8.807106  4.471189  0.390760  0.122058
11.45  8.807106  4.471178  0.390790  0.121240
11.46  8.807146  4.471167  0.390810  0.120424
11.47  8.807146  4.471151  0.390830  0.119608
11.48  8.807146  4.471140  0.390860  0.118793
11.49  8.807146  4.471129  0.390880  0.117979
11.50  8.807146  4.471118  0.390900  0.117167
11.51  8.807146  4.471107  0.390920  0.116355
11.52  8.807146  4.471096  0.390950  0.115544
11.53  8.807150  4.471084  0.390970  0.114734
11.54  8.807150  4.471073  0.390990  0.113925
11.55  8.807150  4.471062  0.391020  0.113117
11.56  8.807150  4.471051  0.391040  0.112309
11.57  8.807150  4.471040  0.391060  0.111503
11.58  8.807150  4.471029  0.391090  0.110698
11.59  8.807150  4.471018  0.391110  0.109893
11.60  8.807190  4.471001  0.391130  0.109090
11.61  8.807190  4.470990  0.391160  0.108287
11.62  8.807190  4.470979  0.391180  0.107486
11.63  8.807195  4.470973  0.391200  0.106685
11.64  8.807195  4.470962  0.391230  0.105885
11.65  8.807195  4.470951  0.391250  0.105086
11.66  8.807195  4.470940  0.391270  0.104288
11.67  8.807195  4.470923  0.391290  0.103491
11.68  8.807195  4.470912  0.391320  0.102695
11.69  8.807195  4.470901  0.391340  0.101900
11.70  8.807195  4.470890  0.391360  0.101105
11.71  8.807195  4.470879  0.391390  0.100312
11.72  8.807199  4.470873  0.391410  0.099519
11.73  8.807199  4.470862  0.391430  0.098728
11.74  8.807240  4.470851  0.391450  0.097937
11.75  8.807240  4.470834  0.391480  0.097147
11.76  8.807240  4.470823  0.391500  0.096358
11.77  8.807240  4.470812  0.391520  0.095570
11.78  8.807240  4.470801  0.391550  0.094783
11.79  8.807240  4.470790  0.391570  0.093996
11.80  8.807240  4.470779  0.391590  0.093211
11.81  8.807240  4.470768  0.391610  0.092426
11.82  8.807244  4.470762  0.391640  0.091643
11.83  8.807244  4.470751  0.391660  0.090860
11.84  8.807244  4.470734  0.391680  0.090078
11.85  8.807244  4.470724  0.391700  0.089297
11.86  8.807244  4.470713  0.391730  0.088517
11.87  8.807244  4.470702  0.391750  0.087738
11.88  8.807244  4.470691  0.391770  0.086959
11.89  8.807284  4.470680  0.391790  0.086182
11.90  8.807284  4.470669  0.391820  0.085405
11.91  8.807284  4.470658  0.391840  0.084630
11.92  8.807289  4.470651  0.391860  0.083855
11.93  8.807289  4.470640  0.391880  0.083081
11.94  8.807289  4.470624  0.391910  0.082307
11.95  8.807289  4.470613  0.391930  0.081535
11.96  8.807289  4.470602  0.391950  0.080764
11.97  8.807289  4.470591  0.391970  0.079993
11.98  8.807289  4.470580  0.392000  0.079223
11.99  8.807289  4.470569  0.392020  0.078455
12.00  8.807289  4.470558  0.392040  0.077686
12.01  8.807289  4.470547  0.392060  0.076919
12.02  8.807289  4.470536  0.392080  0.076153
12.03  8.807293  4.470529  0.392110  0.075387
12.04  8.807333  4.470518  0.392130  0.074623
12.05  8.807333  4.470507  0.392150  0.073859
12.06  8.807333  4.470496  0.392170  0.073096
12.07  8.807333  4.470480  0.392200  0.072334
12.08  8.807333  4.470469  0.392220  0.071573
12.09  8.807333  4.470458  0.392240  0.070812
12.10  8.807333  4.470447  0.392260  0.070053
12.11  8.807333  4.470436  0.392280  0.069294
12.12  8.807333  4.470425  0.392310  0.068536
12.13  8.807333  4.470414  0.392330  0.067779
12.14  8.807338  4.470407  0.392350  0.067023
12.15  8.807338  4.470396  0.392370  0.066267
12.16  8.807338  4.470385  0.392390  0.065513
12.17  8.807338  4.470374  0.392420  0.064759
12.18  8.807338  4.470363  0.392440  0.064006
12.19  8.807338  4.470352  0.392460  0.063254
12.20  8.807378  4.470341  0.392480  0.062502
12.21  8.807378  4.470330  0.392500  0.061752
12.22  8.807378  4.470319  0.392530  0.061002
12.23  8.807378  4.470308  0.392550  0.060253
12.24  8.807378  4.470297  0.392570  0.059505
12.25  8.807382  4.470285  0.392590  0.058758
12.26  8.807382  4.470274  0.392610  0.058011
12.27  8.807382  4.470263  0.392630  0.057266
12.28  8.807382  4.470252  0.392660  0.056521
12.29  8.807382  4.470241  0.392680  0.055777
12.30  8.807382  4.470230  0.392700  0.055034
12.31  8.807382  4.470219  0.392720  0.054291
12.32  8.807382  4.470208  0.392740  0.053550
12.33  8.807382  4.470197  0.392770  0.052809
12.34  8.807382  4.470186  0.392790  0.052069
12.35  8.807422  4.470175  0.392810  0.051330
12.36  8.807422  4.470164  0.392830  0.050591
12.37  8.807427  4.470157  0.392850  0.049854
12.38  8.807427  4.470146  0.392870  0.049117
12.39  8.807427  4.470135  0.392900  0.048381
12.40  8.807427  4.470124  0.392920  0.047645
12.41  8.807427  4.470113  0.392940  0.046911
12.42  8.807427  4.470102  0.392960  0.046177
12.43  8.807427  4.470091  0.392980  0.045444
12.44  8.807427  4.470080  0.393000  0.044712
12.45  8.807427  4.470069  0.393020  0.043981
12.46  8.807427  4.470058  0.393050  0.043250
12.47  8.807427  4.470047  0.393070  0.042520
12.48  8.807427  4.470036  0.393090  0.041791
12.49  8.807431  4.470030  0.393110  0.041063
12.50  8.807431  4.470019  0.393130  0.040336
12.51  8.807431  4.470008  0.393150  0.039609
12.52  8.807472  4.469997  0.393170  0.038883
12.53  8.807472  4.469986  0.393200  0.038158
12.54  8.807472  4.469975  0.393220  0.037434
12.55  8.807472  4.469964  0.393240  0.036710
12.56  8.807472  4.469953  0.393260  0.035987
12.57  8.807472  4.469942  0.393280  0.035265
12.58  8.807472  4.469931  0.393300  0.034544
12.59  8.807472  4.469920  0.393320  0.033823
12.60  8.807472  4.469909  0.393340  0.033103
12.61  8.807472  4.469897  0.393370  0.032384
12.62  8.807476  4.469891  0.393390  0.031666
12.63  8.807476  4.469880  0.393410  0.030948
12.64  8.807476  4.469869  0.393430  0.030232
12.65  8.807476  4.469858  0.393450  0.029516
12.66  8.807476  4.469847  0.393470  0.028800
12.67  8.807476  4.469836  0.393490  0.028086
12.68  8.807476  4.469825  0.393510  0.027372
12.69  8.807516  4.469814  0.393540  0.026659
12.70  8.807516  4.469803  0.393560  0.025947
12.71  8.807516  4.469792  0.393580  0.025235
12.72  8.807516  4.469781  0.393600  0.024524
12.73  8.807516  4.469770  0.393620  0.023814
12.74  8.807516  4.469759  0.393640  0.023105
12.75  8.807516  4.469748  0.393660  0.022396
12.76  8.807521  4.469741  0.393680  0.021688
12.77  8.807521  4.469730  0.393700  0.020981
12.78  8.807521  4.469719  0.393720  0.020275
12.79  8.807521  4.469708  0.393750  0.019569
12.80  8.807521  4.469703  0.393770  0.018864
12.81  8.807521  4.469692  0.393790  0.018160
12.82  8.807521  4.469681  0.393810  0.017457
12.83  8.807521  4.469670  0.393830  0.016754
12.84  8.807521  4.469659  0.393850  0.016052
12.85  8.807521  4.469648  0.393870  0.015351
12.86  8.807561  4.469636  0.393890  0.014650
12.87  8.807561  4.469625  0.393910  0.013950
12.88  8.807561  4.469614  0.393930  0.013251
12.89  8.807561  4.469603  0.393950  0.012553
12.90  8.807565  4.469597  0.393970  0.011855
12.91  8.807565  4.469586  0.394000  0.011158
12.92  8.807565  4.469575  0.394020  0.010462
12.93  8.807565  4.469564  0.394040  0.009766
12.94  8.807565  4.469553  0.394060  0.009072
12.95  8.807565  4.469542  0.394080  0.008377
12.96  8.807565  4.469531  0.394100  0.007684
12.97  8.807565  4.469520  0.394120  0.006991
12.98  8.807565  4.469509  0.394140  0.006299
12.99  8.807565  4.469498  0.394160  0.005608
13.00  8.807565  4.469487  0.394180  0.004917
13.01  8.807565  4.469481  0.394200  0.004228
13.02  8.807565  4.469470  0.394220  0.003538
13.03  8.807565  4.469459  0.394240  0.002850
13.04  8.807605  4.469448  0.394260  0.002162
13.05  8.807610  4.469441  0.394280  0.001475
13.06  8.807610  4.469430  0.394300  0.000789
13.07  8.807610  4.469419  0.394320  0.000103
13.08  8.807610  4.469408  0.394340 -1.000000
13.09  8.807610  4.469397  0.394370 -1.000000
13.10  8.807610  4.469386  0.394390 -1.000000
13.11  8.807610  4.469375  0.394410 -1.000000
13.12  8.807610  4.469364  0.394430 -1.000000
13.13  8.807610  4.469353  0.394450 -1.000000
13.14  8.807610  4.469342  0.394470 -1.000000
13.15  8.807610  4.469337  0.394490 -1.000000
13.16  8.807610  4.469326  0.394510 -1.000000
13.17  8.807610  4.469315  0.394530 -1.000000
13.18  8.807610  4.469304  0.394550 -1.000000
13.19  8.807610  4.469293  0.394570 -1.000000
13.20  8.807610  4.469282  0.394590 -1.000000
13.21  8.807614  4.469275  0.394610 -1.000000
13.22  8.807614  4.469264  0.394630 -1.000000
13.23  8.807654  4.469253  0.394650 -1.000000
13.24  8.807654  4.469242  0.394670 -1.000000
13.25  8.807654  4.469231  0.394690 -1.000000
13.26  8.807654  4.469225  0.394710 -1.000000
13.27  8.807654  4.469214  0.394730 -1.000000
13.28  8.807654  4.469203  0.394750 -1.000000
13.29  8.807654  4.469192  0.394770 -1.000000
13.30  8.807654  4.469181  0.394790 -1.000000
13.31  8.807654  4.469170  0.394810 -1.000000
13.32  8.807654  4.469159  0.394830 -1.000000
13.33  8.807654  4.469148  0.394850 -1.000000
13.34  8.807654  4.469137  0.394870 -1.000000
13.35  8.807654  4.469126  0.394890 -1.000000
13.36  8.807654  4.469121  0.394910 -1.000000
13.37  8.807654  4.469109  0.394930 -1.000000
13.38  8.807654  4.469098  0.394950 -1.000000
13.39  8.807659  4.469092  0.394970 -1.000000
13.40  8.807659  4.469081  0.394990 -1.000000
13.41  8.807659  4.469070  0.395010 -1.000000
13.42  8.807699  4.469059  0.395030 -1.000000
13.43  8.807699  4.469048  0.395050 -1.000000
13.44  8.807699  4.469037  0.395070 -1.000000
13.45  8.807699  4.469031  0.395090 -1.000000
13.46  8.807699  4.469020  0.395110 -1.000000
13.47  8.807699  4.469009  0.395130 -1.000000
13.48  8.807699  4.468998  0.395150 -1.000000
13.49  8.807699  4.468987  0.395170 -1.000000
13.50  8.807699  4.468976  0.395190 -1.000000
13.51  8.807699  4.468965  0.395210 -1.000000
13.52  8.807699  4.468954  0.395230 -1.000000
13.53  8.807699  4.468948  0.395250 -1.000000
13.54  8.807699  4.468937  0.395270 -1.000000
13.55  8.807699  4.468926  0.395290 -1.000000
13.56  8.807699  4.468915  0.395310 -1.000000
13.57  8.807699  4.468904  0.395330 -1.000000
13.58  8.807699  4.468893  0.395350 -1.000000
13.59  8.807699  4.468882  0.395370 -1.000000
13.60  8.807704  4.468876  0.395390 -1.000000
13.61  8.807704  4.468870  0.395410 -1.000000
13.62  8.807744  4.468859  0.395430 -1.000000
13.63  8.807744  4.468848  0.395450 -1.000000
13.64  8.807744  4.468837  0.395470 -1.000000
13.65  8.807744  4.468826  0.395490 -1.000000
13.66  8.807744  4.468815  0.395510 -1.000000
13.67  8.807744  4.468804  0.395530 -1.000000
13.68  8.807744  4.468798  0.395550 -1.000000
13.69  8.807744  4.468787  0.395570 -1.000000
13.70  8.807744  4.468776  0.395590 -1.000000
13.71  8.807744  4.468765  0.395610 -1.000000
13.72  8.807744  4.468754  0.395630 -1.000000
13.73  8.807744  4.468743  0.395650 -1.000000
13.74  8.807744  4.468738  0.395670 -1.000000
13.75  8.807744  4.468726  0.395690 -1.000000
13.76  8.807744  4.468715  0.395710 -1.000000
13.77  8.807744  4.468704  0.395730 -1.000000
13.78  8.807744  4.468693  0.395750 -1.000000
13.79  8.807744  4.468682  0.395760 -1.000000
13.80  8.807744  4.468671  0.395780 -1.000000
13.81  8.807744  4.468666  0.395800 -1.000000
13.82  8.807784  4.468655  0.395820 -1.000000
13.83  8.807784  4.468644  0.395840 -1.000000
13.84  8.807788  4.468637  0.395860 -1.000000
13.85  8.807788  4.468626  0.395880 -1.000000
13.86  8.807788  4.468615  0.395900 -1.000000
13.87  8.807788  4.468609  0.395920 -1.000000
13.88  8.807788  4.468598  0.395940 -1.000000
13.89  8.807788  4.468587  0.395960 -1.000000
13.90  8.807788  4.468576  0.395980 -1.000000
13.91  8.807788  4.468565  0.396000 -1.000000
13.92  8.807788  4.468560  0.396020 -1.000000
13.93  8.807788  4.468549  0.396040 -1.000000
13.94  8.807788  4.468538  0.396060 -1.000000
13.95  8.807788  4.468527  0.396080 -1.000000
13.96  8.807788  4.468516  0.396100 -1.000000
13.97  8.807788  4.468504  0.396120 -1.000000
13.98  8.807788  4.468499  0.396140 -1.000000
13.99  8.807788  4.468488  0.396150 -1.000000
14.00  8.807788  4.468477  0.396170 -1.000000
14.01  8.807788  4.468466  0.396190 -1.000000
14.02  8.807828  4.468455  0.396210 -1.000000
14.03  8.807828  4.468449  0.396230 -1.000000
14.04  8.807828  4.468438  0.396250 -1.000000
14.05  8.807828  4.468427  0.396270 -1.000000
14.06  8.807828  4.468416  0.396290 -1.000000
14.07  8.807828  4.468405  0.396310 -1.000000
14.08  8.807828  4.468399  0.396330 -1.000000
14.09  8.807828  4.468388  0.396350 -1.000000
14.10  8.807828  4.468377  0.396370 -1.000000
14.11  8.807828  4.468366  0.396390 -1.000000
14.12  8.807833  4.468360  0.396410 -1.000000
14.13  8.807833  4.468354  0.396420 -1.000000
14.14  8.807833  4.468343  0.396440 -1.000000
14.15  8.807833  4.468332  0.396460 -1.000000
14.16  8.807833  4.468321  0.396480 -1.000000
14.17  8.807833  4.468310  0.396500 -1.000000
14.18  8.807833  4.468304  0.396520 -1.000000
14.19  8.807833  4.468293  0.396540 -1.000000
14.20  8.807833  4.468282  0.396560 -1.000000
14.21  8.807833  4.468271  0.396580 -1.000000
14.22  8.807833  4.468260  0.396600 -1.000000
14.23  8.807873  4.468255  0.396620 -1.000000
14.24  8.807873  4.468244  0.396640 -1.000000
14.25  8.807873  4.468233  0.396650 -1.000000
14.26  8.807873  4.468221  0.396670 -1.000000
14.27  8.807873  4.468216  0.396690 -1.000000
14.28  8.807873  4.468205  0.396710 -1.000000
14.29  8.807873  4.468194  0.396730 -1.000000
14.30  8.807873  4.468183  0.396750 -1.000000
14.31  8.807873  4.468172  0.396770 -1.000000
14.32  8.807873  4.468166  0.396790 -1.000000
14.33  8.807873  4.468155  0.396810 -1.000000
14.34  8.807873  4.468144  0.396830 -1.000000
14.35  8.807873  4.468133  0.396850 -1.000000
14.36  8.807873  4.468127  0.396860 -1.000000
14.37  8.807873  4.468116  0.396880 -1.000000
14.38  8.807873  4.468105  0.396900 -1.000000
14.39  8.807873  4.468094  0.396920 -1.000000
14.40  8.807873  4.468083  0.396940 -1.000000
14.41  8.807873  4.468078  0.396960 -1.000000
14.42  8.807873  4.468067  0.396980 -1.000000
14.43  8.807873  4.468056  0.397000 -1.000000
14.44  8.807913  4.468045  0.397020 -1.000000
14.45  8.807913  4.468039  0.397030 -1.000000
14.46  8.807913  4.468028  0.397050 -1.000000
14.47  8.807913  4.468017  0.397070 -1.000000
14.48  8.807917  4.468010  0.397090 -1.000000
14.49  8.807917  4.468005  0.397110 -1.000000
14.50  8.807917  4.467994  0.397130 -1.000000
14.51  8.807917  4.467983  0.397150 -1.000000
14.52  8.807917  4.467972  0.397170 -1.000000
14.53  8.807917  4.467966  0.397190 -1.000000
14.54  8.807917  4.467955  0.397200 -1.000000
14.55  8.807917  4.467944  0.397220 -1.000000
14.56  8.807917  4.467933  0.397240 -1.000000
14.57  8.807917  4.467927  0.397260 -1.000000
14.58  8.807917  4.467916  0.397280 -1.000000
14.59  8.807917  4.467905  0.397300 -1.000000
14.60  8.807917  4.467894  0.397320 -1.000000
14.61  8.807917  4.467889  0.397340 -1.000000
14.62  8.807917  4.467877  0.397350 -1.000000
14.63  8.807917  4.467866  0.397370 -1.000000
14.64  8.807917  4.467855  0.397390 -1.000000
14.65  8.807958  4.467850  0.397410 -1.000000
14.66  8.807958  4.467839  0.397430 -1.000000
14.67  8.807958  4.467828  0.397450 -1.000000
14.68  8.807958  4.467822  0.397470 -1.000000
14.69  8.807958  4.467811  0.397490 -1.000000
14.70  8.807958  4.467800  0.397500 -1.000000
14.71  8.807958  4.467789  0.397520 -1.000000
14.72  8.807958  4.467783  0.397540 -1.000000
14.73  8.807958  4.467772  0.397560 -1.000000
14.74  8.807958  4.467761  0.397580 -1.000000
14.75  8.807958  4.467750  0.397600 -1.000000
14.76  8.807958  4.467745  0.397620 -1.000000
14.77  8.807958  4.467734  0.397630 -1.000000
14.78  8.807958  4.467722  0.397650 -1.000000
14.79  8.807958  4.467717  0.397670 -1.000000
14.80  8.807958  4.467706  0.397690 -1.000000
14.81  8.807958  4.467695  0.397710 -1.000000
14.82  8.807958  4.467684  0.397730 -1.000000
14.83  8.807958  4.467678  0.397750 -1.000000
14.84  8.807958  4.467667  0.397760 -1.000000
14.85  8.807958  4.467656  0.397780 -1.000000
14.86  8.807998  4.467651  0.397800 -1.000000
14.87  8.807998  4.467639  0.397820 -1.000000
14.88  8.807998  4.467628  0.397840 -1.000000
14.89  8.807998  4.467617  0.397860 -1.000000
14.90  8.807998  4.467612  0.397870 -1.000000
14.91  8.807998  4.467601  0.397890 -1.000000
14.92  8.807998  4.467590  0.397910 -1.000000
14.93  8.807998  4.467584  0.397930 -1.000000
14.94  8.807998  4.467573  0.397950 -1.000000
14.95  8.807998  4.467562  0.397970 -1.000000
14.96  8.807998  4.467556  0.397980 -1.000000
14.97  8.807998  4.467545  0.398000 -1.000000
14.98  8.807998  4.467534  0.398020 -1.000000
14.99  8.807998  4.467523  0.398040 -1.000000
15.00  8.807998  4.467518  0.398060 -1.000000
