 t       A(O)      A(F)      fg       z
 0.01 -8.000000 -8.000000  0.010000  7.028276
 0.02 -8.000000 -8.000000  0.029048  6.958115
 0.03  6.791596  2.691031  0.046685  6.889464
 0.04  7.336016  3.176227  0.063051  6.822271
 0.05  7.642286  3.472193  0.078266  6.756486
 0.06  7.836270  3.672159  0.092414  6.692064
 0.07  7.975474  3.818216  0.105560  6.628959
 0.08  8.081572  3.929810  0.117790  6.567130
 0.09  8.165932  4.021036  0.129140  6.506534
 0.10  8.231465  4.095800  0.139660  6.447134
 0.11  8.285726  4.159674  0.149390  6.388891
 0.12  8.333714  4.216404  0.158360  6.331771
 0.13  8.376838  4.266806  0.166630  6.275738
 0.14  8.417470  4.309151  0.174260  6.220761
 0.15  8.455150  4.344692  0.181290  6.166807
 0.16  8.489062  4.376678  0.187780  6.113846
 0.17  8.519504  4.406087  0.193740  6.061850
 0.18  8.547131  4.433524  0.199210  6.010790
 0.19  8.572396  4.459315  0.204220  5.960640
 0.20  8.595697  4.483671  0.208780  5.911374
 0.21  8.617318  4.506716  0.212930  5.862967
 0.22  8.637894  4.530094  0.216680  5.815396
 0.23  8.657603  4.553724  0.220050  5.768638
 0.24  8.676334  4.576260  0.223060  5.722670
 0.25  8.694220  4.597569  0.225730  5.677471
 0.26  8.711315  4.617724  0.228080  5.633022
 0.27  8.727686  4.636840  0.230130  5.589302
 0.28  8.743381  4.655107  0.231890  5.546292
 0.29  8.758451  4.672500  0.233380  5.503974
 0.30  8.772928  4.689185  0.234620  5.462330
 0.31  8.786904  4.705151  0.235620  5.421344
 0.32  8.800324  4.720508  0.236400  5.380998
 0.33  8.813271  4.735246  0.236960  5.341277
 0.34  8.825775  4.749467  0.237320  5.302165
 0.35  8.837851  4.763307  0.237500  5.263649
 0.36  8.849529  4.776655  0.237490  5.225712
 0.37  8.860870  4.789572  0.237320  5.188341
 0.38  8.871813  4.802048  0.236990  5.151524
 0.39  8.882456  4.814143  0.236520  5.115246
 0.40  8.892775  4.825873  0.235910  5.079496
 0.41  8.902791  4.837262  0.235170  5.044261
 0.42  8.912514  4.848299  0.234300  5.009529
 0.43  8.921956  4.859049  0.233330  4.975289
 0.44  8.931167  4.869507  0.232250  4.941529
 0.45  8.940120  4.879682  0.231080  4.908240
 0.46  8.948861  4.889614  0.229810  4.875410
 0.47  8.957340  4.899271  0.228460  4.843030
 0.48  8.965649  4.908703  0.227030  4.811089
 0.49  8.973716  4.917902  0.225520  4.779579
 0.50  8.981659  4.926899  0.223950  4.748490
 0.51  8.989456  4.935741  0.222320  4.717812
 0.52  8.997058  4.944452  0.220630  4.687538
 0.53  9.004494  4.952957  0.218900  4.657659
 0.54  9.011779  4.961255  0.217110  4.628167
 0.55  9.018857  4.969362  0.215290  4.599053
 0.56  9.025792  4.977291  0.213420  4.570310
 0.57  9.032586  4.985065  0.211520  4.541931
 0.58  9.039217  4.992651  0.209590  4.513908
 0.59  9.045721  5.000098  0.207630  4.486234
 0.60  9.052071  5.007402  0.205640  4.458901
 0.61  9.058303  5.014561  0.203630  4.431905
 0.62  9.064413  5.021586  0.201610  4.405236
 0.63  9.070388  5.028490  0.199560  4.378891
 0.64  9.076271  5.035253  0.197500  4.352861
 0.65  9.082022  5.041914  0.195420  4.327142
 0.66  9.087650  5.048466  0.193340  4.301726
 0.67  9.093198  5.054906  0.191250  4.276609
 0.68  9.098641  5.061265  0.189150  4.251786
 0.69  9.103969  5.067523  0.187050  4.227249
 0.70  9.109225  5.073693  0.184950  4.202995
 0.71  9.114371  5.079782  0.182840  4.179017
 0.72  9.119444  5.085797  0.180740  4.155312
 0.73  9.124412  5.091736  0.178640  4.131873
 0.74  9.129314  5.097609  0.176540  4.108697
 0.75  9.134117  5.103408  0.174450  4.085778
 0.76  9.138852  5.109140  0.172360  4.063112
 0.77  9.143492  5.114803  0.170290  4.040694
 0.78  9.148073  5.120392  0.168220  4.018521
 0.79  9.152577  5.125923  0.166160  3.996587
 0.80  9.157010  5.131376  0.164110  3.974890
 0.81  9.161369  5.136748  0.162070  3.953424
 0.82  9.165674  5.142054  0.160040  3.932185
 0.83  9.169912  5.147287  0.158020  3.911171
 0.84  9.174094  5.152452  0.156020  3.890376
 0.85  9.178212  5.157522  0.154030  3.869798
 0.86  9.182267  5.162538  0.152050  3.849433
 0.87  9.186269  5.167478  0.150090  3.829277
 0.88  9.190210  5.172342  0.148150  3.809327
 0.89  9.194087  5.177138  0.146210  3.789579
 0.90  9.197918  5.181856  0.144300  3.770031
 0.91  9.201705  5.186509  0.142400  3.750678
 0.92  9.205430  5.191088  0.140520  3.731519
 0.93  9.209117  5.195598  0.138650  3.712549
 0.94  9.212740  5.200031  0.136800  3.693766
 0.95  9.216325  5.204388  0.134970  3.675167
 0.96  9.219870  5.208687  0.133150  3.656749
 0.97  9.223375  5.212896  0.131350  3.638509
 0.98  9.226827  5.217067  0.129570  3.620444
 0.99  9.230253  5.221145  0.127810  3.602552
 1.00  9.233628  5.225186  0.126070  3.584830
 1.01  9.236780  5.228947  0.131340  3.567275
 1.02  9.231146  5.233338  0.135760  3.549885
 1.03  9.220576  5.224473  0.139850  3.532658
 1.04  9.210573  5.216032  0.143750  3.515591
 1.05  9.201109  5.208092  0.147490  3.498681
 1.06  9.192114  5.200595  0.151100  3.481927
 1.07  9.183589  5.193531  0.154610  3.465325
 1.08  9.175464  5.186835  0.158010  3.448875
 1.09  9.167720  5.180473  0.161320  3.432573
 1.10  9.160304  5.174412  0.164550  3.416417
 1.11  9.153235  5.168640  0.167700  3.400406
 1.12  9.146464  5.163114  0.170770  3.384537
 1.13  9.139980  5.157840  0.173780  3.368808
 1.14  9.133744  5.152802  0.176720  3.353217
 1.15  9.127790  5.147988  0.179590  3.337763
 1.16  9.122038  5.143371  0.182400  3.322443
 1.17  9.116534  5.138940  0.185150  3.307256
 1.18  9.111219  5.134673  0.187840  3.292199
 1.19  9.106117  5.130581  0.190480  3.277271
 1.20  9.101173  5.126621  0.193060  3.262470
 1.21  9.096431  5.122817  0.195590  3.247795
 1.22  9.091874  5.119132  0.198080  3.233243
 1.23  9.087457  5.115564  0.200510  3.218813
 1.24  9.083184  5.112101  0.202900  3.204503
 1.25  9.079052  5.108741  0.205240  3.190313
 1.26  9.075076  5.105481  0.207540  3.176239
 1.27  9.071249  5.102313  0.209790  3.162281
 1.28  9.067504  5.099224  0.212010  3.148437
 1.29  9.063913  5.096204  0.214180  3.134706
 1.30  9.060433  5.093279  0.216310  3.121085
 1.31  9.057036  5.090405  0.218410  3.107575
 1.32  9.053783  5.087621  0.220460  3.094172
 1.33  9.050612  5.084899  0.222480  3.080877
 1.34  9.047536  5.082250  0.224470  3.067687
 1.35  9.044555  5.079660  0.226420  3.054601
 1.36  9.041662  5.077135  0.228330  3.041618
 1.37  9.038842  5.074672  0.230220  3.028736
 1.38  9.036118  5.072265  0.232070  3.015955
 1.39  9.033486  5.069911  0.233890  3.003272
 1.40  9.030927  5.067616  0.235670  2.990688
 1.41  9.028417  5.065380  0.237430  2.978199
 1.42  9.026006  5.063188  0.239160  2.965807
 1.43  9.023642  5.061038  0.240870  2.953508
 1.44  9.021354  5.058949  0.242540  2.941303
 1.45  9.019139  5.056902  0.244190  2.929189
 1.46  9.016972  5.054897  0.245810  2.917166
 1.47  9.014885  5.052939  0.247410  2.905233
 1.48  9.012821  5.051026  0.248980  2.893389
 1.49  9.010837  5.049160  0.250530  2.881632
 1.50  9.008900  5.047320  0.252050  2.869961
 1.51  9.007018  5.045528  0.253560  2.858376
 1.52  9.005188  5.043766  0.255040  2.846876
 1.53  9.003411  5.042050  0.256500  2.835458
 1.54  9.001659  5.040365  0.257940  2.824124
 1.55  8.999960  5.038709  0.259360  2.812871
 1.56  8.998315  5.037101  0.260760  2.801699
 1.57  8.996725  5.035508  0.262150  2.790606
 1.58  8.995161  5.033963  0.263510  2.779592
 1.59  8.993621  5.032429  0.264860  2.768656
 1.60  8.992140  5.030947  0.266190  2.757797
 1.61  8.990711  5.029478  0.267500  2.747014
 1.62  8.989310  5.028057  0.268800  2.736306
 1.63  8.987938  5.026652  0.270080  2.725673
 1.64  8.986595  5.025265  0.271340  2.715113
 1.65  8.985304  5.023923  0.272590  2.704626
 1.66  8.984044  5.022598  0.273830  2.694211
 1.67  8.982813  5.021307  0.275050  2.683867
 1.68  8.981611  5.020034  0.276250  2.673593
 1.69  8.980464  5.018790  0.277440  2.663389
 1.70  8.979314  5.017576  0.278620  2.653254
 1.71  8.978200  5.016385  0.279780  2.643187
 1.72  8.977140  5.015223  0.280920  2.633187
 1.73  8.976078  5.014076  0.282060  2.623254
 1.74  8.975075  5.012948  0.283170  2.613387
 1.75  8.974075  5.011871  0.284280  2.603585
 1.76  8.973102  5.010792  0.285370  2.593847
 1.77  8.972157  5.009744  0.286440  2.584173
 1.78  8.971242  5.008716  0.287500  2.574563
 1.79  8.970360  5.007723  0.288540  2.565014
 1.80  8.969505  5.006745  0.289570  2.555528
 1.81  8.968649  5.005782  0.290580  2.546103
 1.82  8.967825  5.004856  0.291580  2.536738
 1.83  8.967034  5.003949  0.292570  2.527433
 1.84  8.966270  5.003058  0.293540  2.518188
 1.85  8.965535  5.002199  0.294490  2.509001
 1.86  8.964798  5.001338  0.295430  2.499872
 1.87  8.964095  5.000515  0.296360  2.490801
 1.88  8.963395  4.999712  0.297270  2.481786
 1.89  8.962723  4.998925  0.298170  2.472828
 1.90  8.962080  4.998170  0.299060  2.463926
 1.91  8.961466  4.997415  0.299930  2.455079
 1.92  8.960855  4.996697  0.300790  2.446286
 1.93  8.960244  4.995978  0.301630  2.437548
 1.94  8.959662  4.995275  0.302460  2.428863
 1.95  8.959113  4.994611  0.303280  2.420231
 1.96  8.958563  4.993945  0.304090  2.411651
 1.97  8.958048  4.993318  0.304880  2.403124
 1.98  8.957527  4.992685  0.305660  2.394648
 1.99  8.957010  4.992073  0.306430  2.386223
 2.00  8.956528  4.991500  0.307190  2.377849
 2.01  8.956069  4.990905  0.307930  2.369524
 2.02  8.955615  4.990348  0.308660  2.361249
 2.03  8.955161  4.989807  0.309380  2.353023
 2.04  8.954736  4.989266  0.310090  2.344845
 2.05  8.954311  4.988760  0.310790  2.336716
 2.06  8.953920  4.988240  0.311470  2.328634
 2.07  8.953499  4.987754  0.312150  2.320600
 2.08  8.953137  4.987268  0.312810  2.312612
 2.09  8.952745  4.986799  0.313460  2.304670
 2.10  8.952388  4.986351  0.314100  2.296775
 2.11  8.952025  4.985899  0.314730  2.288924
 2.12  8.951697  4.985468  0.315350  2.281119
 2.13  8.951339  4.985037  0.315960  2.273358
 2.14  8.951040  4.984623  0.316560  2.265642
 2.15  8.950716  4.984231  0.317150  2.257969
 2.16  8.950387  4.983834  0.317730  2.250339
 2.17  8.950093  4.983459  0.318310  2.242753
 2.18  8.949829  4.983084  0.318870  2.235209
 2.19  8.949534  4.982708  0.319420  2.227707
 2.20  8.949270  4.982350  0.319970  2.220248
 2.21  8.948975  4.982009  0.320510  2.212829
 2.22  8.948714  4.981673  0.321040  2.205452
 2.23  8.948480  4.981349  0.321560  2.198115
 2.24  8.948219  4.981030  0.322070  2.190818
 2.25  8.947989  4.980710  0.322580  2.183562
 2.26  8.947754  4.980404  0.323080  2.176345
 2.27  8.947528  4.980107  0.323570  2.169167
 2.28  8.947297  4.979822  0.324050  2.162029
 2.29  8.947097  4.979537  0.324530  2.154928
 2.30  8.946896  4.979252  0.325000  2.147866
 2.31  8.946670  4.978990  0.325460  2.140842
 2.32  8.946469  4.978722  0.325920  2.133856
 2.33  8.946273  4.978460  0.326360  2.126907
 2.34  8.946107  4.978214  0.326800  2.119994
 2.35  8.945906  4.977964  0.327230  2.113118
 2.36  8.945710  4.977719  0.327660  2.106279
 2.37  8.945544  4.977473  0.328080  2.099475
 2.38  8.945378  4.977245  0.328490  2.092708
 2.39  8.945181  4.977017  0.328890  2.085975
 2.40  8.945015  4.976789  0.329290  2.079277
 2.41  8.944849  4.976561  0.329680  2.072615
 2.42  8.944687  4.976355  0.330070  2.065986
 2.43  8.944551  4.976145  0.330440  2.059392
 2.44  8.944385  4.975934  0.330820  2.052832
 2.45  8.944219  4.975723  0.331180  2.046306
 2.46  8.944087  4.975517  0.331540  2.039812
 2.47  8.943921  4.975324  0.331900  2.033352
 2.48  8.943789  4.975136  0.332250  2.026924
 2.49  8.943623  4.974943  0.332590  2.020529
 2.50  8.943491  4.974754  0.332930  2.014167
 2.51  8.943355  4.974561  0.333260  2.007836
 2.52  8.943224  4.974390  0.333590  2.001537
 2.53  8.943062  4.974201  0.333910  1.995269
 2.54  8.942925  4.974026  0.334230  1.989033
 2.55  8.942824  4.973855  0.334540  1.982827
 2.56  8.942693  4.973684  0.334850  1.976652
 2.57  8.942561  4.973513  0.335150  1.970508
 2.58  8.942429  4.973360  0.335460  1.964394
 2.59  8.942328  4.973188  0.335750  1.958310
 2.60  8.942196  4.973035  0.336050  1.952255
 2.61  8.942095  4.972882  0.336340  1.946230
 2.62  8.941963  4.972729  0.336620  1.940234
 2.63  8.941862  4.972593  0.336910  1.934267
 2.64  8.941761  4.972440  0.337190  1.928329
 2.65  8.941664  4.972309  0.337470  1.922420
 2.66  8.941563  4.972155  0.337740  1.916539
 2.67  8.941461  4.972020  0.338010  1.910686
 2.68  8.941365  4.971889  0.338280  1.904861
 2.69  8.941263  4.971771  0.338550  1.899063
 2.70  8.941197  4.971641  0.338810  1.893293
 2.71  8.941101  4.971510  0.339070  1.887551
 2.72  8.941030  4.971392  0.339330  1.881835
 2.73  8.940933  4.971279  0.339590  1.876146
 2.74  8.940867  4.971148  0.339840  1.870484
 2.75  8.940766  4.971030  0.340090  1.864848
 2.76  8.940699  4.970935  0.340340  1.859238
 2.77  8.940633  4.970822  0.340580  1.853655
 2.78  8.940567  4.970709  0.340820  1.848097
 2.79  8.940501  4.970614  0.341060  1.842565
 2.80  8.940435  4.970500  0.341300  1.837058
 2.81  8.940369  4.970405  0.341530  1.831576
 2.82  8.940303  4.970310  0.341760  1.826120
 2.83  8.940236  4.970197  0.341990  1.820688
 2.84  8.940170  4.970102  0.342220  1.815281
 2.85  8.940104  4.970006  0.342440  1.809899
 2.86  8.940043  4.969934  0.342670  1.804541
 2.87  8.940007  4.969839  0.342880  1.799207
 2.88  8.939941  4.969743  0.343100  1.793897
 2.89  8.939875  4.969666  0.343320  1.788611
 2.90  8.939844  4.969576  0.343530  1.783348
 2.91  8.939778  4.969498  0.343740  1.778109
 2.92  8.939742  4.969403  0.343950  1.772893
 2.93  8.939681  4.969331  0.344150  1.767700
 2.94  8.939645  4.969253  0.344360  1.762530
 2.95  8.939584  4.969181  0.344560  1.757383
 2.96  8.939548  4.969104  0.344760  1.752259
 2.97  8.939513  4.969026  0.344950  1.747156
 2.98  8.939451  4.968954  0.345150  1.742077
 2.99  8.939416  4.968876  0.345340  1.737019
 3.00  8.939385  4.968804  0.345530  1.731983
 3.01  8.939349  4.968726  0.345720  1.726969
 3.02  8.939319  4.968672  0.345910  1.721977
 3.03  8.939257  4.968599  0.346100  1.717006
 3.04  8.939222  4.968540  0.346280  1.712056
 3.05  8.939191  4.968467  0.346460  1.707128
 3.06  8.939155  4.968408  0.346640  1.702221
 3.07  8.939124  4.968336  0.346820  1.697334
 3.08  8.939094  4.968281  0.347000  1.692469
 3.09  8.939058  4.968222  0.347170  1.687623
 3.10  8.939027  4.968149  0.347340  1.682799
 3.11  8.938996  4.968094  0.347520  1.677995
 3.12  8.938961  4.968035  0.347680  1.673210
 3.13  8.938930  4.967981  0.347850  1.668446
 3.14  8.938899  4.967926  0.348020  1.663702
 3.15  8.938868  4.967871  0.348180  1.658978
 3.16  8.938833  4.967812  0.348350  1.654273
 3.17  8.938802  4.967758  0.348510  1.649588
 3.18  8.938802  4.967703  0.348670  1.644922
 3.19  8.938771  4.967648  0.348830  1.640275
 3.20  8.938736  4.967589  0.348990  1.635647
 3.21  8.938705  4.967534  0.349150  1.631039
 3.22  8.938705  4.967498  0.349310  1.626449
 3.23  8.938674  4.967443  0.349460  1.621878
 3.24  8.938643  4.967389  0.349620  1.617325
 3.25  8.938643  4.967352  0.349770  1.612791
 3.26  8.938612  4.967298  0.349920  1.608275
 3.27  8.938581  4.967261  0.350070  1.603778
 3.28  8.938581  4.967206  0.350220  1.599298
 3.29  8.938546  4.967165  0.350370  1.594837
 3.30  8.938546  4.967129  0.350520  1.590393
 3.31  8.938515  4.967074  0.350670  1.585968
 3.32  8.938515  4.967038  0.350820  1.581559
 3.33  8.938484  4.967001  0.350960  1.577169
 3.34  8.938484  4.966965  0.351110  1.572795
 3.35  8.938453  4.966910  0.351250  1.568439
 3.36  8.938458  4.966878  0.351390  1.564100
 3.37  8.938427  4.966842  0.351540  1.559779
 3.38  8.938427  4.966805  0.351680  1.555474
 3.39  8.938427  4.966769  0.351820  1.551186
 3.40  8.938396  4.966732  0.351960  1.546914
 3.41  8.938396  4.966696  0.352090  1.542660
 3.42  8.938396  4.966659  0.352230  1.538422
 3.43  8.938365  4.966623  0.352370  1.534200
 3.44  8.938365  4.966605  0.352510  1.529994
 3.45  8.938365  4.966568  0.352640  1.525805
 3.46  8.938370  4.966536  0.352780  1.521632
 3.47  8.938339  4.966500  0.352910  1.517475
 3.48  8.938339  4.966481  0.353040  1.513333
 3.49  8.938339  4.966445  0.353170  1.509208
 3.50  8.938339  4.966408  0.353300  1.505098
 3.51  8.938344  4.966395  0.353440  1.501004
 3.52  8.938344  4.966358  0.353560  1.496925
 3.53  8.938313  4.966340  0.353690  1.492862
 3.54  8.938313  4.966303  0.353820  1.488814
 3.55  8.938313  4.966285  0.353950  1.484781
 3.56  8.938318  4.966253  0.354080  1.480763
 3.57  8.938318  4.966235  0.354200  1.476761
 3.58  8.938318  4.966199  0.354330  1.472773
 3.59  8.938322  4.966185  0.354450  1.468800
 3.60  8.938322  4.966148  0.354570  1.464842
 3.61  8.938322  4.966130  0.354700  1.460898
 3.62  8.938322  4.966112  0.354820  1.456969
 3.63  8.938327  4.966080  0.354940  1.453055
 3.64  8.938327  4.966062  0.355060  1.449155
 3.65  8.938327  4.966043  0.355180  1.445269
 3.66  8.938331  4.966030  0.355300  1.441397
 3.67  8.938331  4.965993  0.355420  1.437540
 3.68  8.938331  4.965975  0.355540  1.433696
 3.69  8.938336  4.965961  0.355650  1.429867
 3.70  8.938336  4.965943  0.355770  1.426051
 3.71  8.938336  4.965925  0.355890  1.422249
 3.72  8.938341  4.965911  0.356000  1.418461
 3.73  8.938341  4.965875  0.356120  1.414687
 3.74  8.938341  4.965856  0.356230  1.410926
 3.75  8.938345  4.965843  0.356340  1.407178
 3.76  8.938345  4.965824  0.356460  1.403444
 3.77  8.938376  4.965806  0.356570  1.399723
 3.78  8.938381  4.965792  0.356680  1.396015
 3.79  8.938381  4.965774  0.356790  1.392321
 3.80  8.938381  4.965756  0.356900  1.388640
 3.81  8.938386  4.965742  0.357010  1.384971
 3.82  8.938386  4.965724  0.357120  1.381316
 3.83  8.938390  4.965710  0.357230  1.377673
 3.84  8.938390  4.965692  0.357330  1.374043
 3.85  8.938421  4.965692  0.357440  1.370426
 3.86  8.938426  4.965678  0.357550  1.366821
 3.87  8.938426  4.965660  0.357650  1.363229
 3.88  8.938431  4.965646  0.357760  1.359650
 3.89  8.938431  4.965628  0.357860  1.356083
 3.90  8.938431  4.965610  0.357970  1.352528
 3.91  8.938466  4.965596  0.358070  1.348985
 3.92  8.938466  4.965596  0.358180  1.345455
 3.93  8.938471  4.965583  0.358280  1.341937
 3.94  8.938471  4.965564  0.358380  1.338430
 3.95  8.938471  4.965546  0.358480  1.334936
 3.96  8.938506  4.965551  0.358580  1.331454
 3.97  8.938506  4.965532  0.358680  1.327983
 3.98  8.938511  4.965519  0.358780  1.324524
 3.99  8.938511  4.965500  0.358880  1.321077
 4.00  8.938546  4.965505  0.358980  1.317642
 4.01  8.938546  4.965487  0.359080  1.314218
 4.02  8.938546  4.965468  0.359170  1.310806
 4.03  8.938551  4.965473  0.359270  1.307405
 4.04  8.938551  4.965455  0.359370  1.304016
 4.05  8.938587  4.965441  0.359460  1.300637
 4.06  8.938587  4.965441  0.359560  1.297271
 4.07  8.938591  4.965427  0.359650  1.293915
 4.08  8.938591  4.965409  0.359750  1.290570
 4.09  8.938622  4.965409  0.359840  1.287237
 4.10  8.938627  4.965395  0.359930  1.283914
 4.11  8.938627  4.965377  0.360030  1.280603
 4.12  8.938631  4.965382  0.360120  1.277302
 4.13  8.938662  4.965364  0.360210  1.274012
 4.14  8.938667  4.965368  0.360300  1.270733
 4.15  8.938667  4.965350  0.360390  1.267465
 4.16  8.938672  4.965336  0.360490  1.264207
 4.17  8.938702  4.965336  0.360580  1.260960
 4.18  8.938702  4.965318  0.360670  1.257724
 4.19  8.938707  4.965323  0.360760  1.254498
 4.20  8.938738  4.965304  0.360850  1.251282
 4.21  8.938743  4.965309  0.360930  1.248077
 4.22  8.938743  4.965291  0.361020  1.244882
 4.23  8.938747  4.965295  0.361110  1.241697
 4.24  8.938778  4.965277  0.361200  1.238523
 4.25  8.938783  4.965282  0.361290  1.235358
 4.26  8.938783  4.965263  0.361370  1.232204
 4.27  8.938818  4.965268  0.361460  1.229060
 4.28  8.938818  4.965250  0.361550  1.225926
 4.29  8.938818  4.965250  0.361630  1.222801
 4.30  8.938823  4.965236  0.361720  1.219687
 4.31  8.938854  4.965236  0.361810  1.216582
 4.32  8.938859  4.965222  0.361890  1.213488
 4.33  8.938859  4.965222  0.361980  1.210403
 4.34  8.938894  4.965227  0.362060  1.207327
 4.35  8.938894  4.965209  0.362150  1.204261
 4.36  8.938899  4.965213  0.362230  1.201205
 4.37  8.938930  4.965195  0.362320  1.198158
 4.38  8.938934  4.965200  0.362400  1.195121
 4.39  8.938934  4.965181  0.362480  1.192093
 4.40  8.938970  4.965186  0.362570  1.189075
 4.41  8.938970  4.965186  0.362650  1.186066
 4.42  8.938974  4.965172  0.362730  1.183066
 4.43  8.939005  4.965172  0.362810  1.180075
 4.44  8.939005  4.965172  0.362900  1.177094
 4.45  8.939010  4.965159  0.362980  1.174122
 4.46  8.939041  4.965159  0.363060  1.171158
 4.47  8.939045  4.965145  0.363140  1.168204
 4.48  8.939045  4.965145  0.363220  1.165259
 4.49  8.939081  4.965150  0.363300  1.162323
 4.50  8.939081  4.965131  0.363380  1.159395
 4.51  8.939086  4.965136  0.363460  1.156477
 4.52  8.939116  4.965136  0.363540  1.153567
 4.53  8.939121  4.965122  0.363620  1.150666
 4.54  8.939121  4.965122  0.363700  1.147774
 4.55  8.939157  4.965127  0.363780  1.144891
 4.56  8.939157  4.965109  0.363860  1.142016
 4.57  8.939161  4.965113  0.363940  1.139150
 4.58  8.939192  4.965113  0.364010  1.136292
 4.59  8.939197  4.965118  0.364090  1.133443
 4.60  8.939197  4.965100  0.364170  1.130602
 4.61  8.939228  4.965100  0.364250  1.127770
 4.62  8.939232  4.965104  0.364320  1.124946
 4.63  8.939232  4.965086  0.364400  1.122130
 4.64  8.939268  4.965091  0.364480  1.119323
 4.65  8.939268  4.965091  0.364550  1.116524
 4.66  8.939272  4.965077  0.364630  1.113733
 4.67  8.939303  4.965077  0.364700  1.110950
 4.68  8.939308  4.965082  0.364780  1.108176
 4.69  8.939308  4.965082  0.364860  1.105409
 4.70  8.939343  4.965068  0.364930  1.102651
 4.71  8.939343  4.965068  0.365010  1.099900
 4.72  8.939348  4.965073  0.365080  1.097158
 4.73  8.939379  4.965073  0.365150  1.094424
 4.74  8.939383  4.965059  0.365230  1.091697
 4.75  8.939383  4.965059  0.365300  1.088978
 4.76  8.939419  4.965064  0.365380  1.086267
 4.77  8.939419  4.965045  0.365450  1.083564
 4.78  8.939419  4.965045  0.365520  1.080869
 4.79  8.939454  4.965050  0.365590  1.078181
 4.80  8.939454  4.965050  0.365670  1.075501
 4.81  8.939459  4.965036  0.365740  1.072829
 4.82  8.939490  4.965036  0.365810  1.070164
 4.83  8.939495  4.965041  0.365880  1.067507
 4.84  8.939495  4.965041  0.365960  1.064857
 4.85  8.939530  4.965027  0.366030  1.062215
 4.86  8.939530  4.965027  0.366100  1.059580
 4.87  8.939535  4.965032  0.366170  1.056953
 4.88  8.939565  4.965032  0.366240  1.054333
 4.89  8.939570  4.965037  0.366310  1.051720
 4.90  8.939570  4.965018  0.366380  1.049115
 4.91  8.939601  4.965018  0.366450  1.046517
 4.92  8.939606  4.965023  0.366520  1.043926
 4.93  8.939606  4.965023  0.366590  1.041343
 4.94  8.939641  4.965009  0.366660  1.038766
 4.95  8.939641  4.965009  0.366730  1.036197
 4.96  8.939646  4.965014  0.366800  1.033635
 4.97  8.939677  4.965014  0.366870  1.031080
 4.98  8.939681  4.965019  0.366940  1.028532
 4.99  8.939681  4.965000  0.367010  1.025991
 5.00  8.939717  4.965005  0.367070  1.023457
 5.01  8.939717  4.965005  0.367140  1.020930
 5.02  8.939717  4.965005  0.367210  1.018409
 5.03  8.939752  4.964991  0.367280  1.015896
 5.04  8.939752  4.964991  0.367340  1.013390
 5.05  8.939757  4.964996  0.367410  1.010890
 5.06  8.939788  4.964996  0.367480  1.008397
 5.07  8.939792  4.965000  0.367540  1.005911
 5.08  8.939792  4.964982  0.367610  1.003432
 5.09  8.939823  4.964982  0.367680  1.000959
 5.10  8.939828  4.964987  0.367740  0.998493
 5.11  8.939828  4.964987  0.367810  0.996033
 5.12  8.939863  4.964991  0.367870  0.993581
 5.13  8.939863  4.964973  0.367940  0.991134
 5.14  8.939868  4.964978  0.368000  0.988695
 5.15  8.939899  4.964978  0.368060  0.986261
 5.16  8.939899  4.964978  0.368130  0.983835
 5.17  8.939903  4.964982  0.368190  0.981415
 5.18  8.939903  4.964964  0.368250  0.979001
 5.19  8.939939  4.964969  0.368320  0.976593
 5.20  8.939939  4.964969  0.368380  0.974192
 5.21  8.939939  4.964969  0.368440  0.971797
 5.22  8.939974  4.964955  0.368500  0.969409
 5.23  8.939974  4.964955  0.368570  0.967027
 5.24  8.939979  4.964960  0.368630  0.964651
 5.25  8.939979  4.964960  0.368690  0.962281
 5.26  8.940010  4.964941  0.368750  0.959918
 5.27  8.940014  4.964946  0.368810  0.957560
 5.28  8.940014  4.964946  0.368870  0.955209
 5.29  8.940019  4.964951  0.368930  0.952864
 5.30  8.940050  4.964932  0.368990  0.950525
 5.31  8.940050  4.964932  0.369050  0.948192
 5.32  8.940054  4.964937  0.369110  0.945865
 5.33  8.940085  4.964937  0.369170  0.943545
 5.34  8.940090  4.964923  0.369230  0.941230
 5.35  8.940090  4.964923  0.369290  0.938921
 5.36  8.940090  4.964923  0.369350  0.936618
 5.37  8.940125  4.964928  0.369410  0.934321
 5.38  8.940125  4.964910  0.369470  0.932029
 5.39  8.940125  4.964910  0.369530  0.929744
 5.40  8.940130  4.964914  0.369590  0.927464
 5.41  8.940161  4.964914  0.369640  0.925191
 5.42  8.940165  4.964919  0.369700  0.922923
 5.43  8.940165  4.964901  0.369760  0.920660
 5.44  8.940165  4.964901  0.369820  0.918404
 5.45  8.940201  4.964905  0.369880  0.916153
 5.46  8.940201  4.964905  0.369940  0.913908
 5.47  8.940201  4.964887  0.369990  0.911668
 5.48  8.940205  4.964892  0.370050  0.909435
 5.49  8.940236  4.964892  0.370110  0.907206
 5.50  8.940236  4.964892  0.370170  0.904984
 5.51  8.940241  4.964878  0.370220  0.902766
 5.52  8.940241  4.964878  0.370280  0.900555
 5.53  8.940276  4.964883  0.370340  0.898349
 5.54  8.940276  4.964883  0.370390  0.896148
 5.55  8.940276  4.964883  0.370450  0.893953
 5.56  8.940281  4.964869  0.370510  0.891763
 5.57  8.940312  4.964869  0.370560  0.889579
 5.58  8.940312  4.964869  0.370620  0.887400
 5.59  8.940316  4.964874  0.370680  0.885227
 5.60  8.940316  4.964874  0.370730  0.883058
 5.61  8.940347  4.964855  0.370790  0.880896
 5.62  8.940352  4.964860  0.370840  0.878738
 5.63  8.940352  4.964860  0.370900  0.876586
 5.64  8.940357  4.964865  0.370960  0.874439
 5.65  8.940387  4.964846  0.371010  0.872297
 5.66  8.940387  4.964846  0.371070  0.870160
 5.67  8.940392  4.964851  0.371120  0.868029
 5.68  8.940392  4.964851  0.371180  0.865903
 5.69  8.940423  4.964851  0.371230  0.863782
 5.70  8.940427  4.964837  0.371290  0.861666
 5.71  8.940427  4.964837  0.371340  0.859555
 5.72  8.940427  4.964837  0.371400  0.857449
 5.73  8.940463  4.964842  0.371450  0.855349
 5.74  8.940463  4.964842  0.371500  0.853253
 5.75  8.940463  4.964824  0.371560  0.851162
 5.76  8.940467  4.964828  0.371610  0.849077
 5.77  8.940467  4.964828  0.371670  0.846996
 5.78  8.940503  4.964833  0.371720  0.844920
 5.79  8.940503  4.964833  0.371770  0.842850
 5.80  8.940503  4.964815  0.371830  0.840784
 5.81  8.940508  4.964819  0.371880  0.838723
 5.82  8.940538  4.964819  0.371930  0.836667
 5.83  8.940538  4.964819  0.371990  0.834616
 5.84  8.940543  4.964824  0.372040  0.832569
 5.85  8.940543  4.964805  0.372090  0.830528
 5.86  8.940574  4.964805  0.372140  0.828491
 5.87  8.940578  4.964810  0.372200  0.826459
 5.88  8.940578  4.964810  0.372250  0.824432
 5.89  8.940578  4.964810  0.372300  0.822410
 5.90  8.940614  4.964796  0.372350  0.820392
 5.91  8.940614  4.964796  0.372410  0.818379
 5.92  8.940614  4.964796  0.372460  0.816371
 5.93  8.940618  4.964801  0.372510  0.814367
 5.94  8.940618  4.964801  0.372560  0.812368
 5.95  8.940649  4.964783  0.372610  0.810374
 5.96  8.940654  4.964787  0.372660  0.808384
 5.97  8.940654  4.964787  0.372720  0.806399
 5.98  8.940654  4.964787  0.372770  0.804418
 5.99  8.940689  4.964792  0.372820  0.802442
 6.00  8.940689  4.964792  0.372870  0.800471
 6.01  8.940689  4.964774  0.372920  0.798504
 6.02  8.940694  4.964778  0.372970  0.796542
 6.03  8.940725  4.964778  0.373020  0.794584
 6.04  8.940725  4.964778  0.373070  0.792630
 6.05  8.940729  4.964783  0.373120  0.790681
 6.06  8.940729  4.964765  0.373170  0.788737
 6.07  8.940760  4.964765  0.373220  0.786796
 6.08  8.940765  4.964769  0.373270  0.784861
 6.09  8.940765  4.964769  0.373320  0.782929
 6.10  8.940765  4.964769  0.373370  0.781002
 6.11  8.940769  4.964774  0.373420  0.779079
 6.12  8.940800  4.964756  0.373470  0.777161
 6.13  8.940800  4.964756  0.373520  0.775247
 6.14  8.940805  4.964760  0.373570  0.773337
 6.15  8.940805  4.964760  0.373620  0.771432
 6.16  8.940836  4.964760  0.373670  0.769531
 6.17  8.940840  4.964765  0.373720  0.767634
 6.18  8.940840  4.964747  0.373770  0.765741
 6.19  8.940840  4.964747  0.373820  0.763853
 6.20  8.940845  4.964751  0.373860  0.761968
 6.21  8.940876  4.964751  0.373910  0.760088
 6.22  8.940876  4.964751  0.373960  0.758212
 6.23  8.940880  4.964756  0.374010  0.756340
 6.24  8.940880  4.964738  0.374060  0.754473
 6.25  8.940911  4.964738  0.374110  0.752609
 6.26  8.940911  4.964738  0.374150  0.750750
 6.27  8.940916  4.964742  0.374200  0.748894
 6.28  8.940916  4.964742  0.374250  0.747043
 6.29  8.940916  4.964742  0.374300  0.745196
 6.30  8.940951  4.964729  0.374340  0.743353
 6.31  8.940951  4.964729  0.374390  0.741514
 6.32  8.940951  4.964729  0.374440  0.739678
 6.33  8.940956  4.964733  0.374490  0.737847
 6.34  8.940986  4.964733  0.374530  0.736020
 6.35  8.940986  4.964733  0.374580  0.734197
 6.36  8.940991  4.964720  0.374630  0.732378
 6.37  8.940991  4.964720  0.374670  0.730562
 6.38  8.940991  4.964720  0.374720  0.728751
 6.39  8.941022  4.964720  0.374770  0.726943
 6.40  8.941027  4.964724  0.374810  0.725140
 6.41  8.941027  4.964724  0.374860  0.723340
 6.42  8.941027  4.964706  0.374900  0.721544
 6.43  8.941031  4.964711  0.374950  0.719752
 6.44  8.941062  4.964711  0.375000  0.717964
 6.45  8.941062  4.964711  0.375040  0.716180
 6.46  8.941067  4.964715  0.375090  0.714399
 6.47  8.941067  4.964715  0.375130  0.712622
 6.48  8.941067  4.964697  0.375180  0.710849
 6.49  8.941097  4.964697  0.375220  0.709080
 6.50  8.941102  4.964701  0.375270  0.707315
 6.51  8.941102  4.964701  0.375320  0.705553
 6.52  8.941102  4.964701  0.375360  0.703795
 6.53  8.941137  4.964706  0.375400  0.702041
 6.54  8.941137  4.964706  0.375450  0.700290
 6.55  8.941137  4.964688  0.375490  0.698543
 6.56  8.941137  4.964688  0.375540  0.696800
 6.57  8.941142  4.964692  0.375580  0.695060
 6.58  8.941142  4.964692  0.375620  0.693324
 6.59  8.941173  4.964692  0.375670  0.691592
 6.60  8.941177  4.964697  0.375710  0.689863
 6.61  8.941177  4.964679  0.375750  0.688138
 6.62  8.941177  4.964679  0.375800  0.686417
 6.63  8.941177  4.964679  0.375840  0.684699
 6.64  8.941213  4.964683  0.375880  0.682984
 6.65  8.941213  4.964683  0.375920  0.681274
 6.66  8.941213  4.964683  0.375970  0.679566
 6.67  8.941217  4.964670  0.376010  0.677863
 6.68  8.941217  4.964670  0.376050  0.676162
 6.69  8.941248  4.964670  0.376090  0.674466
 6.70  8.941248  4.964670  0.376140  0.672772
 6.71  8.941253  4.964674  0.376180  0.671083
 6.72  8.941253  4.964674  0.376220  0.669396
 6.73  8.941253  4.964656  0.376260  0.667713
 6.74  8.941253  4.964656  0.376300  0.666034
 6.75  8.941288  4.964661  0.376350  0.664358
 6.76  8.941288  4.964661  0.376390  0.662685
 6.77  8.941288  4.964661  0.376430  0.661016
 6.78  8.941288  4.964661  0.376470  0.659350
 6.79  8.941293  4.964647  0.376510  0.657688
 6.80  8.941293  4.964647  0.376550  0.656029
 6.81  8.941324  4.964647  0.376590  0.654373
 6.82  8.941324  4.964647  0.376630  0.652721
 6.83  8.941328  4.964652  0.376680  0.651072
 6.84  8.941328  4.964652  0.376720  0.649426
 6.85  8.941328  4.964633  0.376760  0.647784
 6.86  8.941364  4.964638  0.376800  0.646145
 6.87  8.941364  4.964638  0.376840  0.644509
 6.88  8.941364  4.964638  0.376880  0.642876
 6.89  8.941364  4.964638  0.376920  0.641247
 6.90  8.941368  4.964643  0.376960  0.639621
 6.91  8.941368  4.964643  0.377000  0.637998
 6.92  8.941399  4.964624  0.377040  0.636378
 6.93  8.941399  4.964624  0.377080  0.634762
 6.94  8.941404  4.964629  0.377120  0.633149
 6.95  8.941404  4.964629  0.377160  0.631539
 6.96  8.941404  4.964629  0.377200  0.629932
 6.97  8.941404  4.964629  0.377240  0.628329
 6.98  8.941439  4.964615  0.377280  0.626728
 6.99  8.941439  4.964615  0.377320  0.625131
 7.00  8.941439  4.964615  0.377360  0.623537
 7.01  8.941439  4.964615  0.377400  0.621946
 7.02  8.941444  4.964620  0.377440  0.620358
 7.03  8.941444  4.964620  0.377480  0.618773
 7.04  8.941474  4.964602  0.377520  0.617191
 7.05  8.941474  4.964602  0.377560  0.615613
 7.06  8.941479  4.964606  0.377600  0.614037
 7.07  8.941479  4.964606  0.377640  0.612465
 7.08  8.941479  4.964606  0.377680  0.610895
 7.09  8.941479  4.964606  0.377720  0.609329
 7.10  8.941514  4.964592  0.377760  0.607765
 7.11  8.941514  4.964592  0.377800  0.606205
 7.12  8.941514  4.964592  0.377840  0.604648
 7.13  8.941514  4.964592  0.377870  0.603093
 7.14  8.941514  4.964592  0.377910  0.601542
 7.15  8.941519  4.964597  0.377950  0.599994
 7.16  8.941550  4.964597  0.377990  0.598448
 7.17  8.941550  4.964579  0.378030  0.596906
 7.18  8.941550  4.964579  0.378070  0.595366
 7.19  8.941554  4.964583  0.378110  0.593830
 7.20  8.941554  4.964583  0.378140  0.592296
 7.21  8.941554  4.964583  0.378180  0.590766
 7.22  8.941585  4.964583  0.378220  0.589238
 7.23  8.941590  4.964570  0.378260  0.587713
 7.24  8.941590  4.964570  0.378300  0.586191
 7.25  8.941590  4.964570  0.378340  0.584672
 7.26  8.941590  4.964570  0.378370  0.583156
 7.27  8.941594  4.964574  0.378410  0.581643
 7.28  8.941594  4.964574  0.378450  0.580132
 7.29  8.941625  4.964574  0.378490  0.578625
 7.30  8.941625  4.964556  0.378530  0.577120
 7.31  8.941630  4.964561  0.378560  0.575618
 7.32  8.941630  4.964561  0.378600  0.574119
 7.33  8.941630  4.964561  0.378640  0.572622
 7.34  8.941630  4.964561  0.378680  0.571129
 7.35  8.941660  4.964561  0.378710  0.569638
 7.36  8.941665  4.964547  0.378750  0.568150
 7.37  8.941665  4.964547  0.378790  0.566665
 7.38  8.941665  4.964547  0.378830  0.565182
 7.39  8.941665  4.964547  0.378860  0.563703
 7.40  8.941670  4.964552  0.378900  0.562226
 7.41  8.941670  4.964552  0.378940  0.560752
 7.42  8.941700  4.964533  0.378970  0.559280
 7.43  8.941700  4.964533  0.379010  0.557811
 7.44  8.941705  4.964538  0.379050  0.556345
 7.45  8.941705  4.964538  0.379080  0.554882
 7.46  8.941705  4.964538  0.379120  0.553421
 7.47  8.941705  4.964538  0.379160  0.551963
 7.48  8.941736  4.964538  0.379190  0.550508
 7.49  8.941740  4.964524  0.379230  0.549056
 7.50  8.941740  4.964524  0.379270  0.547606
 7.51  8.941740  4.964524  0.379300  0.546158
 7.52  8.941740  4.964524  0.379340  0.544714
 7.53  8.941745  4.964529  0.379380  0.543272
 7.54  8.941745  4.964529  0.379410  0.541832
 7.55  8.941776  4.964529  0.379450  0.540395
 7.56  8.941776  4.964511  0.379490  0.538961
 7.57  8.941776  4.964511  0.379520  0.537530
 7.58  8.941780  4.964515  0.379560  0.536101
 7.59  8.941780  4.964515  0.379590  0.534674
 7.60  8.941780  4.964515  0.379630  0.533250
 7.61  8.941811  4.964515  0.379670  0.531829
 7.62  8.941816  4.964501  0.379700  0.530410
 7.63  8.941816  4.964501  0.379740  0.528994
 7.64  8.941816  4.964501  0.379770  0.527580
 7.65  8.941816  4.964501  0.379810  0.526169
 7.66  8.941816  4.964501  0.379840  0.524761
 7.67  8.941821  4.964506  0.379880  0.523355
 7.68  8.941851  4.964506  0.379910  0.521951
 7.69  8.941851  4.964488  0.379950  0.520550
 7.70  8.941851  4.964488  0.379990  0.519152
 7.71  8.941856  4.964492  0.380020  0.517755
 7.72  8.941856  4.964492  0.380060  0.516362
 7.73  8.941856  4.964492  0.380090  0.514971
 7.74  8.941856  4.964492  0.380130  0.513582
 7.75  8.941887  4.964474  0.380160  0.512196
 7.76  8.941891  4.964479  0.380200  0.510812
 7.77  8.941891  4.964479  0.380230  0.509431
 7.78  8.941891  4.964479  0.380270  0.508052
 7.79  8.941891  4.964479  0.380300  0.506675
 7.80  8.941891  4.964479  0.380340  0.505301
 7.81  8.941896  4.964483  0.380370  0.503930
 7.82  8.941927  4.964465  0.380410  0.502561
 7.83  8.941927  4.964465  0.380440  0.501194
 7.84  8.941927  4.964465  0.380470  0.499829
 7.85  8.941931  4.964470  0.380510  0.498467
 7.86  8.941931  4.964470  0.380540  0.497107
 7.87  8.941931  4.964470  0.380580  0.495750
 7.88  8.941931  4.964470  0.380610  0.494395
 7.89  8.941962  4.964451  0.380650  0.493042
 7.90  8.941967  4.964456  0.380680  0.491692
 7.91  8.941967  4.964456  0.380720  0.490344
 7.92  8.941967  4.964456  0.380750  0.488999
 7.93  8.941967  4.964456  0.380780  0.487655
 7.94  8.941967  4.964456  0.380820  0.486314
 7.95  8.941971  4.964461  0.380850  0.484976
 7.96  8.942002  4.964442  0.380890  0.483639
 7.97  8.942002  4.964442  0.380920  0.482305
 7.98  8.942002  4.964442  0.380950  0.480973
 7.99  8.942002  4.964442  0.380990  0.479644
 8.00  8.942007  4.964447  0.381020  0.478317
 8.01  8.942007  4.964447  0.381050  0.476992
 8.02  8.942007  4.964447  0.381090  0.475669
 8.03  8.942037  4.964429  0.381120  0.474348
 8.04  8.942037  4.964429  0.381160  0.473030
 8.05  8.942042  4.964433  0.381190  0.471714
 8.06  8.942042  4.964433  0.381220  0.470400
 8.07  8.942042  4.964433  0.381260  0.469089
 8.08  8.942042  4.964433  0.381290  0.467780
 8.09  8.942042  4.964415  0.381320  0.466473
 8.10  8.942047  4.964420  0.381360  0.465168
 8.11  8.942077  4.964420  0.381390  0.463865
 8.12  8.942077  4.964420  0.381420  0.462564
 8.13  8.942077  4.964420  0.381460  0.461266
 8.14  8.942077  4.964420  0.381490  0.459970
 8.15  8.942082  4.964424  0.381520  0.458676
 8.16  8.942082  4.964406  0.381550  0.457384
 8.17  8.942082  4.964406  0.381590  0.456095
 8.18  8.942113  4.964406  0.381620  0.454807
 8.19  8.942113  4.964406  0.381650  0.453522
 8.20  8.942117  4.964410  0.381690  0.452239
 8.21  8.942117  4.964410  0.381720  0.450958
 8.22  8.942117  4.964410  0.381750  0.449679
 8.23  8.942117  4.964392  0.381780  0.448402
 8.24  8.942117  4.964392  0.381820  0.447127
 8.25  8.942122  4.964397  0.381850  0.445854
 8.26  8.942153  4.964397  0.381880  0.444584
 8.27  8.942153  4.964397  0.381910  0.443316
 8.28  8.942153  4.964397  0.381950  0.442049
 8.29  8.942153  4.964397  0.381980  0.440785
 8.30  8.942157  4.964383  0.382010  0.439523
 8.31  8.942157  4.964383  0.382040  0.438263
 8.32  8.942157  4.964383  0.382080  0.437005
 8.33  8.942157  4.964383  0.382110  0.435749
 8.34  8.942188  4.964383  0.382140  0.434495
 8.35  8.942193  4.964388  0.382170  0.433243
 8.36  8.942193  4.964388  0.382200  0.431993
 8.37  8.942193  4.964369  0.382240  0.430746
 8.38  8.942193  4.964369  0.382270  0.429500
 8.39  8.942193  4.964369  0.382300  0.428256
 8.40  8.942193  4.964369  0.382330  0.427015
 8.41  8.942197  4.964374  0.382360  0.425775
 8.42  8.942228  4.964374  0.382400  0.424537
 8.43  8.942228  4.964374  0.382430  0.423302
 8.44  8.942228  4.964356  0.382460  0.422068
 8.45  8.942228  4.964356  0.382490  0.420836
 8.46  8.942232  4.964360  0.382520  0.419607
 8.47  8.942232  4.964360  0.382550  0.418379
 8.48  8.942232  4.964360  0.382590  0.417153
 8.49  8.942232  4.964360  0.382620  0.415929
 8.50  8.942263  4.964360  0.382650  0.414708
 8.51  8.942268  4.964347  0.382680  0.413488
 8.52  8.942268  4.964347  0.382710  0.412270
 8.53  8.942268  4.964347  0.382740  0.411054
 8.54  8.942268  4.964347  0.382770  0.409840
 8.55  8.942268  4.964347  0.382810  0.408628
 8.56  8.942268  4.964347  0.382840  0.407418
 8.57  8.942272  4.964351  0.382870  0.406210
 8.58  8.942303  4.964333  0.382900  0.405003
 8.59  8.942303  4.964333  0.382930  0.403799
 8.60  8.942303  4.964333  0.382960  0.402596
 8.61  8.942303  4.964333  0.382990  0.401396
 8.62  8.942308  4.964338  0.383020  0.400197
 8.63  8.942308  4.964338  0.383050  0.399000
 8.64  8.942308  4.964319  0.383080  0.397805
 8.65  8.942308  4.964319  0.383120  0.396612
 8.66  8.942308  4.964319  0.383150  0.395421
 8.67  8.942338  4.964319  0.383180  0.394232
 8.68  8.942343  4.964324  0.383210  0.393044
 8.69  8.942343  4.964324  0.383240  0.391859
 8.70  8.942343  4.964324  0.383270  0.390675
 8.71  8.942343  4.964305  0.383300  0.389493
 8.72  8.942343  4.964305  0.383330  0.388313
 8.73  8.942348  4.964310  0.383360  0.387135
 8.74  8.942348  4.964310  0.383390  0.385959
 8.75  8.942378  4.964310  0.383420  0.384784
 8.76  8.942378  4.964310  0.383450  0.383612
 8.77  8.942378  4.964310  0.383480  0.382441
 8.78  8.942378  4.964292  0.383510  0.381272
 8.79  8.942383  4.964296  0.383540  0.380104
 8.80  8.942383  4.964296  0.383570  0.378939
 8.81  8.942383  4.964296  0.383600  0.377775
 8.82  8.942383  4.964296  0.383630  0.376613
 8.83  8.942383  4.964296  0.383660  0.375453
 8.84  8.942414  4.964296  0.383690  0.374295
 8.85  8.942418  4.964283  0.383720  0.373139
 8.86  8.942418  4.964283  0.383750  0.371984
 8.87  8.942418  4.964283  0.383780  0.370831
 8.88  8.942418  4.964283  0.383810  0.369680
 8.89  8.942418  4.964283  0.383840  0.368530
 8.90  8.942423  4.964287  0.383870  0.367382
 8.91  8.942423  4.964287  0.383900  0.366237
 8.92  8.942423  4.964269  0.383930  0.365092
 8.93  8.942454  4.964269  0.383960  0.363950
 8.94  8.942454  4.964269  0.383990  0.362809
 8.95  8.942454  4.964269  0.384020  0.361670
 8.96  8.942458  4.964274  0.384050  0.360533
 8.97  8.942458  4.964274  0.384080  0.359397
 8.98  8.942458  4.964274  0.384110  0.358264
 8.99  8.942458  4.964255  0.384140  0.357131
 9.00  8.942458  4.964255  0.384170  0.356001
 9.01  8.942458  4.964255  0.384200  0.354872
 9.02  8.942494  4.964260  0.384230  0.353745
 9.03  8.942494  4.964260  0.384260  0.352620
 9.04  8.942494  4.964260  0.384290  0.351496
 9.05  8.942494  4.964260  0.384320  0.350374
 9.06  8.942494  4.964241  0.384350  0.349254
 9.07  8.942494  4.964241  0.384380  0.348136
 9.08  8.942498  4.964246  0.384410  0.347019
 9.09  8.942498  4.964246  0.384440  0.345904
 9.10  8.942498  4.964246  0.384470  0.344790
 9.11  8.942529  4.964246  0.384490  0.343678
 9.12  8.942529  4.964228  0.384520  0.342568
 9.13  8.942529  4.964228  0.384550  0.341459
 9.14  8.942534  4.964232  0.384580  0.340352
 9.15  8.942534  4.964232  0.384610  0.339247
 9.16  8.942534  4.964232  0.384640  0.338143
 9.17  8.942534  4.964232  0.384670  0.337041
 9.18  8.942534  4.964232  0.384700  0.335941
 9.19  8.942534  4.964214  0.384730  0.334842
 9.20  8.942538  4.964219  0.384760  0.333745
 9.21  8.942569  4.964219  0.384790  0.332649
 9.22  8.942569  4.964219  0.384810  0.331555
 9.23  8.942569  4.964219  0.384840  0.330463
 9.24  8.942569  4.964219  0.384870  0.329372
 9.25  8.942569  4.964219  0.384900  0.328283
 9.26  8.942569  4.964200  0.384930  0.327195
 9.27  8.942574  4.964205  0.384960  0.326109
 9.28  8.942574  4.964205  0.384990  0.325025
 9.29  8.942574  4.964205  0.385020  0.323942
 9.30  8.942604  4.964205  0.385040  0.322861
 9.31  8.942604  4.964205  0.385070  0.321781
 9.32  8.942604  4.964205  0.385100  0.320703
 9.33  8.942609  4.964191  0.385130  0.319626
 9.34  8.942609  4.964191  0.385160  0.318551
 9.35  8.942609  4.964191  0.385190  0.317478
 9.36  8.942609  4.964191  0.385210  0.316406
 9.37  8.942609  4.964191  0.385240  0.315336
 9.38  8.942609  4.964191  0.385270  0.314267
 9.39  8.942614  4.964196  0.385300  0.313200
 9.40  8.942644  4.964178  0.385330  0.312134
 9.41  8.942644  4.964178  0.385360  0.311070
 9.42  8.942644  4.964178  0.385380  0.310007
 9.43  8.942644  4.964178  0.385410  0.308946
 9.44  8.942644  4.964178  0.385440  0.307887
 9.45  8.942644  4.964178  0.385470  0.306829
 9.46  8.942649  4.964164  0.385500  0.305772
 9.47  8.942649  4.964164  0.385520  0.304717
 9.48  8.942649  4.964164  0.385550  0.303663
 9.49  8.942649  4.964164  0.385580  0.302611
 9.50  8.942680  4.964164  0.385610  0.301561
 9.51  8.942680  4.964164  0.385640  0.300512
 9.52  8.942684  4.964168  0.385660  0.299464
 9.53  8.942684  4.964150  0.385690  0.298418
 9.54  8.942684  4.964150  0.385720  0.297373
 9.55  8.942684  4.964150  0.385750  0.296330
 9.56  8.942684  4.964150  0.385770  0.295289
 9.57  8.942684  4.964150  0.385800  0.294249
 9.58  8.942684  4.964150  0.385830  0.293210
 9.59  8.942689  4.964155  0.385860  0.292173
 9.60  8.942689  4.964136  0.385880  0.291137
 9.61  8.942720  4.964136  0.385910  0.290102
 9.62  8.942720  4.964136  0.385940  0.289070
 9.63  8.942720  4.964136  0.385970  0.288038
 9.64  8.942720  4.964136  0.385990  0.287008
 9.65  8.942720  4.964136  0.386020  0.285980
 9.66  8.942724  4.964141  0.386050  0.284953
 9.67  8.942724  4.964123  0.386080  0.283927
 9.68  8.942724  4.964123  0.386100  0.282903
 9.69  8.942724  4.964123  0.386130  0.281880
 9.70  8.942724  4.964123  0.386160  0.280858
 9.71  8.942755  4.964123  0.386180  0.279838
 9.72  8.942759  4.964127  0.386210  0.278820
 9.73  8.942759  4.964127  0.386240  0.277803
 9.74  8.942759  4.964109  0.386270  0.276787
 9.75  8.942759  4.964109  0.386290  0.275773
 9.76  8.942759  4.964109  0.386320  0.274760
 9.77  8.942759  4.964109  0.386350  0.273748
 9.78  8.942759  4.964109  0.386370  0.272738
 9.79  8.942764  4.964114  0.386400  0.271729
 9.80  8.942764  4.964114  0.386430  0.270722
 9.81  8.942764  4.964095  0.386450  0.269716
 9.82  8.942795  4.964095  0.386480  0.268712
 9.83  8.942795  4.964095  0.386510  0.267708
 9.84  8.942795  4.964095  0.386530  0.266707
 9.85  8.942795  4.964095  0.386560  0.265706
 9.86  8.942799  4.964100  0.386590  0.264707
 9.87  8.942799  4.964100  0.386610  0.263709
 9.88  8.942799  4.964081  0.386640  0.262713
 9.89  8.942799  4.964081  0.386670  0.261718
 9.90  8.942799  4.964081  0.386690  0.260724
 9.91  8.942799  4.964081  0.386720  0.259732
 9.92  8.942799  4.964081  0.386750  0.258741
 9.93  8.942835  4.964086  0.386770  0.257751
 9.94  8.942835  4.964086  0.386800  0.256763
 9.95  8.942835  4.964068  0.386830  0.255776
 9.96  8.942835  4.964068  0.386850  0.254791
 9.97  8.942835  4.964068  0.386880  0.253806
 9.98  8.942835  4.964068  0.386900  0.252823
 9.99  8.942835  4.964068  0.386930  0.251842
10.00  8.942835  4.964068  0.386960  0.250862
10.01  8.942839  4.964054  0.386980  0.249883
10.02  8.942839  4.964054  0.387010  0.248905
10.03  8.942839  4.964054  0.387040  0.247929
10.04  8.942839  4.964054  0.387060  0.246954
10.05  8.942870  4.964054  0.387090  0.245980
10.06  8.942870  4.964054  0.387110  0.245007
10.07  8.942870  4.964054  0.387140  0.244036
10.08  8.942875  4.964040  0.387170  0.243067
10.09  8.942875  4.964040  0.387190  0.242098
10.10  8.942875  4.964040  0.387220  0.241131
10.11  8.942875  4.964040  0.387240  0.240165
10.12  8.942875  4.964040  0.387270  0.239200
10.13  8.942875  4.964040  0.387300  0.238237
10.14  8.942875  4.964040  0.387320  0.237275
10.15  8.942875  4.964022  0.387350  0.236314
10.16  8.942879  4.964026  0.387370  0.235354
10.17  8.942910  4.964026  0.387400  0.234396
10.18  8.942910  4.964026  0.387420  0.233439
10.19  8.942910  4.964026  0.387450  0.232483
10.20  8.942910  4.964026  0.387480  0.231529
10.21  8.942910  4.964026  0.387500  0.230576
10.22  8.942910  4.964008  0.387530  0.229624
10.23  8.942915  4.964013  0.387550  0.228673
10.24  8.942915  4.964013  0.387580  0.227723
10.25  8.942915  4.964013  0.387600  0.226775
10.26  8.942915  4.964013  0.387630  0.225828
10.27  8.942915  4.964013  0.387650  0.224882
10.28  8.942915  4.964013  0.387680  0.223938
10.29  8.942945  4.963994  0.387710  0.222995
10.30  8.942945  4.963994  0.387730  0.222052
10.31  8.942950  4.963999  0.387760  0.221112
10.32  8.942950  4.963999  0.387780  0.220172
10.33  8.942950  4.963999  0.387810  0.219234
10.34  8.942950  4.963999  0.387830  0.218296
10.35  8.942950  4.963999  0.387860  0.217361
10.36  8.942950  4.963981  0.387880  0.216426
10.37  8.942950  4.963981  0.387910  0.215492
10.38  8.942955  4.963985  0.387930  0.214560
10.39  8.942955  4.963985  0.387960  0.213629
10.40  8.942955  4.963985  0.387980  0.212699
10.41  8.942985  4.963985  0.388010  0.211770
10.42  8.942985  4.963985  0.388030  0.210843
10.43  8.942985  4.963967  0.388060  0.209916
10.44  8.942985  4.963967  0.388080  0.208991
10.45  8.942985  4.963967  0.388110  0.208067
10.46  8.942990  4.963972  0.388130  0.207145
10.47  8.942990  4.963972  0.388160  0.206223
10.48  8.942990  4.963972  0.388180  0.205303
10.49  8.942990  4.963972  0.388210  0.204383
10.50  8.942990  4.963953  0.388230  0.203465
10.51  8.942990  4.963953  0.388260  0.202549
10.52  8.942990  4.963953  0.388280  0.201633
10.53  8.942990  4.963953  0.388310  0.200718
10.54  8.943025  4.963958  0.388330  0.199805
10.55  8.943025  4.963958  0.388360  0.198893
10.56  8.943025  4.963958  0.388380  0.197982
10.57  8.943025  4.963939  0.388400  0.197072
10.58  8.943025  4.963939  0.388430  0.196163
10.59  8.943025  4.963939  0.388450  0.195256
10.60  8.943025  4.963939  0.388480  0.194349
10.61  8.943025  4.963939  0.388500  0.193444
10.62  8.943025  4.963939  0.388530  0.192540
10.63  8.943030  4.963944  0.388550  0.191637
10.64  8.943030  4.963926  0.388580  0.190735
10.65  8.943030  4.963926  0.388600  0.189834
10.66  8.943030  4.963926  0.388620  0.188935
10.67  8.943060  4.963926  0.388650  0.188036
10.68  8.943060  4.963926  0.388670  0.187139
10.69  8.943060  4.963926  0.388700  0.186242
10.70  8.943060  4.963926  0.388720  0.185347
10.71  8.943065  4.963912  0.388750  0.184453
10.72  8.943065  4.963912  0.388770  0.183561
10.73  8.943065  4.963912  0.388790  0.182669
10.74  8.943065  4.963912  0.388820  0.181778
10.75  8.943065  4.963912  0.388840  0.180889
10.76  8.943065  4.963912  0.388870  0.180000
10.77  8.943065  4.963912  0.388890  0.179113
10.78  8.943065  4.963894  0.388920  0.178227
10.79  8.943070  4.963898  0.388940  0.177342
10.80  8.943100  4.963898  0.388960  0.176458
10.81  8.943100  4.963898  0.388990  0.175575
10.82  8.943100  4.963898  0.389010  0.174693
10.83  8.943100  4.963898  0.389040  0.173812
10.84  8.943100  4.963898  0.389060  0.172933
10.85  8.943100  4.963880  0.389080  0.172054
10.86  8.943100  4.963880  0.389110  0.171177
10.87  8.943100  4.963880  0.389130  0.170300
10.88  8.943105  4.963884  0.389150  0.169425
10.89  8.943105  4.963884  0.389180  0.168551
10.90  8.943105  4.963884  0.389200  0.167677
10.91  8.943105  4.963884  0.389230  0.166805
10.92  8.943105  4.963866  0.389250  0.165934
10.93  8.943105  4.963866  0.389270  0.165064
10.94  8.943136  4.963866  0.389300  0.164196
10.95  8.943136  4.963866  0.389320  0.163328
10.96  8.943136  4.963866  0.389340  0.162461
10.97  8.943140  4.963871  0.389370  0.161595
10.98  8.943140  4.963871  0.389390  0.160731
10.99  8.943140  4.963852  0.389420  0.159867
11.00  8.943140  4.963852  0.389440  0.159004
11.01  8.943140  4.963852  0.389460  0.158143
11.02  8.943140  4.963852  0.389490  0.157282
11.03  8.943140  4.963852  0.389510  0.156423
11.04  8.943140  4.963852  0.389530  0.155565
11.05  8.943140  4.963852  0.389560  0.154707
11.06  8.943145  4.963839  0.389580  0.153851
11.07  8.943145  4.963839  0.389600  0.152996
11.08  8.943145  4.963839  0.389630  0.152141
11.09  8.943176  4.963839  0.389650  0.151288
11.10  8.943176  4.963839  0.389670  0.150436
11.11  8.943176  4.963839  0.389700  0.149585
11.12  8.943176  4.963839  0.389720  0.148735
11.13  8.943176  4.963820  0.389740  0.147886
11.14  8.943176  4.963820  0.389770  0.147038
11.15  8.943180  4.963825  0.389790  0.146191
11.16  8.943180  4.963825  0.389810  0.145344
11.17  8.943180  4.963825  0.389840  0.144499
11.18  8.943180  4.963825  0.389860  0.143655
11.19  8.943180  4.963825  0.389880  0.142812
11.20  8.943180  4.963825  0.389900  0.141970
11.21  8.943180  4.963806  0.389930  0.141129
11.22  8.943180  4.963806  0.389950  0.140289
11.23  8.943180  4.963806  0.389970  0.139450
11.24  8.943215  4.963811  0.390000  0.138612
11.25  8.943215  4.963811  0.390020  0.137775
11.26  8.943215  4.963811  0.390040  0.136939
11.27  8.943215  4.963811  0.390070  0.136104
11.28  8.943215  4.963793  0.390090  0.135270
11.29  8.943215  4.963793  0.390110  0.134437
11.30  8.943215  4.963793  0.390130  0.133605
11.31  8.943215  4.963793  0.390160  0.132774
11.32  8.943215  4.963793  0.390180  0.131944
11.33  8.943215  4.963793  0.390200  0.131115
11.34  8.943220  4.963797  0.390220  0.130286
11.35  8.943220  4.963779  0.390250  0.129459
11.36  8.943220  4.963779  0.390270  0.128633
11.37  8.943220  4.963779  0.390290  0.127808
11.38  8.943220  4.963779  0.390320  0.126983
11.39  8.943251  4.963779  0.390340  0.126160
11.40  8.943251  4.963779  0.390360  0.125338
11.41  8.943251  4.963779  0.390380  0.124516
11.42  8.943251  4.963760  0.390410  0.123696
11.43  8.943251  4.963760  0.390430  0.122876
11.44  8.943255  4.963765  0.390450  0.122058
11.45  8.943255  4.963765  0.390470  0.121240
11.46  8.943255  4.963765  0.390500  0.120424
11.47  8.943255  4.963765  0.390520  0.119608
11.48  8.943255  4.963765  0.390540  0.118793
11.49  8.943255  4.963747  0.390560  0.117979
11.50  8.943255  4.963747  0.390590  0.117167
11.51  8.943255  4.963747  0.390610  0.116355
11.52  8.943255  4.963747  0.390630  0.115544
11.53  8.943260  4.963751  0.390650  0.114734
11.54  8.943260  4.963751  0.390670  0.113925
11.55  8.943291  4.963751  0.390700  0.113117
11.56  8.943291  4.963733  0.390720  0.112309
11.57  8.943291  4.963733  0.390740  0.111503
11.58  8.943291  4.963733  0.390760  0.110698
11.59  8.943291  4.963733  0.390790  0.109893
11.60  8.943291  4.963733  0.390810  0.109090
11.61  8.943291  4.963733  0.390830  0.108287
11.62  8.943291  4.963733  0.390850  0.107486
11.63  8.943291  4.963715  0.390870  0.106685
11.64  8.943295  4.963719  0.390900  0.105885
11.65  8.943295  4.963719  0.390920  0.105086
11.66  8.943295  4.963719  0.390940  0.104288
11.67  8.943295  4.963719  0.390960  0.103491
11.68  8.943295  4.963719  0.390980  0.102695
11.69  8.943295  4.963719  0.391010  0.101900
11.70  8.943295  4.963719  0.391030  0.101105
11.71  8.943326  4.963701  0.391050  0.100312
11.72  8.943326  4.963701  0.391070  0.099519
11.73  8.943326  4.963701  0.391090  0.098728
11.74  8.943331  4.963705  0.391120  0.097937
11.75  8.943331  4.963705  0.391140  0.097147
11.76  8.943331  4.963705  0.391160  0.096358
11.77  8.943331  4.963705  0.391180  0.095570
11.78  8.943331  4.963687  0.391200  0.094783
11.79  8.943331  4.963687  0.391230  0.093996
11.80  8.943331  4.963687  0.391250  0.093211
11.81  8.943331  4.963687  0.391270  0.092426
11.82  8.943331  4.963687  0.391290  0.091643
11.83  8.943331  4.963687  0.391310  0.090860
11.84  8.943331  4.963687  0.391330  0.090078
11.85  8.943335  4.963673  0.391360  0.089297
11.86  8.943335  4.963673  0.391380  0.088517
11.87  8.943335  4.963673  0.391400  0.087738
11.88  8.943366  4.963673  0.391420  0.086959
11.89  8.943366  4.963673  0.391440  0.086182
11.90  8.943366  4.963673  0.391460  0.085405
11.91  8.943366  4.963673  0.391490  0.084630
11.92  8.943366  4.963655  0.391510  0.083855
11.93  8.943366  4.963655  0.391530  0.083081
11.94  8.943366  4.963655  0.391550  0.082307
11.95  8.943366  4.963655  0.391570  0.081535
11.96  8.943371  4.963660  0.391590  0.080764
11.97  8.943371  4.963660  0.391610  0.079993
11.98  8.943371  4.963660  0.391640  0.079223
11.99  8.943371  4.963660  0.391660  0.078455
12.00  8.943371  4.963641  0.391680  0.077686
12.01  8.943371  4.963641  0.391700  0.076919
12.02  8.943371  4.963641  0.391720  0.076153
12.03  8.943371  4.963641  0.391740  0.075387
12.04  8.943371  4.963641  0.391760  0.074623
12.05  8.943371  4.963641  0.391780  0.073859
12.06  8.943401  4.963641  0.391810  0.073096
12.07  8.943406  4.963627  0.391830  0.072334
12.08  8.943406  4.963627  0.391850  0.071573
12.09  8.943406  4.963627  0.391870  0.070812
12.10  8.943406  4.963627  0.391890  0.070053
12.11  8.943406  4.963627  0.391910  0.069294
12.12  8.943406  4.963627  0.391930  0.068536
12.13  8.943406  4.963627  0.391950  0.067779
12.14  8.943406  4.963609  0.391980  0.067023
12.15  8.943406  4.963609  0.392000  0.066267
12.16  8.943406  4.963609  0.392020  0.065513
12.17  8.943406  4.963609  0.392040  0.064759
12.18  8.943406  4.963609  0.392060  0.064006
12.19  8.943410  4.963614  0.392080  0.063254
12.20  8.943410  4.963614  0.392100  0.062502
12.21  8.943410  4.963614  0.392120  0.061752
12.22  8.943410  4.963595  0.392140  0.061002
12.23  8.943410  4.963595  0.392160  0.060253
12.24  8.943441  4.963595  0.392190  0.059505
12.25  8.943441  4.963595  0.392210  0.058758
12.26  8.943441  4.963595  0.392230  0.058011
12.27  8.943441  4.963595  0.392250  0.057266
12.28  8.943441  4.963595  0.392270  0.056521
12.29  8.943441  4.963577  0.392290  0.055777
12.30  8.943441  4.963577  0.392310  0.055034
12.31  8.943446  4.963581  0.392330  0.054291
12.32  8.943446  4.963581  0.392350  0.053550
12.33  8.943446  4.963581  0.392370  0.052809
12.34  8.943446  4.963581  0.392390  0.052069
12.35  8.943446  4.963581  0.392410  0.051330
12.36  8.943446  4.963563  0.392430  0.050591
12.37  8.943446  4.963563  0.392460  0.049854
12.38  8.943446  4.963563  0.392480  0.049117
12.39  8.943446  4.963563  0.392500  0.048381
12.40  8.943446  4.963563  0.392520  0.047645
12.41  8.943446  4.963563  0.392540  0.046911
12.42  8.943446  4.963563  0.392560  0.046177
12.43  8.943450  4.963568  0.392580  0.045444
12.44  8.943481  4.963549  0.392600  0.044712
12.45  8.943481  4.963549  0.392620  0.043981
12.46  8.943481  4.963549  0.392640  0.043250
12.47  8.943481  4.963549  0.392660  0.042520
12.48  8.943481  4.963549  0.392680  0.041791
12.49  8.943481  4.963549  0.392700  0.041063
12.50  8.943481  4.963549  0.392720  0.040336
12.51  8.943481  4.963531  0.392740  0.039609
12.52  8.943481  4.963531  0.392760  0.038883
12.53  8.943481  4.963531  0.392780  0.038158
12.54  8.943481  4.963531  0.392800  0.037434
12.55  8.943481  4.963531  0.392820  0.036710
12.56  8.943481  4.963531  0.392840  0.035987
12.57  8.943486  4.963536  0.392860  0.035265
12.58  8.943486  4.963517  0.392880  0.034544
12.59  8.943486  4.963517  0.392900  0.033823
12.60  8.943486  4.963517  0.392920  0.033103
12.61  8.943486  4.963517  0.392940  0.032384
12.62  8.943486  4.963517  0.392960  0.031666
12.63  8.943486  4.963517  0.392980  0.030948
12.64  8.943486  4.963517  0.393000  0.030232
12.65  8.943486  4.963499  0.393020  0.029516
12.66  8.943516  4.963499  0.393040  0.028800
12.67  8.943516  4.963499  0.393060  0.028086
12.68  8.943516  4.963499  0.393080  0.027372
12.69  8.943516  4.963499  0.393100  0.026659
12.70  8.943516  4.963499  0.393120  0.025947
12.71  8.943516  4.963499  0.393140  0.025235
12.72  8.943521  4.963485  0.393160  0.024524
12.73  8.943521  4.963485  0.393180  0.023814
12.74  8.943521  4.963485  0.393200  0.023105
12.75  8.943521  4.963485  0.393220  0.022396
12.76  8.943521  4.963485  0.393240  0.021688
12.77  8.943521  4.963485  0.393260  0.020981
12.78  8.943521  4.963485  0.393280  0.020275
12.79  8.943521  4.963467  0.393300  0.019569
12.80  8.943521  4.963467  0.393320  0.018864
12.81  8.943521  4.963467  0.393340  0.018160
12.82  8.943521  4.963467  0.393360  0.017457
12.83  8.943521  4.963467  0.393380  0.016754
12.84  8.943521  4.963467  0.393400  0.016052
12.85  8.943521  4.963467  0.393420  0.015351
12.86  8.943521  4.963448  0.393440  0.014650
12.87  8.943521  4.963448  0.393450  0.013950
12.88  8.943526  4.963453  0.393470  0.013251
12.89  8.943526  4.963453  0.393490  0.012553
12.90  8.943556  4.963453  0.393510  0.011855
12.91  8.943556  4.963453  0.393530  0.011158
12.92  8.943556  4.963453  0.393550  0.010462
12.93  8.943556  4.963434  0.393570  0.009766
12.94  8.943556  4.963434  0.393590  0.009072
12.95  8.943556  4.963434  0.393610  0.008377
12.96  8.943556  4.963434  0.393630  0.007684
12.97  8.943556  4.963434  0.393650  0.006991
12.98  8.943556  4.963434  0.393670  0.006299
12.99  8.943556  4.963434  0.393690  0.005608
13.00  8.943556  4.963416  0.393710  0.004917
13.01  8.943556  4.963416  0.393730  0.004228
13.02  8.943556  4.963416  0.393750  0.003538
13.03  8.943556  4.963416  0.393770  0.002850
13.04  8.943556  4.963416  0.393790  0.002162
13.05  8.943561  4.963421  0.393800  0.001475
13.06  8.943561  4.963421  0.393820  0.000789
13.07  8.943561  4.963402  0.393840  0.000103
13.08  8.943561  4.963402  0.393860 -1.000000
13.09  8.943561  4.963402  0.393880 -1.000000
13.10  8.943561  4.963402  0.393900 -1.000000
13.11  8.943561  4.963402  0.393920 -1.000000
13.12  8.943561  4.963402  0.393940 -1.000000
13.13  8.943561  4.963402  0.393960 -1.000000
13.14  8.943561  4.963384  0.393980 -1.000000
13.15  8.943591  4.963384  0.394000 -1.000000
13.16  8.943591  4.963384  0.394020 -1.000000
13.17  8.943591  4.963384  0.394040 -1.000000
13.18  8.943591  4.963384  0.394060 -1.000000
13.19  8.943591  4.963384  0.394070 -1.000000
13.20  8.943591  4.963384  0.394090 -1.000000
13.21  8.943591  4.963384  0.394110 -1.000000
13.22  8.943591  4.963365  0.394130 -1.000000
13.23  8.943591  4.963365  0.394150 -1.000000
13.24  8.943591  4.963365  0.394170 -1.000000
13.25  8.943596  4.963370  0.394190 -1.000000
13.26  8.943596  4.963370  0.394210 -1.000000
13.27  8.943596  4.963370  0.394230 -1.000000
13.28  8.943596  4.963370  0.394250 -1.000000
13.29  8.943596  4.963351  0.394270 -1.000000
13.30  8.943596  4.963351  0.394280 -1.000000
13.31  8.943596  4.963351  0.394300 -1.000000
13.32  8.943596  4.963351  0.394320 -1.000000
13.33  8.943596  4.963351  0.394340 -1.000000
13.34  8.943596  4.963351  0.394360 -1.000000
13.35  8.943596  4.963351  0.394380 -1.000000
13.36  8.943596  4.963333  0.394400 -1.000000
13.37  8.943596  4.963333  0.394420 -1.000000
13.38  8.943596  4.963333  0.394440 -1.000000
13.39  8.943596  4.963333  0.394460 -1.000000
13.40  8.943627  4.963333  0.394470 -1.000000
13.41  8.943627  4.963333  0.394490 -1.000000
13.42  8.943627  4.963333  0.394510 -1.000000
13.43  8.943627  4.963333  0.394530 -1.000000
13.44  8.943627  4.963315  0.394550 -1.000000
13.45  8.943627  4.963315  0.394570 -1.000000
13.46  8.943631  4.963319  0.394590 -1.000000
13.47  8.943631  4.963319  0.394610 -1.000000
13.48  8.943631  4.963319  0.394630 -1.000000
13.49  8.943631  4.963319  0.394640 -1.000000
13.50  8.943631  4.963319  0.394660 -1.000000
13.51  8.943631  4.963301  0.394680 -1.000000
13.52  8.943631  4.963301  0.394700 -1.000000
13.53  8.943631  4.963301  0.394720 -1.000000
13.54  8.943631  4.963301  0.394740 -1.000000
13.55  8.943631  4.963301  0.394760 -1.000000
13.56  8.943631  4.963301  0.394780 -1.000000
13.57  8.943631  4.963301  0.394800 -1.000000
13.58  8.943631  4.963282  0.394810 -1.000000
13.59  8.943631  4.963282  0.394830 -1.000000
13.60  8.943631  4.963282  0.394850 -1.000000
13.61  8.943631  4.963282  0.394870 -1.000000
13.62  8.943631  4.963282  0.394890 -1.000000
13.63  8.943631  4.963282  0.394910 -1.000000
13.64  8.943631  4.963282  0.394930 -1.000000
13.65  8.943662  4.963282  0.394940 -1.000000
13.66  8.943662  4.963264  0.394960 -1.000000
13.67  8.943662  4.963264  0.394980 -1.000000
13.68  8.943662  4.963264  0.395000 -1.000000
13.69  8.943662  4.963264  0.395020 -1.000000
13.70  8.943667  4.963269  0.395040 -1.000000
13.71  8.943667  4.963269  0.395060 -1.000000
13.72  8.943667  4.963269  0.395080 -1.000000
13.73  8.943667  4.963250  0.395090 -1.000000
13.74  8.943667  4.963250  0.395110 -1.000000
13.75  8.943667  4.963250  0.395130 -1.000000
13.76  8.943667  4.963250  0.395150 -1.000000
13.77  8.943667  4.963250  0.395170 -1.000000
13.78  8.943667  4.963250  0.395190 -1.000000
13.79  8.943667  4.963250  0.395210 -1.000000
13.80  8.943667  4.963250  0.395220 -1.000000
13.81  8.943667  4.963232  0.395240 -1.000000
13.82  8.943667  4.963232  0.395260 -1.000000
13.83  8.943667  4.963232  0.395280 -1.000000
13.84  8.943667  4.963232  0.395300 -1.000000
13.85  8.943667  4.963232  0.395320 -1.000000
13.86  8.943667  4.963232  0.395340 -1.000000
13.87  8.943667  4.963232  0.395350 -1.000000
13.88  8.943667  4.963213  0.395370 -1.000000
13.89  8.943667  4.963213  0.395390 -1.000000
13.90  8.943667  4.963213  0.395410 -1.000000
13.91  8.943697  4.963213  0.395430 -1.000000
13.92  8.943697  4.963213  0.395450 -1.000000
13.93  8.943697  4.963213  0.395460 -1.000000
13.94  8.943697  4.963213  0.395480 -1.000000
13.95  8.943697  4.963213  0.395500 -1.000000
13.96  8.943697  4.963195  0.395520 -1.000000
13.97  8.943697  4.963195  0.395540 -1.000000
13.98  8.943702  4.963200  0.395560 -1.000000
13.99  8.943702  4.963200  0.395570 -1.000000
14.00  8.943702  4.963200  0.395590 -1.000000
14.01  8.943702  4.963200  0.395610 -1.000000
14.02  8.943702  4.963200  0.395630 -1.000000
14.03  8.943702  4.963200  0.395650 -1.000000
14.04  8.943702  4.963181  0.395670 -1.000000
14.05  8.943702  4.963181  0.395680 -1.000000
14.06  8.943702  4.963181  0.395700 -1.000000
14.07  8.943702  4.963181  0.395720 -1.000000
14.08  8.943702  4.963181  0.395740 -1.000000
14.09  8.943702  4.963181  0.395760 -1.000000
14.10  8.943702  4.963181  0.395780 -1.000000
14.11  8.943702  4.963163  0.395790 -1.000000
14.12  8.943702  4.963163  0.395810 -1.000000
14.13  8.943702  4.963163  0.395830 -1.000000
14.14  8.943702  4.963163  0.395850 -1.000000
14.15  8.943702  4.963163  0.395870 -1.000000
14.16  8.943702  4.963163  0.395880 -1.000000
14.17  8.943702  4.963163  0.395900 -1.000000
14.18  8.943732  4.963163  0.395920 -1.000000
14.19  8.943732  4.963144  0.395940 -1.000000
14.20  8.943732  4.963144  0.395960 -1.000000
14.21  8.943732  4.963144  0.395980 -1.000000
14.22  8.943732  4.963144  0.395990 -1.000000
14.23  8.943732  4.963144  0.396010 -1.000000
14.24  8.943732  4.963144  0.396030 -1.000000
14.25  8.943732  4.963144  0.396050 -1.000000
14.26  8.943732  4.963144  0.396070 -1.000000
14.27  8.943732  4.963126  0.396080 -1.000000
14.28  8.943732  4.963126  0.396100 -1.000000
14.29  8.943732  4.963126  0.396120 -1.000000
14.30  8.943732  4.963126  0.396140 -1.000000
14.31  8.943732  4.963126  0.396160 -1.000000
14.32  8.943732  4.963126  0.396170 -1.000000
14.33  8.943737  4.963130  0.396190 -1.000000
14.34  8.943737  4.963130  0.396210 -1.000000
14.35  8.943737  4.963112  0.396230 -1.000000
14.36  8.943737  4.963112  0.396250 -1.000000
14.37  8.943737  4.963112  0.396260 -1.000000
14.38  8.943737  4.963112  0.396280 -1.000000
14.39  8.943737  4.963112  0.396300 -1.000000
14.40  8.943737  4.963112  0.396320 -1.000000
14.41  8.943737  4.963112  0.396340 -1.000000
14.42  8.943737  4.963112  0.396350 -1.000000
14.43  8.943737  4.963094  0.396370 -1.000000
14.44  8.943768  4.963094  0.396390 -1.000000
14.45  8.943768  4.963094  0.396410 -1.000000
14.46  8.943768  4.963094  0.396420 -1.000000
14.47  8.943768  4.963094  0.396440 -1.000000
14.48  8.943768  4.963094  0.396460 -1.000000
14.49  8.943768  4.963094  0.396480 -1.000000
14.50  8.943768  4.963075  0.396500 -1.000000
14.51  8.943768  4.963075  0.396510 -1.000000
14.52  8.943768  4.963075  0.396530 -1.000000
14.53  8.943768  4.963075  0.396550 -1.000000
14.54  8.943768  4.963075  0.396570 -1.000000
14.55  8.943768  4.963075  0.396590 -1.000000
14.56  8.943768  4.963075  0.396600 -1.000000
14.57  8.943768  4.963075  0.396620 -1.000000
14.58  8.943768  4.963057  0.396640 -1.000000
14.59  8.943768  4.963057  0.396660 -1.000000
14.60  8.943768  4.963057  0.396670 -1.000000
14.61  8.943768  4.963057  0.396690 -1.000000
14.62  8.943768  4.963057  0.396710 -1.000000
14.63  8.943768  4.963057  0.396730 -1.000000
14.64  8.943768  4.963057  0.396750 -1.000000
14.65  8.943768  4.963057  0.396760 -1.000000
14.66  8.943768  4.963038  0.396780 -1.000000
14.67  8.943768  4.963038  0.396800 -1.000000
14.68  8.943768  4.963038  0.396820 -1.000000
14.69  8.943768  4.963038  0.396830 -1.000000
14.70  8.943768  4.963038  0.396850 -1.000000
14.71  8.943798  4.963038  0.396870 -1.000000
14.72  8.943798  4.963038  0.396890 -1.000000
14.73  8.943798  4.963038  0.396900 -1.000000
14.74  8.943798  4.963020  0.396920 -1.000000
14.75  8.943798  4.963020  0.396940 -1.000000
14.76  8.943798  4.963020  0.396960 -1.000000
14.77  8.943798  4.963020  0.396970 -1.000000
14.78  8.943798  4.963020  0.396990 -1.000000
14.79  8.943798  4.963020  0.397010 -1.000000
14.80  8.943798  4.963020  0.397030 -1.000000
14.81  8.943798  4.963020  0.397040 -1.000000
14.82  8.943798  4.963020  0.397060 -1.000000
14.83  8.943798  4.963001  0.397080 -1.000000
14.84  8.943798  4.963001  0.397100 -1.000000
14.85  8.943798  4.963001  0.397110 -1.000000
14.86  8.943803  4.963006  0.397130 -1.000000
14.87  8.943803  4.963006  0.397150 -1.000000
14.88  8.943803  4.963006  0.397170 -1.000000
14.89  8.943803  4.963006  0.397180 -1.000000
14.90  8.943803  4.963006  0.397200 -1.000000
14.91  8.943803  4.962988  0.397220 -1.000000
14.92  8.943803  4.962988  0.397240 -1.000000
14.93  8.943803  4.962988  0.397250 -1.000000
14.94  8.943803  4.962988  0.397270 -1.000000
14.95  8.943803  4.962988  0.397290 -1.000000
14.96  8.943803  4.962988  0.397310 -1.000000
14.97  8.943803  4.962988  0.397320 -1.000000
14.98  8.943833  4.962988  0.397340 -1.000000
14.99  8.943833  4.962969  0.397360 -1.000000
15.00  8.943833  4.962969  0.397380 -1.000000
