 t       A(O)      A(F)      fg       z
 0.01 -8.000000 -8.000000  0.005000 17.875046
 0.02 -8.000000 -8.000000  0.014744 17.297863
 0.03  6.091044  1.983734  0.024089 16.762863
 0.04  6.650322  2.474997  0.033052 16.265319
 0.05  6.961642  2.753767  0.041653 15.801207
 0.06  7.161439  2.948849  0.049905 15.367069
 0.07  7.303876  3.094400  0.057823 14.959923
 0.08  7.413271  3.208041  0.065419 14.577180
 0.09  7.501561  3.300350  0.072705 14.216581
 0.10  7.575395  3.377757  0.079692 13.876144
 0.11  7.638738  3.444218  0.086390 13.554124
 0.12  7.694059  3.502295  0.092810 13.248976
 0.13  7.743041  3.553758  0.098962 12.959330
 0.14  7.786910  3.599827  0.104850 12.683961
 0.15  7.826451  3.641358  0.110500 12.421776
 0.16  7.862341  3.679540  0.115900 12.171794
 0.17  7.895210  3.715143  0.121060 11.933129
 0.18  7.925456  3.748360  0.126010 11.704983
 0.19  7.953504  3.779464  0.130730 11.486634
 0.20  7.979625  3.808738  0.135240 11.277425
 0.21  8.004022  3.836277  0.139560 11.076758
 0.22  8.026946  3.862337  0.143670 10.884090
 0.23  8.048214  3.886716  0.147590 10.698921
 0.24  8.067957  3.909590  0.151330 10.520794
 0.25  8.086615  3.931335  0.154890 10.349292
 0.26  8.104360  3.952068  0.158270 10.184027
 0.27  8.121349  3.971927  0.161490 10.024645
 0.28  8.137544  3.990905  0.164540  9.870818
 0.29  8.153087  4.009156  0.167440  9.722241
 0.30  8.167979  4.026642  0.170180  9.578635
 0.31  8.182299  4.043518  0.172780  9.439737
 0.32  8.196036  4.059732  0.175240  9.305306
 0.33  8.209297  4.075415  0.177560  9.175115
 0.34  8.222028  4.090507  0.179750  9.048955
 0.35  8.234318  4.105107  0.181820  8.926630
 0.36  8.246124  4.119188  0.183760  8.807956
 0.37  8.257586  4.132878  0.185580  8.692762
 0.38  8.268627  4.146106  0.187290  8.580887
 0.39  8.279378  4.159004  0.188880  8.472182
 0.40  8.289746  4.171486  0.190380  8.366503
 0.41  8.299896  4.183558  0.191770  8.263719
 0.42  8.309804  4.195041  0.193060  8.163706
 0.43  8.319457  4.206201  0.194260  8.066344
 0.44  8.328713  4.217084  0.195370  7.971523
 0.45  8.337689  4.227787  0.196390  7.879140
 0.46  8.346368  4.238286  0.197320  7.789094
 0.47  8.354699  4.248537  0.198180  7.701293
 0.48  8.362813  4.258643  0.198960  7.615648
 0.49  8.370659  4.268561  0.199660  7.532076
 0.50  8.378225  4.278263  0.200290  7.450498
 0.51  8.385607  4.287834  0.200850  7.370838
 0.52  8.392772  4.297237  0.201340  7.293025
 0.53  8.399684  4.306444  0.201770  7.216992
 0.54  8.406447  4.315538  0.202130  7.142675
 0.55  8.413026  4.324490  0.202430  7.070011
 0.56  8.419427  4.333296  0.202670  6.998943
 0.57  8.425623  4.341927  0.202860  6.929416
 0.58  8.431696  4.350473  0.202990  6.861376
 0.59  8.437617  4.358887  0.203060  6.794774
 0.60  8.443348  4.367139  0.203090  6.729561
 0.61  8.448981  4.375311  0.203070  6.665691
 0.62  8.454434  4.383328  0.203000  6.603122
 0.63  8.459804  4.391273  0.202880  6.541809
 0.64  8.465045  4.399106  0.202720  6.481715
 0.65  8.470134  4.406793  0.202520  6.422800
 0.66  8.475144  4.414425  0.202280  6.365028
 0.67  8.480000  4.421918  0.202000  6.308364
 0.68  8.484799  4.429378  0.201680  6.252773
 0.69  8.489485  4.436763  0.201320  6.198225
 0.70  8.494034  4.444022  0.200930  6.144687
 0.71  8.498534  4.451264  0.200510  6.092130
 0.72  8.502893  4.458404  0.200060  6.040526
 0.73  8.507201  4.465520  0.199570  5.989848
 0.74  8.511388  4.472557  0.199060  5.940068
 0.75  8.515527  4.479586  0.198520  5.891162
 0.76  8.519542  4.486533  0.197950  5.843105
 0.77  8.523522  4.493493  0.197350  5.795874
 0.78  8.527388  4.500375  0.196730  5.749447
 0.79  8.531214  4.507271  0.196090  5.703801
 0.80  8.534929  4.514113  0.195430  5.658916
 0.81  8.538616  4.520967  0.194740  5.614772
 0.82  8.542188  4.527751  0.194040  5.571349
 0.83  8.545736  4.534544  0.193320  5.528629
 0.84  8.549206  4.541301  0.192570  5.486593
 0.85  8.552629  4.548088  0.191810  5.445225
 0.86  8.556022  4.554878  0.191040  5.404506
 0.87  8.559362  4.561593  0.190250  5.364422
 0.88  8.562655  4.568236  0.189440  5.324956
 0.89  8.565902  4.574830  0.188620  5.286093
 0.90  8.569096  4.581367  0.187780  5.247819
 0.91  8.572255  4.587771  0.186940  5.210119
 0.92  8.575367  4.594126  0.186080  5.172980
 0.93  8.578439  4.600354  0.185200  5.136389
 0.94  8.581472  4.606498  0.184320  5.100331
 0.95  8.584466  4.612521  0.183430  5.064797
 0.96  8.587411  4.618462  0.182520  5.029772
 0.97  8.590326  4.624252  0.181610  4.995245
 0.98  8.593204  4.629895  0.180690  4.961206
 0.99  8.596045  4.635432  0.179750  4.927644
 1.00  8.598853  4.640826  0.178810  4.894546
 1.01  8.601544  4.645943  0.183450  4.861905
 1.02  8.600273  4.650496  0.187910  4.829708
 1.03  8.592633  4.648396  0.192240  4.797948
 1.04  8.584091  4.643265  0.196480  4.766613
 1.05  8.575845  4.638332  0.200640  4.735696
 1.06  8.567875  4.633599  0.204730  4.705187
 1.07  8.560181  4.629082  0.208750  4.675079
 1.08  8.552739  4.624713  0.212720  4.645361
 1.09  8.545529  4.620530  0.216630  4.616027
 1.10  8.538550  4.616462  0.220480  4.587068
 1.11  8.531777  4.612556  0.224290  4.558477
 1.12  8.525204  4.608739  0.228040  4.530247
 1.13  8.518820  4.605051  0.231750  4.502369
 1.14  8.512626  4.601497  0.235410  4.474838
 1.15  8.506596  4.598035  0.239030  4.447646
 1.16  8.500730  4.594636  0.242600  4.420786
 1.17  8.495019  4.591374  0.246140  4.394253
 1.18  8.489459  4.588175  0.249630  4.368039
 1.19  8.484039  4.585040  0.253080  4.342139
 1.20  8.478758  4.582013  0.256490  4.316547
 1.21  8.473611  4.579012  0.259870  4.291256
 1.22  8.468588  4.576079  0.263210  4.266262
 1.23  8.463690  4.573212  0.266510  4.241558
 1.24  8.458906  4.570416  0.269770  4.217139
 1.25  8.454235  4.567608  0.273000  4.193001
 1.26  8.449673  4.564911  0.276200  4.169137
 1.27  8.445209  4.562198  0.279360  4.145543
 1.28  8.440845  4.559522  0.282490  4.122214
 1.29  8.436619  4.556922  0.285580  4.099145
 1.30  8.432438  4.554311  0.288640  4.076331
 1.31  8.428348  4.551721  0.291670  4.053769
 1.32  8.424343  4.549165  0.294670  4.031454
 1.33  8.420470  4.546684  0.297640  4.009380
 1.34  8.416633  4.544195  0.300570  3.987545
 1.35  8.412913  4.541781  0.303480  3.965944
 1.36  8.409226  4.539360  0.306350  3.944573
 1.37  8.405649  4.537021  0.309200  3.923428
 1.38  8.402153  4.534715  0.312010  3.902506
 1.39  8.398675  4.532405  0.314800  3.881801
 1.40  8.395304  4.530178  0.317560  3.861312
 1.41  8.391998  4.527991  0.320290  3.841034
 1.42  8.388716  4.525792  0.322990  3.820964
 1.43  8.385535  4.523683  0.325670  3.801099
 1.44  8.382414  4.521606  0.328320  3.781434
 1.45  8.379345  4.519572  0.330940  3.761968
 1.46  8.376337  4.517572  0.333540  3.742696
 1.47  8.373383  4.515611  0.336110  3.723616
 1.48  8.370484  4.513680  0.338650  3.704724
 1.49  8.367630  4.511780  0.341180  3.686017
 1.50  8.364833  4.509910  0.343670  3.667494
 1.51  8.362084  4.508071  0.346140  3.649150
 1.52  8.359371  4.506260  0.348590  3.630983
 1.53  8.356719  4.504475  0.351010  3.612990
 1.54  8.354107  4.502714  0.353410  3.595169
 1.55  8.351534  4.500980  0.355790  3.577517
 1.56  8.349013  4.499269  0.358140  3.560031
 1.57  8.346523  4.497577  0.360480  3.542709
 1.58  8.344087  4.495908  0.362790  3.525549
 1.59  8.341737  4.494307  0.365070  3.508547
 1.60  8.339377  4.492677  0.367340  3.491702
 1.61  8.337050  4.491072  0.369580  3.475012
 1.62  8.334769  4.489481  0.371810  3.458473
 1.63  8.332566  4.487953  0.374010  3.442085
 1.64  8.330354  4.486398  0.376190  3.425844
 1.65  8.328190  4.484862  0.378350  3.409748
 1.66  8.326051  4.483337  0.380490  3.393796
 1.67  8.323993  4.481871  0.382620  3.377986
 1.68  8.321916  4.480377  0.384720  3.362314
 1.69  8.319878  4.478895  0.386800  3.346781
 1.70  8.317922  4.477471  0.388860  3.331382
 1.71  8.315949  4.476015  0.390900  3.316118
 1.72  8.314005  4.474571  0.392930  3.300985
 1.73  8.312131  4.473181  0.394930  3.285982
 1.74  8.310255  4.471759  0.396920  3.271107
 1.75  8.308450  4.470397  0.398890  3.256358
 1.76  8.306620  4.468998  0.400840  3.241734
 1.77  8.304875  4.467655  0.402770  3.227233
 1.78  8.303104  4.466280  0.404690  3.212854
 1.79  8.301363  4.464917  0.406580  3.198594
 1.80  8.299697  4.463609  0.408470  3.184452
 1.81  8.298006  4.462271  0.410330  3.170426
 1.82  8.296389  4.460982  0.412170  3.156516
 1.83  8.294761  4.459669  0.414000  3.142719
 1.84  8.293196  4.458406  0.415820  3.129034
 1.85  8.291607  4.457112  0.417610  3.115459
 1.86  8.290094  4.455874  0.419390  3.101994
 1.87  8.288588  4.454649  0.421160  3.088636
 1.88  8.287073  4.453389  0.422910  3.075384
 1.89  8.285635  4.452185  0.424640  3.062238
 1.90  8.284161  4.450951  0.426360  3.049195
 1.91  8.282752  4.449774  0.428060  3.036254
 1.92  8.281334  4.448561  0.429750  3.023414
 1.93  8.279967  4.447406  0.431420  3.010674
 1.94  8.278636  4.446258  0.433070  2.998032
 1.95  8.277270  4.445081  0.434720  2.985488
 1.96  8.275970  4.443961  0.436340  2.973040
 1.97  8.274650  4.442807  0.437960  2.960686
 1.98  8.273382  4.441709  0.439560  2.948427
 1.99  8.272136  4.440620  0.441140  2.936259
 2.00  8.270871  4.439503  0.442710  2.924184
 2.01  8.269672  4.438432  0.444270  2.912198
 2.02  8.268483  4.437369  0.445800  2.900302
 2.03  8.267274  4.436278  0.447320  2.888494
 2.04  8.266119  4.435239  0.448830  2.876773
 2.05  8.264945  4.434166  0.450320  2.865138
 2.06  8.263838  4.433145  0.451800  2.853588
 2.07  8.262728  4.432139  0.453260  2.842123
 2.08  8.261642  4.431142  0.454710  2.830740
 2.09  8.260538  4.430112  0.456150  2.819439
 2.10  8.259488  4.429134  0.457570  2.808220
 2.11  8.258449  4.428171  0.458980  2.797081
 2.12  8.257378  4.427169  0.460380  2.786021
 2.13  8.256375  4.426226  0.461760  2.775040
 2.14  8.255384  4.425292  0.463130  2.764136
 2.15  8.254361  4.424319  0.464490  2.753308
 2.16  8.253393  4.423405  0.465840  2.742557
 2.17  8.252451  4.422501  0.467170  2.731880
 2.18  8.251507  4.421601  0.468490  2.721277
 2.19  8.250545  4.420674  0.469800  2.710748
 2.20  8.249638  4.419793  0.471100  2.700291
 2.21  8.248744  4.418929  0.472390  2.689905
 2.22  8.247818  4.418027  0.473660  2.679591
 2.23  8.246948  4.417171  0.474930  2.669346
 2.24  8.246104  4.416332  0.476180  2.659171
 2.25  8.245259  4.415497  0.477420  2.649064
 2.26  8.244383  4.414630  0.478650  2.639025
 2.27  8.243563  4.413816  0.479870  2.629053
 2.28  8.242755  4.413007  0.481070  2.619147
 2.29  8.241960  4.412208  0.482270  2.609307
 2.30  8.241178  4.411420  0.483450  2.599532
 2.31  8.240366  4.410594  0.484620  2.589821
 2.32  8.239595  4.409815  0.485780  2.580173
 2.33  8.238837  4.409041  0.486930  2.570588
 2.34  8.238092  4.408278  0.488070  2.561066
 2.35  8.237318  4.407483  0.489200  2.551605
 2.36  8.236585  4.406735  0.490310  2.542205
 2.37  8.235865  4.405993  0.491410  2.532865
 2.38  8.235158  4.405261  0.492510  2.523585
 2.39  8.234451  4.404535  0.493590  2.514364
 2.40  8.233713  4.403770  0.494660  2.505201
 2.41  8.233032  4.403059  0.495720  2.496097
 2.42  8.232350  4.402360  0.496770  2.487049
 2.43  8.231682  4.401666  0.497810  2.478058
 2.44  8.231027  4.400977  0.498840  2.469123
 2.45  8.230328  4.400256  0.499850  2.460244
 2.46  8.229685  4.399583  0.500860  2.451419
 2.47  8.229042  4.398922  0.501860  2.442649
 2.48  8.228412  4.398266  0.502850  2.433933
 2.49  8.227782  4.397616  0.503820  2.425270
 2.50  8.227122  4.396927  0.504790  2.416660
 2.51  8.226504  4.396294  0.505750  2.408103
 2.52  8.225901  4.395665  0.506690  2.399597
 2.53  8.225296  4.395042  0.507630  2.391142
 2.54  8.224705  4.394431  0.508560  2.382738
 2.55  8.224071  4.393776  0.509470  2.374384
 2.56  8.223493  4.393176  0.510380  2.366080
 2.57  8.222915  4.392581  0.511280  2.357826
 2.58  8.222351  4.391991  0.512170  2.349620
 2.59  8.221786  4.391408  0.513050  2.341463
 2.60  8.221235  4.390830  0.513920  2.333353
 2.61  8.220641  4.390220  0.514780  2.325291
 2.62  8.220103  4.389653  0.515630  2.317276
 2.63  8.219565  4.389092  0.516470  2.309307
 2.64  8.219027  4.388543  0.517310  2.301385
 2.65  8.218503  4.387999  0.518130  2.293508
 2.66  8.217935  4.387412  0.518950  2.285676
 2.67  8.217424  4.386880  0.519760  2.277890
 2.68  8.216913  4.386347  0.520560  2.270147
 2.69  8.216417  4.385826  0.521350  2.262449
 2.70  8.215919  4.385305  0.522130  2.254794
 2.71  8.215422  4.384790  0.522910  2.247183
 2.72  8.214938  4.384287  0.523680  2.239614
 2.73  8.214412  4.383740  0.524440  2.232088
 2.74  8.213927  4.383242  0.525190  2.224603
 2.75  8.213458  4.382751  0.525930  2.217161
 2.76  8.212987  4.382258  0.526670  2.209759
 2.77  8.212532  4.381778  0.527390  2.202399
 2.78  8.212076  4.381304  0.528110  2.195079
 2.79  8.211576  4.380787  0.528830  2.187799
 2.80  8.211135  4.380318  0.529530  2.180559
 2.81  8.210693  4.379856  0.530230  2.173359
 2.82  8.210250  4.379399  0.530920  2.166197
 2.83  8.209807  4.378942  0.531610  2.159074
 2.84  8.209379  4.378498  0.532280  2.151990
 2.85  8.208965  4.378053  0.532950  2.144944
 2.86  8.208536  4.377614  0.533620  2.137936
 2.87  8.208079  4.377132  0.534270  2.130965
 2.88  8.207665  4.376699  0.534920  2.124031
 2.89  8.207265  4.376272  0.535560  2.117133
 2.90  8.206850  4.375851  0.536200  2.110273
 2.91  8.206450  4.375437  0.536830  2.103448
 2.92  8.206064  4.375022  0.537450  2.096660
 2.93  8.205663  4.374613  0.538070  2.089906
 2.94  8.205277  4.374204  0.538690  2.083188
 2.95  8.204864  4.373764  0.539290  2.076505
 2.96  8.204477  4.373367  0.539890  2.069857
 2.97  8.204105  4.372977  0.540490  2.063243
 2.98  8.203734  4.372586  0.541080  2.056663
 2.99  8.203377  4.372202  0.541670  2.050117
 3.00  8.203020  4.371823  0.542250  2.043604
 3.01  8.202663  4.371452  0.542820  2.037124
 3.02  8.202321  4.371079  0.543390  2.030678
 3.03  8.201963  4.370713  0.543950  2.024264
 3.04  8.201578  4.370304  0.544510  2.017882
 3.05  8.201251  4.369951  0.545070  2.011533
 3.06  8.200908  4.369591  0.545620  2.005215
 3.07  8.200580  4.369244  0.546160  1.998929
 3.08  8.200252  4.368896  0.546700  1.992675
 3.09  8.199939  4.368556  0.547230  1.986451
 3.10  8.199611  4.368214  0.547760  1.980258
 3.11  8.199298  4.367880  0.548290  1.974096
 3.12  8.198985  4.367544  0.548810  1.967964
 3.13  8.198687  4.367216  0.549320  1.961863
 3.14  8.198346  4.366851  0.549830  1.955791
 3.15  8.198032  4.366528  0.550340  1.949749
 3.16  8.197750  4.366212  0.550840  1.943736
 3.17  8.197451  4.365896  0.551330  1.937752
 3.18  8.197168  4.365587  0.551830  1.931797
 3.19  8.196885  4.365277  0.552310  1.925871
 3.20  8.196601  4.364974  0.552800  1.919973
 3.21  8.196318  4.364670  0.553280  1.914104
 3.22  8.196050  4.364373  0.553750  1.908263
 3.23  8.195766  4.364083  0.554220  1.902449
 3.24  8.195497  4.363785  0.554690  1.896663
 3.25  8.195244  4.363501  0.555150  1.890904
 3.26  8.194976  4.363217  0.555610  1.885173
 3.27  8.194680  4.362890  0.556060  1.879468
 3.28  8.194411  4.362612  0.556510  1.873790
 3.29  8.194157  4.362334  0.556960  1.868139
 3.30  8.193920  4.362062  0.557400  1.862514
 3.31  8.193666  4.361791  0.557840  1.856915
 3.32  8.193428  4.361526  0.558270  1.851343
 3.33  8.193190  4.361261  0.558700  1.845795
 3.34  8.192952  4.361002  0.559130  1.840274
 3.35  8.192714  4.360744  0.559550  1.834778
 3.36  8.192475  4.360485  0.559970  1.829307
 3.37  8.192253  4.360233  0.560380  1.823860
 3.38  8.192030  4.359980  0.560790  1.818439
 3.39  8.191807  4.359735  0.561200  1.813042
 3.40  8.191584  4.359489  0.561610  1.807670
 3.41  8.191361  4.359250  0.562010  1.802322
 3.42  8.191095  4.358968  0.562400  1.796998
 3.43  8.190887  4.358729  0.562800  1.791698
 3.44  8.190680  4.358496  0.563190  1.786422
 3.45  8.190472  4.358263  0.563570  1.781169
 3.46  8.190264  4.358030  0.563960  1.775939
 3.47  8.190057  4.357804  0.564340  1.770733
 3.48  8.189865  4.357585  0.564710  1.765550
 3.49  8.189657  4.357359  0.565080  1.760389
 3.50  8.189465  4.357139  0.565450  1.755251
 3.51  8.189273  4.356919  0.565820  1.750136
 3.52  8.189080  4.356706  0.566180  1.745043
 3.53  8.188888  4.356493  0.566540  1.739973
 3.54  8.188696  4.356280  0.566900  1.734924
 3.55  8.188519  4.356074  0.567250  1.729897
 3.56  8.188343  4.355867  0.567600  1.724892
 3.57  8.188150  4.355661  0.567950  1.719909
 3.58  8.187973  4.355461  0.568300  1.714947
 3.59  8.187797  4.355261  0.568640  1.710006
 3.60  8.187636  4.355068  0.568970  1.705087
 3.61  8.187459  4.354868  0.569310  1.700188
 3.62  8.187282  4.354675  0.569640  1.695310
 3.63  8.187078  4.354445  0.569970  1.690453
 3.64  8.186917  4.354252  0.570290  1.685617
 3.65  8.186740  4.354065  0.570620  1.680801
 3.66  8.186579  4.353879  0.570940  1.676005
 3.67  8.186434  4.353699  0.571250  1.671229
 3.68  8.186272  4.353512  0.571570  1.666473
 3.69  8.186111  4.353339  0.571880  1.661737
 3.70  8.185966  4.353159  0.572190  1.657021
 3.71  8.185805  4.352986  0.572490  1.652324
 3.72  8.185659  4.352806  0.572800  1.647647
 3.73  8.185514  4.352639  0.573100  1.642989
 3.74  8.185368  4.352466  0.573390  1.638350
 3.75  8.185223  4.352299  0.573690  1.633730
 3.76  8.185078  4.352133  0.573980  1.629130
 3.77  8.184932  4.351966  0.574270  1.624548
 3.78  8.184786  4.351799  0.574560  1.619984
 3.79  8.184657  4.351639  0.574840  1.615439
 3.80  8.184511  4.351480  0.575120  1.610913
 3.81  8.184382  4.351320  0.575400  1.606405
 3.82  8.184252  4.351167  0.575680  1.601915
 3.83  8.184122  4.351013  0.575960  1.597443
 3.84  8.183993  4.350860  0.576230  1.592989
 3.85  8.183863  4.350707  0.576500  1.588553
 3.86  8.183733  4.350554  0.576770  1.584134
 3.87  8.183604  4.350407  0.577030  1.579733
 3.88  8.183490  4.350261  0.577300  1.575350
 3.89  8.183360  4.350115  0.577560  1.570984
 3.90  8.183246  4.349968  0.577810  1.566635
 3.91  8.183117  4.349828  0.578070  1.562303
 3.92  8.183003  4.349689  0.578320  1.557988
 3.93  8.182889  4.349549  0.578580  1.553690
 3.94  8.182775  4.349409  0.578830  1.549409
 3.95  8.182661  4.349277  0.579070  1.545145
 3.96  8.182548  4.349137  0.579320  1.540897
 3.97  8.182391  4.348961  0.579560  1.536666
 3.98  8.182277  4.348828  0.579800  1.532451
 3.99  8.182179  4.348695  0.580040  1.528252
 4.00  8.182065  4.348569  0.580280  1.524069
 4.01  8.181951  4.348436  0.580510  1.519903
 4.02  8.181854  4.348310  0.580740  1.515752
 4.03  8.181756  4.348184  0.580970  1.511618
 4.04  8.181642  4.348065  0.581200  1.507499
 4.05  8.181544  4.347939  0.581430  1.503395
 4.06  8.181446  4.347820  0.581650  1.499308
 4.07  8.181348  4.347693  0.581880  1.495235
 4.08  8.181250  4.347574  0.582100  1.491178
 4.09  8.181153  4.347462  0.582320  1.487137
 4.10  8.181055  4.347343  0.582530  1.483110
 4.11  8.180973  4.347223  0.582750  1.479099
 4.12  8.180875  4.347111  0.582960  1.475102
 4.13  8.180777  4.346999  0.583170  1.471121
 4.14  8.180696  4.346886  0.583380  1.467154
 4.15  8.180598  4.346774  0.583590  1.463202
 4.16  8.180516  4.346668  0.583800  1.459264
 4.17  8.180434  4.346556  0.584000  1.455341
 4.18  8.180352  4.346450  0.584200  1.451433
 4.19  8.180254  4.346345  0.584400  1.447539
 4.20  8.180173  4.346239  0.584600  1.443659
 4.21  8.180091  4.346134  0.584800  1.439793
 4.22  8.180009  4.346035  0.585000  1.435941
 4.23  8.179927  4.345930  0.585190  1.432104
 4.24  8.179845  4.345831  0.585380  1.428280
 4.25  8.179780  4.345732  0.585570  1.424470
 4.26  8.179698  4.345634  0.585760  1.420674
 4.27  8.179616  4.345535  0.585950  1.416891
 4.28  8.179534  4.345436  0.586140  1.413123
 4.29  8.179469  4.345345  0.586320  1.409367
 4.30  8.179387  4.345246  0.586500  1.405625
 4.31  8.179321  4.345154  0.586680  1.401897
 4.32  8.179239  4.345062  0.586860  1.398181
 4.33  8.179174  4.344971  0.587040  1.394479
 4.34  8.179108  4.344879  0.587220  1.390790
 4.35  8.179043  4.344787  0.587390  1.387114
 4.36  8.178961  4.344702  0.587570  1.383451
 4.37  8.178895  4.344611  0.587740  1.379801
 4.38  8.178830  4.344526  0.587910  1.376164
 4.39  8.178764  4.344441  0.588080  1.372539
 4.40  8.178698  4.344356  0.588250  1.368927
 4.41  8.178633  4.344271  0.588410  1.365328
 4.42  8.178567  4.344187  0.588580  1.361741
 4.43  8.178501  4.344109  0.588740  1.358166
 4.44  8.178452  4.344024  0.588900  1.354604
 4.45  8.178387  4.343946  0.589070  1.351055
 4.46  8.178321  4.343868  0.589220  1.347517
 4.47  8.178272  4.343783  0.589380  1.343992
 4.48  8.178206  4.343706  0.589540  1.340478
 4.49  8.178140  4.343628  0.589700  1.336977
 4.50  8.178091  4.343557  0.589850  1.333488
 4.51  8.178025  4.343479  0.590000  1.330011
 4.52  8.177976  4.343401  0.590150  1.326545
 4.53  8.177927  4.343330  0.590310  1.323091
 4.54  8.177861  4.343259  0.590450  1.319649
 4.55  8.177811  4.343181  0.590600  1.316218
 4.56  8.177762  4.343111  0.590750  1.312799
 4.57  8.177713  4.343040  0.590890  1.309392
 4.58  8.177647  4.342969  0.591040  1.305996
 4.59  8.177598  4.342905  0.591180  1.302611
 4.60  8.177548  4.342834  0.591320  1.299237
 4.61  8.177499  4.342763  0.591470  1.295875
 4.62  8.177450  4.342699  0.591610  1.292524
 4.63  8.177400  4.342628  0.591740  1.289184
 4.64  8.177351  4.342565  0.591880  1.285855
 4.65  8.177301  4.342501  0.592020  1.282537
 4.66  8.177252  4.342437  0.592150  1.279230
 4.67  8.177219  4.342373  0.592290  1.275934
 4.68  8.177170  4.342309  0.592420  1.272649
 4.69  8.177120  4.342245  0.592550  1.269374
 4.70  8.177071  4.342181  0.592680  1.266111
 4.71  8.177038  4.342124  0.592810  1.262857
 4.72  8.176989  4.342060  0.592940  1.259615
 4.73  8.176939  4.342004  0.593070  1.256382
 4.74  8.176906  4.341940  0.593200  1.253161
 4.75  8.176857  4.341883  0.593320  1.249949
 4.76  8.176824  4.341826  0.593450  1.246748
 4.77  8.176774  4.341769  0.593570  1.243558
 4.78  8.176741  4.341712  0.593690  1.240377
 4.79  8.176692  4.341655  0.593810  1.237207
 4.80  8.176659  4.341598  0.593930  1.234047
 4.81  8.176626  4.341541  0.594050  1.230897
 4.82  8.176577  4.341484  0.594170  1.227757
 4.83  8.176544  4.341435  0.594290  1.224627
 4.84  8.176511  4.341378  0.594410  1.221506
 4.85  8.176478  4.341328  0.594520  1.218396
 4.86  8.176445  4.341271  0.594640  1.215296
 4.87  8.176395  4.341221  0.594750  1.212205
 4.88  8.176362  4.341171  0.594870  1.209124
 4.89  8.176329  4.341121  0.594980  1.206052
 4.90  8.176296  4.341072  0.595090  1.202991
 4.91  8.176263  4.341022  0.595200  1.199938
 4.92  8.176230  4.340972  0.595310  1.196895
 4.93  8.176197  4.340922  0.595420  1.193862
 4.94  8.176164  4.340872  0.595530  1.190838
 4.95  8.176131  4.340829  0.595640  1.187824
 4.96  8.176098  4.340780  0.595750  1.184818
 4.97  8.176082  4.340737  0.595850  1.181822
 4.98  8.176049  4.340687  0.595960  1.178836
 4.99  8.176016  4.340644  0.596060  1.175858
 5.00  8.175983  4.340594  0.596170  1.172889
 5.01  8.175966  4.340551  0.596270  1.169930
 5.02  8.175933  4.340509  0.596370  1.166980
 5.03  8.175900  4.340466  0.596470  1.164038
 5.04  8.175884  4.340423  0.596570  1.161106
 5.05  8.175851  4.340380  0.596670  1.158182
 5.06  8.175818  4.340338  0.596770  1.155267
 5.07  8.175801  4.340295  0.596870  1.152361
 5.08  8.175768  4.340252  0.596970  1.149464
 5.09  8.175751  4.340216  0.597070  1.146575
 5.10  8.175718  4.340173  0.597160  1.143695
 5.11  8.175702  4.340131  0.597260  1.140824
 5.12  8.175669  4.340095  0.597350  1.137961
 5.13  8.175652  4.340052  0.597450  1.135107
 5.14  8.175619  4.340016  0.597540  1.132262
 5.15  8.175603  4.339981  0.597630  1.129424
 5.16  8.175586  4.339938  0.597730  1.126596
 5.17  8.175553  4.339902  0.597820  1.123775
 5.18  8.175537  4.339866  0.597910  1.120963
 5.19  8.175520  4.339831  0.598000  1.118159
 5.20  8.175504  4.339795  0.598090  1.115363
 5.21  8.175471  4.339759  0.598180  1.112576
 5.22  8.175454  4.339724  0.598270  1.109797
 5.23  8.175437  4.339688  0.598360  1.107025
 5.24  8.175421  4.339652  0.598440  1.104262
 5.25  8.175404  4.339616  0.598530  1.101507
 5.26  8.175371  4.339588  0.598620  1.098760
 5.27  8.175355  4.339552  0.598700  1.096021
 5.28  8.175338  4.339516  0.598790  1.093290
 5.29  8.175322  4.339488  0.598870  1.090567
 5.30  8.175305  4.339452  0.598950  1.087851
 5.31  8.175289  4.339424  0.599040  1.085143
 5.32  8.175272  4.339388  0.599120  1.082444
 5.33  8.175256  4.339359  0.599200  1.079751
 5.34  8.175239  4.339323  0.599280  1.077067
 5.35  8.175222  4.339295  0.599360  1.074390
 5.36  8.175206  4.339266  0.599440  1.071721
 5.37  8.175189  4.339238  0.599520  1.069059
 5.38  8.175173  4.339209  0.599600  1.066405
 5.39  8.175156  4.339180  0.599680  1.063759
 5.40  8.175156  4.339145  0.599760  1.061120
 5.41  8.175140  4.339116  0.599840  1.058488
 5.42  8.175123  4.339087  0.599910  1.055864
 5.43  8.175107  4.339066  0.599990  1.053247
 5.44  8.175090  4.339037  0.600070  1.050637
 5.45  8.175090  4.339009  0.600140  1.048035
 5.46  8.175074  4.338980  0.600220  1.045440
 5.47  8.175057  4.338951  0.600290  1.042852
 5.48  8.175041  4.338930  0.600370  1.040272
 5.49  8.175041  4.338901  0.600440  1.037698
 5.50  8.175024  4.338873  0.600510  1.035132
 5.51  8.175007  4.338851  0.600580  1.032573
 5.52  8.175007  4.338823  0.600660  1.030020
 5.53  8.174991  4.338801  0.600730  1.027475
 5.54  8.174974  4.338773  0.600800  1.024937
 5.55  8.174974  4.338751  0.600870  1.022406
 5.56  8.174958  4.338722  0.600940  1.019882
 5.57  8.174941  4.338701  0.601010  1.017364
 5.58  8.174941  4.338679  0.601080  1.014854
 5.59  8.174925  4.338658  0.601150  1.012350
 5.60  8.174925  4.338629  0.601220  1.009854
 5.61  8.174908  4.338608  0.601290  1.007363
 5.62  8.174908  4.338586  0.601350  1.004880
 5.63  8.174892  4.338565  0.601420  1.002404
 5.64  8.174892  4.338543  0.601490  0.999934
 5.65  8.174875  4.338522  0.601550  0.997470
 5.66  8.174875  4.338500  0.601620  0.995014
 5.67  8.174858  4.338479  0.601680  0.992564
 5.68  8.174858  4.338457  0.601750  0.990120
 5.69  8.174842  4.338436  0.601810  0.987683
 5.70  8.174842  4.338414  0.601880  0.985253
 5.71  8.174842  4.338393  0.601940  0.982829
 5.72  8.174825  4.338371  0.602010  0.980411
 5.73  8.174825  4.338350  0.602070  0.978000
 5.74  8.174809  4.338336  0.602130  0.975595
 5.75  8.174809  4.338314  0.602190  0.973197
 5.76  8.174809  4.338293  0.602250  0.970804
 5.77  8.174792  4.338278  0.602320  0.968419
 5.78  8.174792  4.338257  0.602380  0.966039
 5.79  8.174792  4.338235  0.602440  0.963666
 5.80  8.174776  4.338221  0.602500  0.961299
 5.81  8.174776  4.338199  0.602560  0.958938
 5.82  8.174776  4.338185  0.602620  0.956583
 5.83  8.174776  4.338164  0.602680  0.954234
 5.84  8.174802  4.338192  0.602740  0.951892
 5.85  8.174802  4.338171  0.602800  0.949555
 5.86  8.174802  4.338156  0.602850  0.947225
 5.87  8.174802  4.338135  0.602910  0.944901
 5.88  8.174786  4.338121  0.602970  0.942582
 5.89  8.174786  4.338106  0.603030  0.940270
 5.90  8.174786  4.338092  0.603080  0.937963
 5.91  8.174786  4.338070  0.603140  0.935663
 5.92  8.174786  4.338056  0.603200  0.933368
 5.93  8.174786  4.338042  0.603250  0.931079
 5.94  8.174769  4.338027  0.603310  0.928796
 5.95  8.174769  4.338006  0.603360  0.926519
 5.96  8.174769  4.337991  0.603420  0.924248
 5.97  8.174769  4.337977  0.603470  0.921982
 5.98  8.174769  4.337963  0.603530  0.919722
 5.99  8.174769  4.337948  0.603580  0.917468
 6.00  8.174769  4.337934  0.603630  0.915220
 6.01  8.174769  4.337920  0.603690  0.912977
 6.02  8.174769  4.337905  0.603740  0.910740
 6.03  8.174752  4.337891  0.603790  0.908508
 6.04  8.174752  4.337877  0.603840  0.906282
 6.05  8.174752  4.337862  0.603900  0.904062
 6.06  8.174752  4.337848  0.603950  0.901847
 6.07  8.174752  4.337834  0.604000  0.899638
 6.08  8.174752  4.337819  0.604050  0.897434
 6.09  8.174752  4.337812  0.604100  0.895236
 6.10  8.174752  4.337798  0.604150  0.893043
 6.11  8.174752  4.337783  0.604200  0.890855
 6.12  8.174752  4.337769  0.604250  0.888673
 6.13  8.174752  4.337755  0.604300  0.886497
 6.14  8.174752  4.337748  0.604350  0.884325
 6.15  8.174752  4.337733  0.604400  0.882159
 6.16  8.174752  4.337719  0.604450  0.879999
 6.17  8.174752  4.337712  0.604500  0.877843
 6.18  8.174752  4.337697  0.604550  0.875693
 6.19  8.174752  4.337683  0.604590  0.873548
 6.20  8.174752  4.337676  0.604640  0.871409
 6.21  8.174769  4.337661  0.604690  0.869274
 6.22  8.174769  4.337654  0.604740  0.867145
 6.23  8.174769  4.337640  0.604780  0.865021
 6.24  8.174769  4.337626  0.604830  0.862902
 6.25  8.174769  4.337618  0.604880  0.860788
 6.26  8.174769  4.337604  0.604920  0.858680
 6.27  8.174769  4.337597  0.604970  0.856576
 6.28  8.174769  4.337582  0.605020  0.854477
 6.29  8.174769  4.337575  0.605060  0.852384
 6.30  8.174769  4.337568  0.605110  0.850295
 6.31  8.174786  4.337554  0.605150  0.848212
 6.32  8.174786  4.337547  0.605200  0.846133
 6.33  8.174786  4.337532  0.605240  0.844060
 6.34  8.174786  4.337525  0.605290  0.841991
 6.35  8.174786  4.337518  0.605330  0.839927
 6.36  8.174786  4.337503  0.605370  0.837868
 6.37  8.174802  4.337496  0.605420  0.835814
 6.38  8.174802  4.337489  0.605460  0.833765
 6.39  8.174802  4.337475  0.605510  0.831721
 6.40  8.174802  4.337468  0.605550  0.829681
 6.41  8.174802  4.337460  0.605590  0.827647
 6.42  8.174802  4.337453  0.605630  0.825617
 6.43  8.174819  4.337439  0.605680  0.823591
 6.44  8.174819  4.337432  0.605720  0.821571
 6.45  8.174819  4.337424  0.605760  0.819555
 6.46  8.174819  4.337417  0.605800  0.817544
 6.47  8.174835  4.337410  0.605840  0.815538
 6.48  8.174835  4.337403  0.605890  0.813536
 6.49  8.174835  4.337389  0.605930  0.811539
 6.50  8.174835  4.337381  0.605970  0.809547
 6.51  8.174852  4.337374  0.606010  0.807559
 6.52  8.174852  4.337367  0.606050  0.805576
 6.53  8.174852  4.337360  0.606090  0.803597
 6.54  8.174852  4.337353  0.606130  0.801623
 6.55  8.174868  4.337345  0.606170  0.799653
 6.56  8.174868  4.337338  0.606210  0.797688
 6.57  8.174868  4.337331  0.606250  0.795728
 6.58  8.174868  4.337324  0.606290  0.793772
 6.59  8.174885  4.337317  0.606330  0.791820
 6.60  8.174885  4.337310  0.606370  0.789873
 6.61  8.174885  4.337302  0.606410  0.787930
 6.62  8.174901  4.337295  0.606450  0.785992
 6.63  8.174901  4.337288  0.606480  0.784058
 6.64  8.174901  4.337281  0.606520  0.782128
 6.65  8.174901  4.337274  0.606560  0.780203
 6.66  8.174918  4.337266  0.606600  0.778282
 6.67  8.174918  4.337259  0.606640  0.776365
 6.68  8.174918  4.337252  0.606670  0.774453
 6.69  8.174935  4.337252  0.606710  0.772545
 6.70  8.174935  4.337245  0.606750  0.770642
 6.71  8.174935  4.337238  0.606790  0.768742
 6.72  8.174951  4.337231  0.606820  0.766847
 6.73  8.174951  4.337223  0.606860  0.764956
 6.74  8.174951  4.337216  0.606900  0.763069
 6.75  8.175011  4.337252  0.606930  0.761187
 6.76  8.175011  4.337252  0.606970  0.759308
 6.77  8.175011  4.337245  0.607010  0.757434
 6.78  8.175027  4.337238  0.607040  0.755564
 6.79  8.175027  4.337230  0.607080  0.753698
 6.80  8.175044  4.337230  0.607110  0.751836
 6.81  8.175044  4.337223  0.607150  0.749978
 6.82  8.175044  4.337216  0.607190  0.748125
 6.83  8.175060  4.337209  0.607220  0.746275
 6.84  8.175060  4.337209  0.607260  0.744430
 6.85  8.175060  4.337202  0.607290  0.742588
 6.86  8.175077  4.337194  0.607330  0.740751
 6.87  8.175077  4.337187  0.607360  0.738917
 6.88  8.175093  4.337187  0.607390  0.737088
 6.89  8.175093  4.337180  0.607430  0.735262
 6.90  8.175093  4.337173  0.607460  0.733441
 6.91  8.175110  4.337173  0.607500  0.731623
 6.92  8.175110  4.337166  0.607530  0.729809
 6.93  8.175127  4.337166  0.607570  0.728000
 6.94  8.175127  4.337159  0.607600  0.726194
 6.95  8.175127  4.337151  0.607630  0.724392
 6.96  8.175143  4.337151  0.607670  0.722594
 6.97  8.175143  4.337144  0.607700  0.720799
 6.98  8.175160  4.337137  0.607730  0.719009
 6.99  8.175160  4.337137  0.607770  0.717222
 7.00  8.175160  4.337130  0.607800  0.715440
 7.01  8.175176  4.337130  0.607830  0.713661
 7.02  8.175176  4.337123  0.607860  0.711885
 7.03  8.175193  4.337123  0.607900  0.710114
 7.04  8.175193  4.337115  0.607930  0.708346
 7.05  8.175209  4.337108  0.607960  0.706582
 7.06  8.175209  4.337108  0.607990  0.704822
 7.07  8.175209  4.337101  0.608030  0.703066
 7.08  8.175226  4.337101  0.608060  0.701313
 7.09  8.175226  4.337094  0.608090  0.699564
 7.10  8.175242  4.337094  0.608120  0.697819
 7.11  8.175242  4.337087  0.608150  0.696077
 7.12  8.175259  4.337087  0.608180  0.694339
 7.13  8.175259  4.337079  0.608220  0.692604
 7.14  8.175275  4.337079  0.608250  0.690874
 7.15  8.175275  4.337072  0.608280  0.689146
 7.16  8.175292  4.337072  0.608310  0.687423
 7.17  8.175292  4.337065  0.608340  0.685703
 7.18  8.175309  4.337065  0.608370  0.683986
 7.19  8.175309  4.337058  0.608400  0.682273
 7.20  8.175309  4.337058  0.608430  0.680564
 7.21  8.175325  4.337058  0.608460  0.678858
 7.22  8.175325  4.337051  0.608490  0.677156
 7.23  8.175342  4.337051  0.608520  0.675457
 7.24  8.175342  4.337044  0.608550  0.673762
 7.25  8.175358  4.337044  0.608580  0.672070
 7.26  8.175358  4.337036  0.608610  0.670382
 7.27  8.175375  4.337036  0.608640  0.668697
 7.28  8.175375  4.337036  0.608670  0.667015
 7.29  8.175391  4.337029  0.608700  0.665337
 7.30  8.175391  4.337029  0.608730  0.663663
 7.31  8.175408  4.337022  0.608760  0.661992
 7.32  8.175408  4.337022  0.608790  0.660324
 7.33  8.175424  4.337022  0.608820  0.658659
 7.34  8.175424  4.337015  0.608850  0.656998
 7.35  8.175441  4.337015  0.608870  0.655341
 7.36  8.175441  4.337015  0.608900  0.653686
 7.37  8.175457  4.337008  0.608930  0.652035
 7.38  8.175457  4.337008  0.608960  0.650388
 7.39  8.175474  4.337008  0.608990  0.648743
 7.40  8.175474  4.337000  0.609020  0.647102
 7.41  8.175490  4.337000  0.609050  0.645465
 7.42  8.175490  4.337000  0.609070  0.643830
 7.43  8.175507  4.336993  0.609100  0.642199
 7.44  8.175507  4.336993  0.609130  0.640571
 7.45  8.175523  4.336993  0.609160  0.638946
 7.46  8.175523  4.336986  0.609190  0.637325
 7.47  8.175540  4.336986  0.609210  0.635707
 7.48  8.175540  4.336986  0.609240  0.634092
 7.49  8.175557  4.336979  0.609270  0.632480
 7.50  8.175557  4.336979  0.609300  0.630871
 7.51  8.175573  4.336979  0.609320  0.629266
 7.52  8.175573  4.336979  0.609350  0.627663
 7.53  8.175590  4.336972  0.609380  0.626064
 7.54  8.175606  4.336972  0.609400  0.624468
 7.55  8.175606  4.336972  0.609430  0.622875
 7.56  8.175623  4.336964  0.609460  0.621286
 7.57  8.175623  4.336964  0.609490  0.619699
 7.58  8.175639  4.336964  0.609510  0.618115
 7.59  8.175639  4.336964  0.609540  0.616535
 7.60  8.175656  4.336957  0.609570  0.614958
 7.61  8.175656  4.336957  0.609590  0.613383
 7.62  8.175672  4.336957  0.609620  0.611812
 7.63  8.175672  4.336957  0.609640  0.610244
 7.64  8.175689  4.336950  0.609670  0.608679
 7.65  8.175732  4.336993  0.609700  0.607117
 7.66  8.175748  4.336993  0.609720  0.605558
 7.67  8.175748  4.336993  0.609750  0.604002
 7.68  8.175765  4.336993  0.609770  0.602449
 7.69  8.175781  4.336986  0.609800  0.600898
 7.70  8.175781  4.336986  0.609830  0.599351
 7.71  8.175798  4.336986  0.609850  0.597807
 7.72  8.175798  4.336986  0.609880  0.596266
 7.73  8.175814  4.336986  0.609900  0.594728
 7.74  8.175814  4.336979  0.609930  0.593193
 7.75  8.175831  4.336979  0.609950  0.591660
 7.76  8.175831  4.336979  0.609980  0.590131
 7.77  8.175847  4.336979  0.610000  0.588604
 7.78  8.175847  4.336979  0.610030  0.587081
 7.79  8.175864  4.336972  0.610060  0.585560
 7.80  8.175881  4.336972  0.610080  0.584042
 7.81  8.175881  4.336972  0.610110  0.582527
 7.82  8.175897  4.336972  0.610130  0.581015
 7.83  8.175897  4.336972  0.610150  0.579505
 7.84  8.175914  4.336972  0.610180  0.577999
 7.85  8.175914  4.336964  0.610200  0.576495
 7.86  8.175930  4.336964  0.610230  0.574995
 7.87  8.175930  4.336964  0.610250  0.573497
 7.88  8.175947  4.336964  0.610280  0.572002
 7.89  8.175963  4.336964  0.610300  0.570509
 7.90  8.175963  4.336964  0.610330  0.569020
 7.91  8.175980  4.336964  0.610350  0.567533
 7.92  8.175980  4.336957  0.610380  0.566049
 7.93  8.175996  4.336957  0.610400  0.564567
 7.94  8.175996  4.336957  0.610420  0.563089
 7.95  8.176013  4.336957  0.610450  0.561613
 7.96  8.176013  4.336957  0.610470  0.560140
 7.97  8.176029  4.336957  0.610500  0.558670
 7.98  8.176046  4.336957  0.610520  0.557202
 7.99  8.176046  4.336957  0.610540  0.555737
 8.00  8.176062  4.336950  0.610570  0.554275
 8.01  8.176062  4.336950  0.610590  0.552815
 8.02  8.176079  4.336950  0.610610  0.551359
 8.03  8.176079  4.336950  0.610640  0.549904
 8.04  8.176095  4.336950  0.610660  0.548453
 8.05  8.176112  4.336950  0.610680  0.547004
 8.06  8.176112  4.336950  0.610710  0.545558
 8.07  8.176128  4.336950  0.610730  0.544114
 8.08  8.176128  4.336950  0.610750  0.542673
 8.09  8.176145  4.336943  0.610780  0.541235
 8.10  8.176145  4.336943  0.610800  0.539799
 8.11  8.176161  4.336943  0.610820  0.538366
 8.12  8.176178  4.336943  0.610850  0.536936
 8.13  8.176178  4.336943  0.610870  0.535508
 8.14  8.176194  4.336943  0.610890  0.534082
 8.15  8.176194  4.336943  0.610920  0.532660
 8.16  8.176211  4.336943  0.610940  0.531239
 8.17  8.176211  4.336943  0.610960  0.529822
 8.18  8.176227  4.336943  0.610980  0.528407
 8.19  8.176244  4.336943  0.611010  0.526994
 8.20  8.176244  4.336943  0.611030  0.525584
 8.21  8.176260  4.336943  0.611050  0.524176
 8.22  8.176260  4.336936  0.611070  0.522771
 8.23  8.176277  4.336936  0.611100  0.521369
 8.24  8.176277  4.336936  0.611120  0.519969
 8.25  8.176293  4.336936  0.611140  0.518571
 8.26  8.176310  4.336936  0.611160  0.517176
 8.27  8.176310  4.336936  0.611190  0.515784
 8.28  8.176326  4.336936  0.611210  0.514394
 8.29  8.176326  4.336936  0.611230  0.513006
 8.30  8.176343  4.336936  0.611250  0.511621
 8.31  8.176343  4.336936  0.611270  0.510238
 8.32  8.176359  4.336936  0.611300  0.508858
 8.33  8.176376  4.336936  0.611320  0.507480
 8.34  8.176376  4.336936  0.611340  0.506104
 8.35  8.176392  4.336936  0.611360  0.504731
 8.36  8.176392  4.336936  0.611380  0.503361
 8.37  8.176409  4.336936  0.611410  0.501992
 8.38  8.176409  4.336936  0.611430  0.500627
 8.39  8.176425  4.336936  0.611450  0.499263
 8.40  8.176442  4.336936  0.611470  0.497902
 8.41  8.176442  4.336936  0.611490  0.496543
 8.42  8.176458  4.336936  0.611510  0.495187
 8.43  8.176458  4.336936  0.611530  0.493833
 8.44  8.176475  4.336928  0.611560  0.492481
 8.45  8.176475  4.336928  0.611580  0.491132
 8.46  8.176491  4.336928  0.611600  0.489785
 8.47  8.176508  4.336928  0.611620  0.488440
 8.48  8.176508  4.336928  0.611640  0.487098
 8.49  8.176524  4.336928  0.611660  0.485758
 8.50  8.176524  4.336928  0.611680  0.484420
 8.51  8.176541  4.336928  0.611700  0.483085
 8.52  8.176541  4.336928  0.611730  0.481752
 8.53  8.176557  4.336928  0.611750  0.480421
 8.54  8.176574  4.336928  0.611770  0.479092
 8.55  8.176574  4.336928  0.611790  0.477766
 8.56  8.176590  4.336928  0.611810  0.476442
 8.57  8.176590  4.336928  0.611830  0.475120
 8.58  8.176607  4.336928  0.611850  0.473801
 8.59  8.176607  4.336928  0.611870  0.472483
 8.60  8.176623  4.336928  0.611890  0.471168
 8.61  8.176640  4.336928  0.611910  0.469855
 8.62  8.176640  4.336928  0.611930  0.468545
 8.63  8.176699  4.336971  0.611950  0.467236
 8.64  8.176699  4.336971  0.611980  0.465930
 8.65  8.176716  4.336971  0.612000  0.464626
 8.66  8.176716  4.336971  0.612020  0.463324
 8.67  8.176732  4.336971  0.612040  0.462025
 8.68  8.176749  4.336971  0.612060  0.460727
 8.69  8.176749  4.336971  0.612080  0.459432
 8.70  8.176765  4.336971  0.612100  0.458139
 8.71  8.176765  4.336971  0.612120  0.456848
 8.72  8.176782  4.336971  0.612140  0.455559
 8.73  8.176782  4.336971  0.612160  0.454273
 8.74  8.176798  4.336971  0.612180  0.452988
 8.75  8.176798  4.336971  0.612200  0.451706
 8.76  8.176815  4.336971  0.612220  0.450426
 8.77  8.176831  4.336971  0.612240  0.449148
 8.78  8.176831  4.336971  0.612260  0.447872
 8.79  8.176848  4.336971  0.612280  0.446598
 8.80  8.176848  4.336971  0.612300  0.445326
 8.81  8.176864  4.336971  0.612320  0.444057
 8.82  8.176864  4.336971  0.612340  0.442789
 8.83  8.176881  4.336971  0.612360  0.441524
 8.84  8.176897  4.336971  0.612380  0.440261
 8.85  8.176897  4.336971  0.612400  0.438999
 8.86  8.176914  4.336971  0.612420  0.437740
 8.87  8.176914  4.336971  0.612440  0.436483
 8.88  8.176930  4.336971  0.612460  0.435228
 8.89  8.176930  4.336971  0.612480  0.433975
 8.90  8.176947  4.336971  0.612500  0.432724
 8.91  8.176947  4.336971  0.612520  0.431475
 8.92  8.176963  4.336971  0.612540  0.430228
 8.93  8.176979  4.336971  0.612560  0.428983
 8.94  8.176979  4.336971  0.612570  0.427740
 8.95  8.176996  4.336971  0.612590  0.426499
 8.96  8.176996  4.336971  0.612610  0.425261
 8.97  8.177012  4.336971  0.612630  0.424024
 8.98  8.177012  4.336971  0.612650  0.422789
 8.99  8.177029  4.336971  0.612670  0.421556
 9.00  8.177045  4.336971  0.612690  0.420325
 9.01  8.177045  4.336971  0.612710  0.419096
 9.02  8.177062  4.336971  0.612730  0.417870
 9.03  8.177062  4.336971  0.612750  0.416645
 9.04  8.177078  4.336971  0.612770  0.415422
 9.05  8.177078  4.336971  0.612790  0.414201
 9.06  8.177095  4.336971  0.612810  0.412982
 9.07  8.177095  4.336971  0.612830  0.411765
 9.08  8.177111  4.336971  0.612840  0.410549
 9.09  8.177128  4.336971  0.612860  0.409336
 9.10  8.177128  4.336971  0.612880  0.408125
 9.11  8.177144  4.336971  0.612900  0.406916
 9.12  8.177144  4.336971  0.612920  0.405708
 9.13  8.177161  4.336971  0.612940  0.404503
 9.14  8.177161  4.336971  0.612960  0.403299
 9.15  8.177177  4.336979  0.612980  0.402097
 9.16  8.177177  4.336979  0.613000  0.400898
 9.17  8.177194  4.336979  0.613020  0.399700
 9.18  8.177194  4.336979  0.613030  0.398504
 9.19  8.177210  4.336979  0.613050  0.397309
 9.20  8.177227  4.336979  0.613070  0.396117
 9.21  8.177227  4.336979  0.613090  0.394927
 9.22  8.177243  4.336979  0.613110  0.393738
 9.23  8.177243  4.336979  0.613130  0.392552
 9.24  8.177260  4.336979  0.613150  0.391367
 9.25  8.177260  4.336979  0.613170  0.390184
 9.26  8.177276  4.336979  0.613180  0.389003
 9.27  8.177276  4.336979  0.613200  0.387824
 9.28  8.177292  4.336979  0.613220  0.386646
 9.29  8.177309  4.336979  0.613240  0.385471
 9.30  8.177309  4.336979  0.613260  0.384297
 9.31  8.177325  4.336979  0.613280  0.383125
 9.32  8.177325  4.336979  0.613290  0.381955
 9.33  8.177342  4.336979  0.613310  0.380786
 9.34  8.177342  4.336979  0.613330  0.379620
 9.35  8.177358  4.336979  0.613350  0.378455
 9.36  8.177358  4.336979  0.613370  0.377292
 9.37  8.177375  4.336979  0.613390  0.376131
 9.38  8.177375  4.336979  0.613410  0.374972
 9.39  8.177391  4.336979  0.613420  0.373814
 9.40  8.177391  4.336979  0.613440  0.372659
 9.41  8.177408  4.336979  0.613460  0.371505
 9.42  8.177424  4.336979  0.613480  0.370352
 9.43  8.177424  4.336979  0.613500  0.369202
 9.44  8.177441  4.336979  0.613510  0.368053
 9.45  8.177441  4.336979  0.613530  0.366906
 9.46  8.177457  4.336979  0.613550  0.365761
 9.47  8.177457  4.336979  0.613570  0.364618
 9.48  8.177474  4.336979  0.613590  0.363476
 9.49  8.177474  4.336979  0.613610  0.362336
 9.50  8.177490  4.336979  0.613620  0.361198
 9.51  8.177490  4.336979  0.613640  0.360061
 9.52  8.177507  4.336979  0.613660  0.358926
 9.53  8.177507  4.336979  0.613680  0.357793
 9.54  8.177523  4.336979  0.613700  0.356662
 9.55  8.177539  4.336979  0.613710  0.355532
 9.56  8.177539  4.336979  0.613730  0.354404
 9.57  8.177556  4.336979  0.613750  0.353278
 9.58  8.177556  4.336979  0.613770  0.352153
 9.59  8.177572  4.336979  0.613780  0.351030
 9.60  8.177572  4.336979  0.613800  0.349909
 9.61  8.177589  4.336979  0.613820  0.348789
 9.62  8.177589  4.336979  0.613840  0.347671
 9.63  8.177605  4.336979  0.613860  0.346555
 9.64  8.177605  4.336979  0.613870  0.345441
 9.65  8.177622  4.336986  0.613890  0.344328
 9.66  8.177622  4.336986  0.613910  0.343217
 9.67  8.177638  4.336986  0.613930  0.342107
 9.68  8.177638  4.336986  0.613940  0.340999
 9.69  8.177655  4.336986  0.613960  0.339893
 9.70  8.177655  4.336986  0.613980  0.338788
 9.71  8.177671  4.336986  0.614000  0.337685
 9.72  8.177688  4.336986  0.614010  0.336584
 9.73  8.177688  4.336986  0.614030  0.335484
 9.74  8.177704  4.336986  0.614050  0.334386
 9.75  8.177704  4.336986  0.614070  0.333289
 9.76  8.177720  4.336986  0.614090  0.332194
 9.77  8.177720  4.336986  0.614100  0.331101
 9.78  8.177737  4.336986  0.614120  0.330009
 9.79  8.177737  4.336986  0.614140  0.328919
 9.80  8.177753  4.336986  0.614160  0.327831
 9.81  8.177796  4.337029  0.614170  0.326744
 9.82  8.177813  4.337029  0.614190  0.325659
 9.83  8.177813  4.337029  0.614210  0.324575
 9.84  8.177829  4.337029  0.614220  0.323493
 9.85  8.177829  4.337029  0.614240  0.322412
 9.86  8.177846  4.337029  0.614260  0.321333
 9.87  8.177846  4.337029  0.614280  0.320256
 9.88  8.177862  4.337029  0.614290  0.319180
 9.89  8.177862  4.337029  0.614310  0.318105
 9.90  8.177879  4.337029  0.614330  0.317033
 9.91  8.177879  4.337029  0.614350  0.315961
 9.92  8.177895  4.337029  0.614360  0.314892
 9.93  8.177895  4.337029  0.614380  0.313824
 9.94  8.177911  4.337029  0.614400  0.312757
 9.95  8.177928  4.337029  0.614410  0.311692
 9.96  8.177928  4.337029  0.614430  0.310628
 9.97  8.177944  4.337029  0.614450  0.309566
 9.98  8.177944  4.337029  0.614470  0.308506
 9.99  8.177961  4.337029  0.614480  0.307447
10.00  8.177961  4.337029  0.614500  0.306389
10.01  8.177977  4.337029  0.614520  0.305334
10.02  8.177977  4.337029  0.614530  0.304279
10.03  8.177994  4.337029  0.614550  0.303226
10.04  8.177994  4.337029  0.614570  0.302175
10.05  8.178010  4.337029  0.614590  0.301125
10.06  8.178010  4.337029  0.614600  0.300076
10.07  8.178027  4.337029  0.614620  0.299029
10.08  8.178027  4.337029  0.614640  0.297984
10.09  8.178043  4.337029  0.614650  0.296940
10.10  8.178043  4.337029  0.614670  0.295897
10.11  8.178059  4.337029  0.614690  0.294856
10.12  8.178059  4.337029  0.614700  0.293817
10.13  8.178076  4.337029  0.614720  0.292779
10.14  8.178076  4.337029  0.614740  0.291742
10.15  8.178092  4.337029  0.614760  0.290707
10.16  8.178092  4.337029  0.614770  0.289673
10.17  8.178109  4.337029  0.614790  0.288641
10.18  8.178109  4.337029  0.614810  0.287610
10.19  8.178125  4.337029  0.614820  0.286581
10.20  8.178125  4.337029  0.614840  0.285553
10.21  8.178142  4.337029  0.614860  0.284526
10.22  8.178142  4.337029  0.614870  0.283501
10.23  8.178158  4.337029  0.614890  0.282478
10.24  8.178158  4.337029  0.614910  0.281455
10.25  8.178175  4.337029  0.614920  0.280435
10.26  8.178175  4.337029  0.614940  0.279415
10.27  8.178191  4.337029  0.614960  0.278397
10.28  8.178191  4.337029  0.614970  0.277381
10.29  8.178207  4.337029  0.614990  0.276366
10.30  8.178207  4.337029  0.615010  0.275352
10.31  8.178224  4.337029  0.615020  0.274339
10.32  8.178224  4.337029  0.615040  0.273328
10.33  8.178240  4.337029  0.615060  0.272319
10.34  8.178240  4.337029  0.615070  0.271311
10.35  8.178257  4.337029  0.615090  0.270304
10.36  8.178257  4.337029  0.615110  0.269299
10.37  8.178273  4.337029  0.615120  0.268295
10.38  8.178273  4.337029  0.615140  0.267292
10.39  8.178290  4.337029  0.615160  0.266291
10.40  8.178290  4.337029  0.615170  0.265291
10.41  8.178306  4.337029  0.615190  0.264292
10.42  8.178306  4.337029  0.615210  0.263295
10.43  8.178322  4.337029  0.615220  0.262299
10.44  8.178322  4.337029  0.615240  0.261305
10.45  8.178339  4.337029  0.615260  0.260312
10.46  8.178339  4.337029  0.615270  0.259320
10.47  8.178355  4.337029  0.615290  0.258330
10.48  8.178355  4.337029  0.615310  0.257341
10.49  8.178372  4.337029  0.615320  0.256353
10.50  8.178372  4.337029  0.615340  0.255367
10.51  8.178388  4.337029  0.615350  0.254382
10.52  8.178388  4.337029  0.615370  0.253398
10.53  8.178405  4.337029  0.615390  0.252416
10.54  8.178405  4.337029  0.615400  0.251434
10.55  8.178421  4.337029  0.615420  0.250455
10.56  8.178421  4.337029  0.615440  0.249476
10.57  8.178437  4.337029  0.615450  0.248499
10.58  8.178437  4.337029  0.615470  0.247523
10.59  8.178454  4.337029  0.615490  0.246549
10.60  8.178454  4.337029  0.615500  0.245576
10.61  8.178470  4.337029  0.615520  0.244604
10.62  8.178470  4.337029  0.615530  0.243633
10.63  8.178470  4.337029  0.615550  0.242664
10.64  8.178487  4.337029  0.615570  0.241696
10.65  8.178487  4.337029  0.615580  0.240729
10.66  8.178503  4.337029  0.615600  0.239764
10.67  8.178503  4.337029  0.615620  0.238800
10.68  8.178520  4.337029  0.615630  0.237837
10.69  8.178520  4.337029  0.615650  0.236875
10.70  8.178536  4.337029  0.615660  0.235915
10.71  8.178536  4.337029  0.615680  0.234956
10.72  8.178552  4.337029  0.615700  0.233998
10.73  8.178552  4.337029  0.615710  0.233042
10.74  8.178569  4.337029  0.615730  0.232087
10.75  8.178569  4.337029  0.615750  0.231133
10.76  8.178585  4.337029  0.615760  0.230180
10.77  8.178585  4.337029  0.615780  0.229228
10.78  8.178602  4.337029  0.615790  0.228278
10.79  8.178602  4.337029  0.615810  0.227329
10.80  8.178618  4.337029  0.615830  0.226382
10.81  8.178618  4.337029  0.615840  0.225435
10.82  8.178634  4.337029  0.615860  0.224490
10.83  8.178634  4.337029  0.615870  0.223546
10.84  8.178651  4.337029  0.615890  0.222603
10.85  8.178651  4.337029  0.615910  0.221661
10.86  8.178667  4.337029  0.615920  0.220721
10.87  8.178667  4.337029  0.615940  0.219782
10.88  8.178684  4.337029  0.615950  0.218844
10.89  8.178684  4.337029  0.615970  0.217908
10.90  8.178684  4.337029  0.615990  0.216972
10.91  8.178700  4.337029  0.616000  0.216038
10.92  8.178700  4.337029  0.616020  0.215105
10.93  8.178717  4.337029  0.616040  0.214173
10.94  8.178717  4.337029  0.616050  0.213242
10.95  8.178733  4.337029  0.616070  0.212313
10.96  8.178733  4.337029  0.616080  0.211385
10.97  8.178749  4.337029  0.616100  0.210458
10.98  8.178749  4.337029  0.616110  0.209532
10.99  8.178766  4.337029  0.616130  0.208607
11.00  8.178766  4.337029  0.616150  0.207684
11.01  8.178782  4.337029  0.616160  0.206762
11.02  8.178782  4.337029  0.616180  0.205841
11.03  8.178799  4.337029  0.616190  0.204921
11.04  8.178799  4.337029  0.616210  0.204002
11.05  8.178815  4.337029  0.616230  0.203084
11.06  8.178815  4.337029  0.616240  0.202168
11.07  8.178831  4.337029  0.616260  0.201253
11.08  8.178831  4.337029  0.616270  0.200339
11.09  8.178831  4.337029  0.616290  0.199426
11.10  8.178848  4.337029  0.616310  0.198514
11.11  8.178848  4.337029  0.616320  0.197604
11.12  8.178864  4.337029  0.616340  0.196694
11.13  8.178864  4.337029  0.616350  0.195786
11.14  8.178881  4.337029  0.616370  0.194879
11.15  8.178881  4.337029  0.616380  0.193973
11.16  8.178897  4.337029  0.616400  0.193068
11.17  8.178897  4.337029  0.616420  0.192164
11.18  8.178914  4.337029  0.616430  0.191262
11.19  8.178914  4.337029  0.616450  0.190361
11.20  8.178930  4.337029  0.616460  0.189460
11.21  8.178930  4.337029  0.616480  0.188561
11.22  8.178946  4.337029  0.616500  0.187663
11.23  8.178946  4.337029  0.616510  0.186766
11.24  8.178963  4.337029  0.616530  0.185871
11.25  8.178963  4.337029  0.616540  0.184976
11.26  8.178963  4.337029  0.616560  0.184082
11.27  8.178979  4.337029  0.616570  0.183190
11.28  8.178979  4.337029  0.616590  0.182299
11.29  8.178996  4.337029  0.616610  0.181409
11.30  8.178996  4.337029  0.616620  0.180519
11.31  8.179012  4.337029  0.616640  0.179632
11.32  8.179012  4.337029  0.616650  0.178745
11.33  8.179028  4.337029  0.616670  0.177859
11.34  8.179028  4.337029  0.616680  0.176974
11.35  8.179045  4.337029  0.616700  0.176091
11.36  8.179045  4.337029  0.616720  0.175208
11.37  8.179061  4.337029  0.616730  0.174327
11.38  8.179061  4.337029  0.616750  0.173447
11.39  8.179061  4.337029  0.616760  0.172567
11.40  8.179078  4.337029  0.616780  0.171689
11.41  8.179078  4.337029  0.616790  0.170812
11.42  8.179094  4.337029  0.616810  0.169936
11.43  8.179094  4.337029  0.616820  0.169062
11.44  8.179110  4.337029  0.616840  0.168188
11.45  8.179110  4.337029  0.616860  0.167315
11.46  8.179127  4.337029  0.616870  0.166443
11.47  8.179127  4.337029  0.616890  0.165573
11.48  8.179143  4.337029  0.616900  0.164703
11.49  8.179186  4.337072  0.616920  0.163835
11.50  8.179203  4.337072  0.616930  0.162967
11.51  8.179203  4.337072  0.616950  0.162101
11.52  8.179219  4.337072  0.616960  0.161236
11.53  8.179219  4.337072  0.616980  0.160372
11.54  8.179219  4.337072  0.617000  0.159508
11.55  8.179235  4.337072  0.617010  0.158646
11.56  8.179235  4.337072  0.617030  0.157785
11.57  8.179252  4.337072  0.617040  0.156925
11.58  8.179252  4.337072  0.617060  0.156066
11.59  8.179268  4.337072  0.617070  0.155208
11.60  8.179268  4.337072  0.617090  0.154351
11.61  8.179285  4.337072  0.617100  0.153496
11.62  8.179285  4.337072  0.617120  0.152641
11.63  8.179301  4.337072  0.617130  0.151787
11.64  8.179301  4.337072  0.617150  0.150934
11.65  8.179301  4.337072  0.617160  0.150082
11.66  8.179317  4.337072  0.617180  0.149232
11.67  8.179317  4.337072  0.617200  0.148382
11.68  8.179334  4.337072  0.617210  0.147533
11.69  8.179334  4.337072  0.617230  0.146686
11.70  8.179350  4.337072  0.617240  0.145839
11.71  8.179350  4.337072  0.617260  0.144993
11.72  8.179367  4.337072  0.617270  0.144149
11.73  8.179367  4.337072  0.617290  0.143305
11.74  8.179383  4.337072  0.617300  0.142462
11.75  8.179383  4.337072  0.617320  0.141621
11.76  8.179399  4.337072  0.617330  0.140780
11.77  8.179399  4.337072  0.617350  0.139941
11.78  8.179399  4.337072  0.617360  0.139102
11.79  8.179416  4.337072  0.617380  0.138264
11.80  8.179416  4.337072  0.617390  0.137428
11.81  8.179432  4.337072  0.617410  0.136592
11.82  8.179432  4.337072  0.617430  0.135757
11.83  8.179449  4.337072  0.617440  0.134924
11.84  8.179449  4.337072  0.617460  0.134091
11.85  8.179465  4.337072  0.617470  0.133260
11.86  8.179465  4.337072  0.617490  0.132429
11.87  8.179481  4.337072  0.617500  0.131599
11.88  8.179481  4.337072  0.617520  0.130770
11.89  8.179481  4.337072  0.617530  0.129943
11.90  8.179498  4.337072  0.617550  0.129116
11.91  8.179498  4.337072  0.617560  0.128290
11.92  8.179514  4.337072  0.617580  0.127465
11.93  8.179514  4.337072  0.617590  0.126641
11.94  8.179530  4.337072  0.617610  0.125818
11.95  8.179530  4.337072  0.617620  0.124996
11.96  8.179547  4.337072  0.617640  0.124175
11.97  8.179547  4.337072  0.617650  0.123355
11.98  8.179563  4.337072  0.617670  0.122536
11.99  8.179563  4.337072  0.617680  0.121718
12.00  8.179563  4.337072  0.617700  0.120901
12.01  8.179580  4.337072  0.617710  0.120085
12.02  8.179580  4.337072  0.617730  0.119269
12.03  8.179596  4.337072  0.617740  0.118455
12.04  8.179596  4.337072  0.617760  0.117642
12.05  8.179612  4.337072  0.617770  0.116829
12.06  8.179612  4.337072  0.617790  0.116018
12.07  8.179629  4.337072  0.617800  0.115207
12.08  8.179629  4.337072  0.617820  0.114398
12.09  8.179645  4.337072  0.617830  0.113589
12.10  8.179645  4.337072  0.617850  0.112781
12.11  8.179645  4.337072  0.617860  0.111974
12.12  8.179662  4.337072  0.617880  0.111168
12.13  8.179662  4.337072  0.617890  0.110363
12.14  8.179678  4.337072  0.617910  0.109559
12.15  8.179678  4.337072  0.617920  0.108756
12.16  8.179694  4.337072  0.617940  0.107954
12.17  8.179694  4.337072  0.617950  0.107153
12.18  8.179711  4.337072  0.617970  0.106352
12.19  8.179711  4.337072  0.617980  0.105553
12.20  8.179711  4.337072  0.618000  0.104754
12.21  8.179727  4.337072  0.618010  0.103957
12.22  8.179727  4.337072  0.618030  0.103160
12.23  8.179743  4.337072  0.618040  0.102364
12.24  8.179743  4.337072  0.618060  0.101569
12.25  8.179760  4.337072  0.618070  0.100775
12.26  8.179760  4.337072  0.618090  0.099982
12.27  8.179776  4.337072  0.618100  0.099190
12.28  8.179776  4.337072  0.618120  0.098399
12.29  8.179776  4.337072  0.618130  0.097609
12.30  8.179793  4.337072  0.618150  0.096819
12.31  8.179793  4.337072  0.618160  0.096030
12.32  8.179809  4.337072  0.618180  0.095243
12.33  8.179809  4.337072  0.618190  0.094456
12.34  8.179825  4.337072  0.618210  0.093670
12.35  8.179825  4.337072  0.618220  0.092885
12.36  8.179842  4.337072  0.618240  0.092101
12.37  8.179842  4.337072  0.618250  0.091318
12.38  8.179858  4.337072  0.618270  0.090535
12.39  8.179858  4.337072  0.618280  0.089754
12.40  8.179858  4.337079  0.618300  0.088973
12.41  8.179874  4.337079  0.618310  0.088193
12.42  8.179874  4.337079  0.618330  0.087414
12.43  8.179891  4.337079  0.618340  0.086636
12.44  8.179891  4.337079  0.618360  0.085859
12.45  8.179907  4.337079  0.618370  0.085083
12.46  8.179907  4.337079  0.618380  0.084308
12.47  8.179924  4.337079  0.618400  0.083533
12.48  8.179924  4.337079  0.618410  0.082759
12.49  8.179924  4.337079  0.618430  0.081987
12.50  8.179940  4.337079  0.618440  0.081215
12.51  8.179940  4.337079  0.618460  0.080443
12.52  8.179956  4.337079  0.618470  0.079673
12.53  8.179956  4.337079  0.618490  0.078904
12.54  8.179973  4.337079  0.618500  0.078135
12.55  8.179973  4.337079  0.618520  0.077368
12.56  8.179989  4.337079  0.618530  0.076601
12.57  8.179989  4.337079  0.618550  0.075835
12.58  8.179989  4.337079  0.618560  0.075070
12.59  8.180005  4.337079  0.618580  0.074305
12.60  8.180005  4.337079  0.618590  0.073542
12.61  8.180022  4.337079  0.618610  0.072779
12.62  8.180022  4.337079  0.618620  0.072018
12.63  8.180038  4.337079  0.618630  0.071257
12.64  8.180038  4.337079  0.618650  0.070497
12.65  8.180038  4.337079  0.618660  0.069737
12.66  8.180054  4.337079  0.618680  0.068979
12.67  8.180054  4.337079  0.618690  0.068221
12.68  8.180071  4.337079  0.618710  0.067465
12.69  8.180071  4.337079  0.618720  0.066709
12.70  8.180087  4.337079  0.618740  0.065954
12.71  8.180087  4.337079  0.618750  0.065199
12.72  8.180104  4.337079  0.618770  0.064446
12.73  8.180104  4.337079  0.618780  0.063693
12.74  8.180104  4.337079  0.618790  0.062941
12.75  8.180120  4.337079  0.618810  0.062190
12.76  8.180120  4.337079  0.618820  0.061440
12.77  8.180136  4.337079  0.618840  0.060691
12.78  8.180136  4.337079  0.618850  0.059942
12.79  8.180153  4.337079  0.618870  0.059195
12.80  8.180153  4.337079  0.618880  0.058448
12.81  8.180153  4.337079  0.618900  0.057702
12.82  8.180169  4.337079  0.618910  0.056956
12.83  8.180169  4.337079  0.618920  0.056212
12.84  8.180185  4.337079  0.618940  0.055468
12.85  8.180185  4.337079  0.618950  0.054725
12.86  8.180202  4.337079  0.618970  0.053983
12.87  8.180202  4.337079  0.618980  0.053242
12.88  8.180218  4.337079  0.619000  0.052501
12.89  8.180218  4.337079  0.619010  0.051762
12.90  8.180218  4.337079  0.619030  0.051023
12.91  8.180234  4.337079  0.619040  0.050285
12.92  8.180234  4.337079  0.619050  0.049547
12.93  8.180251  4.337079  0.619070  0.048811
12.94  8.180251  4.337079  0.619080  0.048075
12.95  8.180267  4.337079  0.619100  0.047340
12.96  8.180267  4.337079  0.619110  0.046606
12.97  8.180267  4.337079  0.619130  0.045873
12.98  8.180284  4.337079  0.619140  0.045140
12.99  8.180284  4.337079  0.619150  0.044408
13.00  8.180300  4.337079  0.619170  0.043677
13.01  8.180300  4.337079  0.619180  0.042947
13.02  8.180316  4.337079  0.619200  0.042218
13.03  8.180316  4.337079  0.619210  0.041489
13.04  8.180333  4.337079  0.619230  0.040761
13.05  8.180333  4.337079  0.619240  0.040034
13.06  8.180333  4.337079  0.619250  0.039307
13.07  8.180349  4.337079  0.619270  0.038582
13.08  8.180349  4.337079  0.619280  0.037857
13.09  8.180365  4.337079  0.619300  0.037133
13.10  8.180365  4.337079  0.619310  0.036410
13.11  8.180382  4.337079  0.619330  0.035687
13.12  8.180382  4.337079  0.619340  0.034965
13.13  8.180382  4.337079  0.619350  0.034244
13.14  8.180398  4.337079  0.619370  0.033524
13.15  8.180398  4.337079  0.619380  0.032804
13.16  8.180414  4.337079  0.619400  0.032086
13.17  8.180414  4.337079  0.619410  0.031368
13.18  8.180431  4.337079  0.619430  0.030651
13.19  8.180431  4.337079  0.619440  0.029934
13.20  8.180431  4.337079  0.619450  0.029218
13.21  8.180447  4.337079  0.619470  0.028503
13.22  8.180447  4.337079  0.619480  0.027789
13.23  8.180463  4.337079  0.619500  0.027076
13.24  8.180463  4.337079  0.619510  0.026363
13.25  8.180480  4.337079  0.619520  0.025651
13.26  8.180480  4.337086  0.619540  0.024940
13.27  8.180480  4.337086  0.619550  0.024229
13.28  8.180496  4.337086  0.619570  0.023519
13.29  8.180496  4.337086  0.619580  0.022810
13.30  8.180512  4.337086  0.619600  0.022102
13.31  8.180512  4.337086  0.619610  0.021395
13.32  8.180529  4.337086  0.619620  0.020688
13.33  8.180529  4.337086  0.619640  0.019982
13.34  8.180529  4.337086  0.619650  0.019276
13.35  8.180545  4.337086  0.619670  0.018572
13.36  8.180545  4.337086  0.619680  0.017868
13.37  8.180562  4.337086  0.619690  0.017165
13.38  8.180562  4.337086  0.619710  0.016462
13.39  8.180578  4.337086  0.619720  0.015761
13.40  8.180578  4.337086  0.619740  0.015060
13.41  8.180578  4.337086  0.619750  0.014359
13.42  8.180594  4.337086  0.619760  0.013660
13.43  8.180594  4.337086  0.619780  0.012961
13.44  8.180611  4.337086  0.619790  0.012263
13.45  8.180611  4.337086  0.619810  0.011565
13.46  8.180627  4.337086  0.619820  0.010869
13.47  8.180627  4.337086  0.619830  0.010173
13.48  8.180627  4.337086  0.619850  0.009478
13.49  8.180643  4.337086  0.619860  0.008783
13.50  8.180643  4.337086  0.619880  0.008089
13.51  8.180660  4.337086  0.619890  0.007396
13.52  8.180660  4.337086  0.619900  0.006704
13.53  8.180676  4.337086  0.619920  0.006012
13.54  8.180676  4.337086  0.619930  0.005321
13.55  8.180676  4.337086  0.619940  0.004631
13.56  8.180692  4.337086  0.619960  0.003941
13.57  8.180692  4.337086  0.619970  0.003252
13.58  8.180709  4.337086  0.619990  0.002564
13.59  8.180709  4.337086  0.620000  0.001877
13.60  8.180709  4.337086  0.620010  0.001190
13.61  8.180725  4.337086  0.620030  0.000504
13.62  8.180725  4.337086  0.620040 -1.000000
13.63  8.180741  4.337086  0.620060 -1.000000
13.64  8.180741  4.337086  0.620070 -1.000000
13.65  8.180758  4.337086  0.620080 -1.000000
13.66  8.180758  4.337086  0.620100 -1.000000
13.67  8.180758  4.337086  0.620110 -1.000000
13.68  8.180774  4.337086  0.620120 -1.000000
13.69  8.180774  4.337086  0.620140 -1.000000
13.70  8.180790  4.337086  0.620150 -1.000000
13.71  8.180790  4.337086  0.620170 -1.000000
13.72  8.180807  4.337086  0.620180 -1.000000
13.73  8.180807  4.337086  0.620190 -1.000000
13.74  8.180807  4.337086  0.620210 -1.000000
13.75  8.180823  4.337086  0.620220 -1.000000
13.76  8.180823  4.337086  0.620230 -1.000000
13.77  8.180839  4.337086  0.620250 -1.000000
13.78  8.180839  4.337086  0.620260 -1.000000
13.79  8.180839  4.337086  0.620280 -1.000000
13.80  8.180856  4.337086  0.620290 -1.000000
13.81  8.180856  4.337093  0.620300 -1.000000
13.82  8.180872  4.337093  0.620320 -1.000000
13.83  8.180872  4.337093  0.620330 -1.000000
13.84  8.180888  4.337093  0.620340 -1.000000
13.85  8.180888  4.337093  0.620360 -1.000000
13.86  8.180888  4.337093  0.620370 -1.000000
13.87  8.180905  4.337093  0.620380 -1.000000
13.88  8.180905  4.337093  0.620400 -1.000000
13.89  8.180921  4.337093  0.620410 -1.000000
13.90  8.180921  4.337093  0.620430 -1.000000
13.91  8.180921  4.337093  0.620440 -1.000000
13.92  8.180937  4.337093  0.620450 -1.000000
13.93  8.180937  4.337093  0.620470 -1.000000
13.94  8.180954  4.337093  0.620480 -1.000000
13.95  8.180954  4.337093  0.620490 -1.000000
13.96  8.180970  4.337093  0.620510 -1.000000
13.97  8.180970  4.337093  0.620520 -1.000000
13.98  8.180970  4.337093  0.620530 -1.000000
13.99  8.180986  4.337093  0.620550 -1.000000
14.00  8.180986  4.337093  0.620560 -1.000000
14.01  8.181003  4.337093  0.620580 -1.000000
14.02  8.181003  4.337093  0.620590 -1.000000
14.03  8.181003  4.337093  0.620600 -1.000000
14.04  8.181019  4.337093  0.620620 -1.000000
14.05  8.181019  4.337093  0.620630 -1.000000
14.06  8.181035  4.337093  0.620640 -1.000000
14.07  8.181035  4.337093  0.620660 -1.000000
14.08  8.181052  4.337093  0.620670 -1.000000
14.09  8.181052  4.337093  0.620680 -1.000000
14.10  8.181052  4.337093  0.620700 -1.000000
14.11  8.181068  4.337093  0.620710 -1.000000
14.12  8.181068  4.337093  0.620720 -1.000000
14.13  8.181084  4.337093  0.620740 -1.000000
14.14  8.181084  4.337093  0.620750 -1.000000
14.15  8.181084  4.337093  0.620760 -1.000000
14.16  8.181101  4.337093  0.620780 -1.000000
14.17  8.181101  4.337093  0.620790 -1.000000
14.18  8.181117  4.337093  0.620800 -1.000000
14.19  8.181117  4.337093  0.620820 -1.000000
14.20  8.181117  4.337093  0.620830 -1.000000
14.21  8.181133  4.337093  0.620840 -1.000000
14.22  8.181133  4.337093  0.620860 -1.000000
14.23  8.181150  4.337093  0.620870 -1.000000
14.24  8.181150  4.337101  0.620880 -1.000000
14.25  8.181150  4.337101  0.620900 -1.000000
14.26  8.181166  4.337101  0.620910 -1.000000
14.27  8.181166  4.337101  0.620920 -1.000000
14.28  8.181182  4.337101  0.620940 -1.000000
14.29  8.181182  4.337101  0.620950 -1.000000
14.30  8.181199  4.337101  0.620960 -1.000000
14.31  8.181199  4.337101  0.620980 -1.000000
14.32  8.181199  4.337101  0.620990 -1.000000
14.33  8.181215  4.337101  0.621000 -1.000000
14.34  8.181215  4.337101  0.621020 -1.000000
14.35  8.181231  4.337101  0.621030 -1.000000
14.36  8.181231  4.337101  0.621040 -1.000000
14.37  8.181231  4.337101  0.621060 -1.000000
14.38  8.181248  4.337101  0.621070 -1.000000
14.39  8.181248  4.337101  0.621080 -1.000000
14.40  8.181264  4.337101  0.621100 -1.000000
14.41  8.181264  4.337101  0.621110 -1.000000
14.42  8.181264  4.337101  0.621120 -1.000000
14.43  8.181280  4.337101  0.621140 -1.000000
14.44  8.181280  4.337101  0.621150 -1.000000
14.45  8.181297  4.337101  0.621160 -1.000000
14.46  8.181297  4.337101  0.621180 -1.000000
14.47  8.181297  4.337101  0.621190 -1.000000
14.48  8.181313  4.337101  0.621200 -1.000000
14.49  8.181313  4.337101  0.621220 -1.000000
14.50  8.181329  4.337101  0.621230 -1.000000
14.51  8.181329  4.337101  0.621240 -1.000000
14.52  8.181329  4.337101  0.621260 -1.000000
14.53  8.181345  4.337101  0.621270 -1.000000
14.54  8.181345  4.337101  0.621280 -1.000000
14.55  8.181362  4.337101  0.621290 -1.000000
14.56  8.181362  4.337101  0.621310 -1.000000
14.57  8.181362  4.337101  0.621320 -1.000000
14.58  8.181378  4.337101  0.621330 -1.000000
14.59  8.181378  4.337101  0.621350 -1.000000
14.60  8.181394  4.337101  0.621360 -1.000000
14.61  8.181394  4.337108  0.621370 -1.000000
14.62  8.181394  4.337108  0.621390 -1.000000
14.63  8.181411  4.337108  0.621400 -1.000000
14.64  8.181411  4.337108  0.621410 -1.000000
14.65  8.181411  4.337108  0.621430 -1.000000
14.66  8.181427  4.337108  0.621440 -1.000000
14.67  8.181427  4.337108  0.621450 -1.000000
14.68  8.181443  4.337108  0.621460 -1.000000
14.69  8.181443  4.337108  0.621480 -1.000000
14.70  8.181443  4.337108  0.621490 -1.000000
14.71  8.181460  4.337108  0.621500 -1.000000
14.72  8.181460  4.337108  0.621520 -1.000000
14.73  8.181476  4.337108  0.621530 -1.000000
14.74  8.181476  4.337108  0.621540 -1.000000
14.75  8.181476  4.337108  0.621560 -1.000000
14.76  8.181492  4.337108  0.621570 -1.000000
14.77  8.181492  4.337108  0.621580 -1.000000
14.78  8.181509  4.337108  0.621590 -1.000000
14.79  8.181509  4.337108  0.621610 -1.000000
14.80  8.181509  4.337108  0.621620 -1.000000
14.81  8.181525  4.337108  0.621630 -1.000000
14.82  8.181525  4.337108  0.621650 -1.000000
14.83  8.181525  4.337108  0.621660 -1.000000
14.84  8.181541  4.337108  0.621670 -1.000000
14.85  8.181541  4.337108  0.621680 -1.000000
14.86  8.181558  4.337108  0.621700 -1.000000
14.87  8.181558  4.337108  0.621710 -1.000000
14.88  8.181558  4.337108  0.621720 -1.000000
14.89  8.181574  4.337108  0.621740 -1.000000
14.90  8.181574  4.337108  0.621750 -1.000000
14.91  8.181590  4.337108  0.621760 -1.000000
14.92  8.181590  4.337108  0.621770 -1.000000
14.93  8.181590  4.337115  0.621790 -1.000000
14.94  8.181606  4.337115  0.621800 -1.000000
14.95  8.181606  4.337115  0.621810 -1.000000
14.96  8.181606  4.337115  0.621830 -1.000000
14.97  8.181623  4.337115  0.621840 -1.000000
14.98  8.181623  4.337115  0.621850 -1.000000
14.99  8.181639  4.337115  0.621860 -1.000000
15.00  8.181639  4.337115  0.621880 -1.000000
